random 0.001012 1522 39716 996741 1554621
random 0.002006 127 52977 1336309 2021488
random 0.003008 15 56304 1395694 1982707
random 0.004008 14 55695 1377490 1956752
random 0.005003 12 55911 1382469 1959987
random 0.006004 10 56182 1388300 1994784
random 0.007004 4 55830 1383352 1992453
random 0.008003 9 55368 1372372 1954022
random 0.009003 7 55602 1377746 1949038
random 0.010003 3 50204 1246184 1999937
random 0.011003 9 54517 1352897 1919612
random 0.012003 61 52749 1313619 1966539
random 0.013009 63 53750 1336824 1928961
random 0.014003 11 53648 1328926 1919459
random 0.015006 13 54763 1357741 1930724
random 0.016006 4 54087 1338501 1928010
random 0.017015 5 54352 1348895 1928947
random 0.018005 1 53009 1314619 1849965
random 0.019005 2 53569 1329418 1893616
random 0.021192 18 114419 2835578 4084069
random 0.022004 4 43884 1085183 1561546
random 0.023003 12 54572 1352302 1923380
random 0.024003 3 54544 1352366 1928651
random 0.025002 15 54549 1352362 1926724
random 0.026002 4 54631 1355060 1928913
random 0.027002 6 54548 1354338 1928391
random 0.028003 2 54572 1354718 1931643
random 0.029003 5 53693 1334344 1900092
random 0.030002 3 53768 1332474 1897678
random 0.031002 3 53819 1332984 1901031
random 0.032004 4 53949 1335376 1907522
random 0.033009 2 54467 1348505 1922395
random 0.034003 2 53519 1327720 1890490
random 0.035002 2 54716 1354687 1927334
random 0.036002 4 54441 1352656 1922415
random 0.037003 0 55150 1371949 1920859
random 0.038002 2 54306 1347331 1933742
random 0.039002 2 54531 1354798 1926065
random 0.040002 4 54550 1351225 1927312
random 0.041002 2 54690 1354590 1919597
random 0.042002 1 54613 1354495 1919172
random 0.043002 3 54708 1354993 1920741
random 0.044002 9 54359 1343694 1929709
random 0.045003 3 54208 1344318 1920469
random 0.046002 2 52316 1297209 1847067
random 0.047002 1 52473 1308938 1839171
random 0.048002 10 51607 1278785 1824304
random 0.049002 6 53027 1315158 1863714
random 0.050002 3 53120 1315847 1865977
random 0.051002 2 53020 1314515 1863622
random 0.052002 4 52977 1311243 1862219
random 0.053002 2 52549 1300976 1840748
random 0.054002 1 52369 1299443 1839236
random 0.055002 2 52717 1313637 1835048
random 0.056002 2 52298 1295412 1837088
random 0.057002 2 52514 1301285 1840141
random 0.058002 3 52388 1299523 1839247
random 0.059002 1 52440 1300939 1838419
random 0.060002 3 52431 1299113 1842562
random 0.061002 1 53106 1317128 1872397
random 0.062002 3 52909 1314792 1872234
random 0.063002 1 53312 1329251 1868388
random 0.064002 2 52989 1311640 1867243
random 0.065002 2 53178 1316169 1865271
random 0.066002 2 53014 1315603 1864345
random 0.067002 3 52961 1316046 1866429
random 0.068002 2 52865 1311383 1865695
random 0.069002 52 52449 1302917 1888539
random 0.070002 2 53140 1315368 1872811
random 0.071002 0 53352 1329727 1866215
random 0.072002 8 53051 1315065 1870658
random 0.073002 2 53016 1314934 1871819
random 0.074002 2 53110 1316423 1872351
random 0.075002 2 53111 1316295 1873046
random 0.076002 3 52792 1310399 1865508
random 0.077002 2 52259 1296029 1846003
random 0.078002 1 52218 1295665 1844753
random 0.079002 1 52625 1309178 1840433
random 0.080002 3 52373 1298725 1848116
random 0.081002 2 53205 1319381 1867767
random 0.082002 3 53263 1319395 1868713
random 0.083002 3 53234 1319783 1868576
random 0.084002 3 53271 1317688 1868597
random 0.085002 1 53239 1319944 1869129
random 0.086002 2 53248 1318587 1869234
random 0.087002 3 53459 1333714 1864081
random 0.088002 4 53071 1317514 1867747
random 0.089003 4 53312 1319513 1874419
random 0.090002 4 53194 1318046 1872413
random 0.091002 2 53284 1318826 1874112
random 0.092002 2 53267 1318214 1872040
random 0.093002 1 53252 1319379 1869169
random 0.094002 2 53161 1318736 1869100
random 0.095002 1 53303 1328381 1857859
random 0.096002 2 51584 1278041 1813429
random 0.097002 5 51400 1275419 1818391
random 0.098002 2 51293 1272724 1810046
random 0.099002 2 51502 1275047 1811661
random 0.100002 2 51291 1272199 1807891
random 0.101002 1 51283 1270004 1808387
random 0.102002 1 51344 1283283 1801803
random 0.103002 2 51372 1270120 1807613
random 0.104002 4 50952 1261236 1831030
random 0.105002 3 51322 1273323 1812070
random 0.106002 2 51359 1273640 1811024
random 0.107002 2 51306 1270818 1818571
random 0.108002 1 51441 1273371 1810888
random 0.109002 1 51272 1274945 1778881
random 0.110002 2 50836 1261414 1785053
random 0.111002 2 50739 1261543 1784909
random 0.112002 1 50899 1259918 1786250
random 0.113002 4 50699 1256396 1791281
random 0.114002 3 50635 1255739 1791955
random 0.115002 0 51107 1271394 1785971
random 0.116002 2 50646 1254628 1788591
random 0.117003 2 50890 1257971 1792117
random 0.118002 2 50732 1255083 1791295
random 0.119002 3 50745 1255978 1790335
random 0.120002 2 50741 1256406 1789825
random 0.121002 0 51052 1275053 1780578
random 0.122002 2 50821 1259701 1784972
random 0.123002 2 50815 1260315 1787036
random 0.124002 2 51029 1263230 1791646
random 0.125002 2 51438 1276628 1816590
random 0.126002 2 51563 1277200 1817241
random 0.127002 1 51527 1277218 1816634
random 0.128002 2 51759 1287889 1806894
random 0.129002 2 51713 1279505 1814314
random 0.130002 2 51686 1279653 1813808
random 0.131002 6 51620 1278790 1815775
random 0.132002 2 51545 1275109 1815634
random 0.133002 1 51758 1281357 1814209
random 0.134002 2 51625 1279845 1813541
random 0.135002 1 51953 1293978 1808541
random 0.136002 2 51491 1279500 1814460
random 0.137002 2 51630 1278815 1818850
random 0.138002 2 51612 1278418 1818968
random 0.139002 2 51557 1279642 1818162
random 0.140002 2 51563 1277015 1815600
random 0.141002 2 51528 1274085 1808274
random 0.142002 4 51562 1285904 1804909
random 0.143002 2 51374 1274771 1809180
random 0.144002 2 51460 1273162 1810903
random 0.145003 2 51575 1276422 1818290
random 0.146002 1 51427 1278720 1820768
random 0.147002 6 51441 1277141 1819909
random 0.148002 0 51739 1285777 1809924
random 0.149002 2 50915 1260968 1785145
random 0.150002 4 50883 1259025 1786711
random 0.151002 1 51010 1262732 1785975
random 0.152002 3 50805 1259941 1782675
random 0.153002 2 50836 1261473 1784322
random 0.154002 2 50878 1261481 1784958
random 0.155002 0 51172 1274791 1778416
random 0.156002 2 50913 1262465 1788854
random 0.157003 2 51504 1275897 1812826
random 0.158002 2 51328 1271511 1806274
random 0.159002 2 49794 1234913 1756187
random 0.160002 1 49784 1234481 1751786
random 0.161003 1 50064 1248356 1753337
random 0.162002 2 49812 1232948 1756566
random 0.163002 2 49857 1234591 1756633
random 0.164002 2 49804 1233491 1757628
random 0.165002 1 49949 1238994 1763836
random 0.166002 2 49860 1237821 1764273
random 0.167002 1 50294 1249735 1754615
random 0.168002 2 49676 1234501 1757151
random 0.169002 2 49376 1224732 1755623
random 0.170002 3 50053 1238871 1760289
random 0.171002 4 49877 1237273 1761170
random 0.172002 3 50135 1251719 1753845
random 0.173002 2 50030 1237368 1759565
random 0.174002 2 50053 1238859 1759253
random 0.175002 2 50123 1239391 1760211
random 0.176002 10 49952 1236541 1756820
random 0.177002 3 49757 1235456 1751485
random 0.178002 0 50189 1249226 1745507
random 0.179002 2 49927 1234913 1751429
random 0.180002 3 49638 1230582 1745622
random 0.181002 2 49478 1223486 1731774
random 0.182002 1 49189 1221583 1729623
random 0.183002 4 49306 1221783 1732719
random 0.184002 0 49548 1235975 1727237
random 0.185002 3 49693 1230754 1747764
random 0.186002 2 49779 1232234 1749121
random 0.187002 2 49654 1232904 1749349
random 0.188002 3 49728 1230510 1747477
random 0.189003 8 49900 1243291 1742285
random 0.190002 2 49440 1227666 1740832
random 0.191002 2 49533 1228976 1743303
random 0.192002 1 49657 1226560 1745993
random 0.193002 4 49792 1236158 1760222
random 0.194002 1 49883 1236680 1756772
random 0.195002 2 50223 1250987 1753064
random 0.196003 33 48538 1200697 1714084
random 0.197002 5 49836 1236487 1759991
random 0.198002 2 49948 1236689 1760148
random 0.199002 2 49875 1236813 1763749
random 0.200002 1 49737 1232732 1758100
random 0.201002 1 50097 1245936 1749561
random 0.202003 2 49799 1233064 1756359
random 0.203002 3 49684 1232700 1756949
random 0.204003 7 49386 1223639 1746572
random 0.205002 10 49202 1218273 1736880
random 0.206003 0 49428 1232968 1731368
random 0.207003 3 49708 1231242 1760191
random 0.208002 4 49750 1233606 1755307
random 0.209004 3 50045 1236905 1760983
random 0.210009 5 49890 1234797 1760471
random 0.211007 7 49531 1228102 1749005
random 0.212004 24 46171 1147198 1620983
random 0.213003 4 49670 1231779 1755631
random 0.214002 1 49834 1232970 1754574
random 0.215005 10 50266 1242960 1770349
random 0.216005 12 48051 1186670 1717993
random 0.217005 19 49151 1226438 1742078
random 0.218002 3 48660 1208387 1724280
random 0.219002 2 49087 1217404 1736556
random 0.220004 2 49086 1216855 1737009
random 0.221002 14 49403 1225561 1762347
random 0.222002 7 50000 1237983 1757444
random 0.223002 0 49072 1221065 1709997
random 0.224003 4 48398 1197040 1701846
random 0.225004 2 48308 1198667 1709741
random 0.226007 10 48621 1204112 1711143
random 0.227003 8 47531 1175849 1699702
random 0.228003 3 48143 1199309 1693041
random 0.229003 2 47581 1179013 1681544
random 0.230002 6 47393 1176836 1680553
random 0.231002 4 47540 1179669 1683162
random 0.232005 2 47855 1189324 1693644
random 0.233007 15 48199 1193495 1700002
random 0.234003 2 47037 1166976 1663879
random 0.235003 2 47443 1177283 1681451
random 0.236003 9 47779 1178457 1682602
random 0.237002 1 48494 1209410 1693091
random 0.238002 12 47991 1185062 1699248
random 0.239002 2 48252 1196089 1700357
random 0.240003 2 48164 1193354 1696831
random 0.241002 3 48439 1197753 1707573
random 0.242002 2 48723 1211022 1700104
random 0.243002 4 48356 1199615 1704461
random 0.244002 2 48330 1196646 1702705
random 0.245003 2 48465 1197869 1707953
random 0.246003 2 48128 1194510 1700997
random 0.247002 0 48422 1205540 1692023
random 0.248002 7 47790 1183611 1708697
random 0.249002 21 48135 1192314 1707175
random 0.250002 2 48300 1197847 1701440
random 0.251002 3 48465 1199069 1704096
random 0.252003 0 48517 1208897 1696385
random 0.253002 2 48313 1196597 1699346
random 0.254002 2 48255 1199083 1701504
random 0.255002 3 48173 1197751 1699373
random 0.256002 23 47531 1178701 1676624
random 0.257002 8 48689 1213748 1697326
random 0.258002 2 48344 1200584 1703008
random 0.259002 4 48381 1200305 1703466
random 0.260002 2 48375 1197453 1701686
random 0.261002 2 48388 1198173 1706121
random 0.262002 3 48014 1195256 1683774
random 0.263002 2 47632 1178279 1681205
random 0.264002 3 47782 1178938 1685227
random 0.265003 6 48452 1200660 1704971
random 0.266002 5 48385 1200626 1702366
random 0.267002 0 48773 1215636 1698622
random 0.268002 2 48199 1197869 1701602
random 0.269002 54 47681 1180593 1725116
random 0.270002 32 47988 1190015 1711773
random 0.271002 2 48351 1198273 1702315
random 0.272002 0 48606 1211131 1697271
random 0.273003 3 48554 1202323 1704400
random 0.274002 2 48413 1199948 1701169
random 0.275002 3 48591 1201638 1703729
random 0.276002 5 48514 1198554 1706352
random 0.277002 0 48680 1212331 1701276
random 0.278003 2 48306 1198504 1709532
random 0.279002 2 48259 1196830 1704197
random 0.280002 2 48232 1195285 1701891
random 0.281002 1 48128 1191254 1691028
random 0.282002 16 48303 1203321 1687957
random 0.283002 2 48086 1192715 1691478
random 0.284002 3 48059 1191561 1692428
random 0.285003 2 48149 1193664 1700333
random 0.286002 1 48270 1193830 1700116
random 0.287002 4 48614 1210711 1695902
random 0.288002 2 48262 1196912 1700112
random 0.289003 2 48480 1199067 1704549
random 0.290002 1 48419 1199286 1703789
random 0.291002 2 48435 1199375 1704298
random 0.292002 1 48474 1209575 1693183
random 0.293002 4 47796 1183647 1677065
random 0.294002 4 47730 1181900 1677783
random 0.295002 2 47783 1183902 1676798
random 0.296002 1 47680 1182519 1676636
random 0.297002 2 48094 1197453 1671507
random 0.298002 2 47716 1182725 1675985
random 0.299002 2 47642 1182329 1675644
random 0.300002 2 47718 1182735 1675264
random 0.301003 1 47674 1184574 1676313
random 0.302002 1 48030 1196608 1669683
random 0.303002 2 47658 1184012 1675814
random 0.304002 3 47661 1181526 1675703
random 0.305002 1 47672 1179604 1680010
random 0.306002 2 46466 1160159 1629637
random 0.307002 8 46237 1147629 1646106
random 0.308002 3 46398 1149055 1639775
random 0.309002 8 46421 1150632 1655546
random 0.310002 3 46647 1156880 1643297
random 0.311002 1 46982 1171539 1638871
random 0.312002 2 46661 1157520 1643549
random 0.313002 1 46554 1154623 1646327
random 0.314002 4 46628 1154962 1647145
random 0.315002 0 47038 1169660 1641644
random 0.316002 2 46561 1153969 1645910
random 0.317003 2 46702 1155877 1644708
random 0.318002 2 46573 1156092 1642441
random 0.319002 0 46954 1169382 1634457
random 0.320002 2 46546 1152606 1639532
random 0.321002 3 46040 1140304 1628275
random 0.322002 2 46113 1140580 1626902
random 0.323002 1 46273 1145472 1622468
random 0.324003 1 46357 1157812 1616858
random 0.325002 2 46197 1145384 1620489
random 0.326002 2 46218 1144662 1620137
random 0.327002 1 46320 1145661 1621004
random 0.328002 1 46547 1158615 1618454
random 0.329002 3 46818 1160694 1648297
random 0.330002 3 46815 1158968 1646475
random 0.331002 3 46698 1159417 1646148
random 0.332002 0 47054 1172786 1641179
random 0.333002 3 46783 1156253 1647329
random 0.334002 2 46708 1155205 1645349
random 0.335002 3 46599 1155027 1647443
random 0.336002 2 46446 1153958 1645106
random 0.337002 0 46900 1166099 1637181
random 0.338002 2 46406 1151345 1641354
random 0.339002 2 46529 1152237 1642913
random 0.340002 1 46414 1151279 1641124
random 0.341002 1 46797 1164808 1636869
random 0.342002 3 46357 1151456 1641245
random 0.343002 1 46571 1151730 1641891
random 0.344002 3 46404 1150149 1641329
random 0.345003 1 46718 1157262 1640866
random 0.346002 1 46891 1169796 1635345
random 0.347002 2 46818 1156923 1641715
random 0.348002 3 46638 1153287 1639641
random 0.349003 4 46681 1156173 1641400
random 0.350002 0 46890 1170086 1635186
random 0.351002 2 46679 1156590 1641809
random 0.352002 5 46411 1150221 1639931
random 0.353002 2 46007 1140573 1625548
random 0.354002 1 46356 1154536 1621901
random 0.355002 4 46057 1141152 1627772
random 0.356002 2 46033 1140169 1627365
random 0.357002 3 46025 1140321 1627907
random 0.358002 1 46266 1144170 1627009
random 0.359002 5 46182 1152678 1621717
random 0.360003 4 45999 1140459 1625801
random 0.361002 2 46272 1145076 1622761
random 0.362002 2 46144 1144815 1621465
random 0.363002 0 46497 1158842 1617127
random 0.364002 2 46299 1145335 1625438
random 0.365002 12 46767 1153887 1655265
random 0.366002 2 46699 1158029 1649475
random 0.367002 0 46999 1170175 1641705
random 0.368002 7 46656 1150345 1652176
random 0.369002 38 46267 1145689 1666483
random 0.370002 14 46627 1157608 1651544
random 0.371002 1 46899 1162479 1649581
random 0.372002 2 47047 1171858 1641636
random 0.373003 2 46848 1160699 1650546
random 0.374002 2 46743 1159032 1649057
random 0.375002 1 46810 1160704 1649257
random 0.376002 1 46873 1169314 1639389
random 0.377002 3 46001 1141033 1626313
random 0.378002 2 45985 1141146 1627006
random 0.379002 5 46156 1140994 1627211
random 0.380002 15 46312 1152229 1622855
random 0.381002 7 46062 1141081 1627709
random 0.382002 2 46010 1140659 1626554
random 0.383002 1 46086 1141026 1627608
random 0.384002 1 46474 1155799 1624791
random 0.385002 2 46731 1155376 1647715
random 0.386002 2 46607 1155445 1646571
random 0.387002 2 46666 1156693 1647609
random 0.388002 5 46045 1139586 1624097
random 0.389003 1 47065 1173647 1644299
random 0.390002 2 46706 1158892 1648574
random 0.391002 2 46746 1159781 1649197
random 0.392002 1 46746 1158172 1646701
random 0.393002 16 46959 1171578 1639491
random 0.394002 2 46625 1159900 1645853
random 0.395002 2 46731 1158430 1644613
random 0.396002 2 46632 1155780 1645027
random 0.397002 2 46585 1156479 1641903
random 0.398002 0 46978 1170318 1636598
random 0.399002 2 46705 1156382 1642783
random 0.400002 2 46569 1155846 1641461
random 0.401002 2 46851 1159241 1648286
random 0.402002 1 47152 1174054 1642982
random 0.403002 2 46738 1160491 1647537
random 0.404002 2 46701 1158922 1645958
random 0.405002 2 46618 1156706 1642198
random 0.406002 1 46696 1156328 1643007
random 0.407002 1 46991 1170307 1636560
random 0.408002 2 46627 1153991 1640426
random 0.409002 3 46615 1155425 1650847
random 0.410002 1 46936 1159818 1646731
random 0.411002 7 46966 1168067 1652493
random 0.412002 6 46496 1152696 1643386
random 0.413002 4 46165 1141744 1626340
random 0.414002 1 46131 1142309 1625648
random 0.415002 1 46398 1155447 1621104
random 0.416002 3 46144 1140591 1625237
random 0.417003 2 46246 1142029 1626339
random 0.418002 2 46058 1141788 1625010
random 0.419002 2 46088 1142012 1625160
random 0.420002 1 46307 1154307 1619541
random 0.421002 2 46143 1141777 1626242
random 0.422002 1 46058 1142805 1627144
random 0.423002 2 46119 1141546 1625033
random 0.424002 1 46506 1156650 1622357
random 0.425003 2 46656 1154980 1640011
random 0.426002 2 46626 1152601 1638349
random 0.427002 1 46583 1153842 1638207
random 0.428002 2 46809 1165391 1633888
random 0.429002 2 46750 1157673 1646018
random 0.430002 1 46512 1157376 1645143
random 0.431002 5 46720 1156809 1645031
random 0.432002 1 46529 1155229 1644950
random 0.433002 1 47015 1172082 1645712
random 0.434002 2 46796 1156904 1649845
random 0.435002 1 46772 1158293 1650063
random 0.436002 2 46657 1153430 1644892
random 0.437002 1 46330 1155359 1620228
random 0.438002 2 46125 1141547 1625915
random 0.439002 1 46023 1142232 1625633
random 0.440002 3 46021 1139865 1624928
random 0.441003 0 46383 1154827 1622797
random 0.442002 3 46104 1140630 1627209
random 0.443002 2 46041 1140858 1628141
random 0.444002 3 46103 1142433 1629930
random 0.445003 0 46931 1169444 1641661
random 0.446003 7 46712 1155400 1646850
random 0.447002 2 46683 1153818 1645074
random 0.448002 2 46530 1154241 1645460
random 0.449002 2 46585 1156262 1646808
random 0.450002 0 46808 1169287 1641375
random 0.451002 2 46674 1155587 1646898
random 0.452002 2 46678 1155120 1646455
random 0.453002 2 46600 1154973 1646138
random 0.454002 0 46910 1169094 1640929
random 0.455002 2 46530 1155484 1646604
random 0.456002 2 46526 1154813 1645700
random 0.457002 2 46882 1160686 1653347
random 0.458002 1 46910 1160488 1653054
random 0.459002 1 47149 1173807 1648514
random 0.460002 2 46932 1159593 1652768
random 0.461002 2 46895 1160675 1653189
random 0.462002 2 46757 1160617 1653326
random 0.463002 0 47032 1175332 1648754
random 0.464002 2 46810 1156049 1646944
random 0.465002 2 46200 1145371 1622422
random 0.466002 2 46079 1145451 1622306
random 0.467002 1 46171 1145980 1621732
random 0.468002 1 46442 1157008 1617653
random 0.469002 6 45812 1138424 1636450
random 0.470002 15 46545 1151648 1644628
random 0.471002 3 46550 1151774 1642226
random 0.472002 4 46746 1164316 1635417
random 0.473003 2 46632 1157563 1641695
random 0.474003 2 46740 1157797 1642016
random 0.475002 1 46334 1151887 1641127
random 0.476002 3 46773 1164476 1636048
random 0.477002 5 46651 1152656 1642644
random 0.478002 2 46551 1152395 1641339
random 0.479002 2 46616 1152730 1642627
random 0.480002 1 46404 1149934 1639005
random 0.481002 1 47130 1173281 1646823
random 0.482002 2 46736 1155952 1646616
random 0.483002 2 46762 1158547 1650365
random 0.484002 2 46668 1156716 1648895
random 0.485003 0 47040 1173447 1647507
random 0.486002 2 46779 1157282 1649036
random 0.487002 2 46739 1158082 1651483
random 0.488002 2 46663 1157680 1650014
random 0.489002 0 47090 1172215 1644609
random 0.490002 2 46651 1157977 1649255
random 0.491002 2 46808 1158396 1649459
random 0.492002 2 46888 1159236 1651781
random 0.493002 1 46838 1160626 1649697
random 0.494002 1 47096 1175065 1645604
random 0.495002 2 46871 1159834 1649205
random 0.496002 2 46789 1159720 1649698
random 0.497002 2 46690 1159365 1648644
random 0.498002 0 47048 1173413 1643985
random 0.499002 2 46748 1159669 1648815
random 0.500002 2 46705 1157637 1647610
random 0.501003 2 46873 1161559 1653724
random 0.502002 1 46916 1161211 1652690
random 0.503002 1 47142 1174875 1648338
random 0.504002 3 46728 1156684 1645834
random 0.505002 3 46126 1144643 1623311
random 0.506002 2 46222 1143880 1623351
random 0.507002 0 46417 1158443 1617542
random 0.508002 2 46283 1141279 1623126
random 0.509002 1 46079 1141241 1627935
random 0.510002 3 46057 1140202 1628440
random 0.511002 2 46867 1167007 1642215
random 0.512002 2 46725 1157752 1643123
random 0.513002 2 46896 1159571 1647588
random 0.514003 12 46509 1153757 1652185
random 0.515003 10 46519 1154251 1646870
random 0.516006 20 46535 1159283 1665361
random 0.517006 5 46431 1152194 1641417
random 0.518006 4 46687 1157226 1651029
random 0.519004 4 46454 1152827 1638034
random 0.520004 2 46892 1166375 1636778
random 0.521002 13 46322 1145432 1660788
random 0.522002 26 46560 1153500 1651380
random 0.523002 2 46854 1159962 1647116
random 0.524002 21 46407 1148006 1653611
random 0.525002 16 46941 1168237 1651547
random 0.526002 3 46814 1159190 1649613
random 0.527002 2 46765 1160415 1649235
random 0.528003 2 46688 1156524 1649535
random 0.529003 0 47086 1173712 1644353
random 0.530002 9 46831 1158577 1647496
random 0.531002 3 46875 1159099 1648616
random 0.532005 2 46903 1162584 1652612
random 0.533005 3 46821 1156527 1645426
random 0.534003 3 46890 1168318 1636628
random 0.535004 2 46803 1158443 1647277
random 0.536002 4 46415 1150827 1636793
random 0.537002 18 46577 1152309 1655198
random 0.538002 1 47118 1173386 1647017
random 0.539002 4 46694 1158152 1651016
random 0.540002 4 46567 1153857 1645805
random 0.541002 5 46255 1145320 1622254
random 0.542002 0 46481 1158704 1616675
random 0.543002 4 46266 1145301 1622640
random 0.544002 3 46173 1142906 1622873
random 0.545003 5 46214 1144410 1639191
random 0.546003 2 46428 1152390 1642403
random 0.547003 622 39316 1014470 1824996
random 0.548004 125 45221 1127745 1671526
random 0.549007 4 47084 1168168 1662753
random 0.550003 3 46222 1152856 1643458
random 0.551003 6 46875 1158491 1646488
random 0.552003 14 46671 1154031 1641941
random 0.553002 5 46913 1161562 1647889
random 0.554002 3 46840 1161221 1648595
random 0.555002 1 47213 1175837 1643275
random 0.556002 3 46843 1158441 1647633
random 0.557003 3 46930 1161560 1648363
random 0.558002 4 46862 1160685 1647876
random 0.559002 2 47148 1175675 1643932
random 0.560002 7 46563 1151567 1656934
random 0.561002 3 46779 1159106 1647620
random 0.562003 30 46284 1146368 1664080
random 0.563002 5 46812 1160103 1646009
random 0.564002 4 46936 1168786 1638764
random 0.565002 4 46040 1141013 1628769
random 0.566002 13 46089 1140241 1628584
random 0.567002 4 45999 1139734 1627929
random 0.568002 1 46315 1154129 1624253
random 0.569002 3 46455 1151435 1657271
random 0.570002 4 45819 1139208 1632000
random 0.571002 4 46083 1140835 1626404
random 0.572002 2 46404 1155353 1625445
random 0.573003 3 46842 1159350 1652961
random 0.574002 3 46740 1158376 1650709
random 0.575002 3 46772 1159148 1652220
random 0.576002 2 46718 1155964 1652055
random 0.577002 2 46998 1172880 1648586
random 0.578002 3 46599 1156995 1654090
random 0.579003 3 46737 1159385 1653537
random 0.580002 3 46610 1152784 1645347
random 0.581002 2 46492 1154384 1612742
random 0.582002 3 44638 1104711 1569417
random 0.583002 3 44647 1105452 1569305
random 0.584002 2 44671 1105932 1572594
random 0.585003 2 45567 1133497 1588908
random 0.586002 3 45100 1118399 1591844
random 0.587002 17 45123 1119608 1592307
random 0.588002 3 45046 1116979 1592174
random 0.589002 1 45537 1133395 1591882
random 0.590002 3 45155 1118432 1596815
random 0.591002 3 45175 1119228 1597436
random 0.592002 2 45096 1115784 1596827
random 0.593002 2 45477 1134701 1588194
random 0.594002 3 45287 1119818 1591356
random 0.595002 3 45093 1119052 1589967
random 0.596002 4 45124 1118476 1590307
random 0.597002 3 45250 1127619 1584835
random 0.598002 3 44941 1113595 1589877
random 0.599002 3 44961 1114124 1590262
random 0.600002 3 44784 1111043 1585638
random 0.601003 2 45207 1125994 1582224
random 0.602002 3 44897 1112107 1586252
random 0.603002 3 44926 1113077 1587295
random 0.604002 3 44840 1108479 1582187
random 0.605003 2 45293 1125058 1579859
random 0.606002 3 44862 1111873 1587291
random 0.607002 5 44927 1112392 1587433
random 0.608003 6 45040 1112449 1588910
random 0.609002 1 45247 1126780 1583893
random 0.610002 3 44988 1114444 1590079
random 0.611002 3 45125 1114631 1590158
random 0.612002 3 44953 1112954 1588337
random 0.613003 2 45145 1123450 1580375
random 0.614002 3 44495 1098139 1582238
random 0.615002 3 44468 1101389 1573277
random 0.616002 1 44633 1111273 1573479
random 0.617002 4 44407 1101722 1573053
random 0.618002 3 44530 1100749 1574875
random 0.619002 2 44539 1101920 1574774
random 0.620002 2 44782 1116522 1569686
random 0.621002 3 45006 1115053 1590599
random 0.622002 2 44830 1113247 1588840
random 0.623002 2 44968 1114919 1589250
random 0.624002 2 45322 1128121 1584877
random 0.625003 3 45109 1118804 1595270
random 0.626002 3 45058 1117399 1593202
random 0.627002 2 45247 1118717 1594878
random 0.628002 3 45332 1130303 1588035
random 0.629003 3 45040 1118207 1590981
random 0.630002 3 45100 1117002 1590598
random 0.631002 3 45140 1117339 1590582
random 0.632002 1 45428 1128525 1580522
random 0.633002 3 44713 1106083 1568450
random 0.634002 3 44733 1106174 1567799
random 0.635002 3 44678 1106247 1568678
random 0.636003 1 44968 1117938 1562267
random 0.637002 5 44759 1106752 1569159
random 0.638002 27 44629 1104746 1566643
random 0.639002 3 44789 1105847 1568743
random 0.640002 2 44906 1118301 1561353
random 0.641003 3 44655 1107126 1569715
random 0.642002 3 44546 1105062 1567803
random 0.643002 2 44621 1105980 1567836
random 0.644002 2 45042 1120252 1565185
random 0.645003 3 44883 1110537 1578380
random 0.646002 3 44621 1104877 1568574
random 0.647002 2 44524 1105854 1568632
random 0.648002 2 44919 1118107 1562281
random 0.649003 3 44646 1106833 1569582
random 0.650002 3 44600 1105300 1567231
random 0.651002 2 44925 1119601 1562793
random 0.652002 3 44717 1106301 1570464
random 0.653002 3 44777 1108181 1574395
random 0.654002 3 44542 1106100 1568061
random 0.655002 1 44958 1120055 1562882
random 0.656002 4 44465 1104214 1567733
random 0.657003 4 44628 1106831 1568623
random 0.658002 3 44659 1105814 1567596
random 0.659002 2 44987 1119384 1563354
random 0.660002 7 44574 1104470 1568333
random 0.661002 3 44646 1106109 1568666
random 0.662002 3 44666 1105916 1569280
random 0.663002 1 44932 1119189 1562630
random 0.664002 3 44646 1104067 1573999
random 0.665002 3 45143 1119996 1595482
random 0.666002 2 45057 1119520 1596230
random 0.667002 2 45518 1133215 1591960
random 0.668003 3 45037 1118287 1595238
random 0.669002 3 45180 1118174 1594129
random 0.670002 4 45106 1113253 1596091
random 0.671002 2 45504 1132931 1588210
random 0.672002 3 45199 1117306 1589572
random 0.673003 2 45386 1121142 1593883
random 0.674002 3 45176 1119558 1591645
random 0.675002 2 45522 1134108 1587649
random 0.676002 3 45170 1118426 1592047
random 0.677002 3 45189 1118349 1592865
random 0.678002 1 45177 1118741 1591013
random 0.679002 2 45297 1131446 1586505
random 0.680002 3 45051 1114470 1587343
random 0.681002 2 44836 1110131 1577137
random 0.682002 3 44952 1113386 1582236
random 0.683002 2 45335 1127838 1579263
random 0.684002 3 44996 1112881 1582458
random 0.685003 3 45095 1117332 1590389
random 0.686002 3 45148 1115922 1588752
random 0.687002 1 45343 1130535 1583053
random 0.688002 3 44986 1112836 1584009
random 0.689002 2 45023 1115241 1582197
random 0.690002 3 45194 1119345 1592913
random 0.691002 2 45498 1133970 1588563
random 0.692002 3 45126 1118256 1590683
random 0.693002 3 44919 1112668 1584737
random 0.694002 2 45032 1114329 1585146
random 0.695002 2 45263 1127470 1578266
random 0.696003 3 45036 1113534 1585669
random 0.697002 4 44918 1112833 1587700
random 0.698002 2 45177 1113772 1590164
random 0.699002 2 45436 1128796 1585391
random 0.700002 3 44906 1114544 1588984
random 0.701003 3 45199 1120313 1593492
random 0.702002 2 45280 1118943 1591313
random 0.703002 2 45566 1135014 1589052
random 0.704002 3 45042 1117206 1590217
random 0.705002 4 45221 1119821 1593432
random 0.706002 4 45332 1120765 1592695
random 0.707002 2 45481 1133801 1587862
random 0.708002 3 45115 1119445 1591714
random 0.709002 3 45193 1120521 1594975
random 0.710002 6 45169 1119948 1595005
random 0.711002 3 45455 1134102 1590783
random 0.712002 3 45127 1117475 1591475
random 0.713003 3 44838 1108397 1574356
random 0.714002 1 44823 1118352 1562542
random 0.715002 3 44648 1107080 1570663
random 0.716002 4 44971 1111183 1590475
random 0.717003 6 45065 1118449 1590377
random 0.718004 4 44782 1113299 1575736
random 0.719002 7 44338 1098312 1569572
random 0.720002 3 44418 1102643 1575435
random 0.721005 2 45122 1116206 1593449
random 0.722002 2 45128 1129213 1588035
random 0.723002 5 44991 1118931 1595203
random 0.724002 5 45138 1118833 1596256
random 0.725002 5 45119 1118465 1595951
random 0.726002 1 45375 1132061 1589302
random 0.727002 5 45165 1119692 1596142
random 0.728003 5 44985 1113815 1589317
random 0.729003 4 44516 1100707 1570656
random 0.730002 1 44590 1115254 1565131
random 0.731002 3 44568 1103236 1572281
random 0.732002 10 44493 1101756 1572129
random 0.733002 6 44900 1113080 1589428
random 0.734002 1 45159 1126974 1583960
random 0.735002 4 44818 1113542 1588548
random 0.736002 2 45039 1112190 1586984
random 0.737002 3 44991 1114745 1585444
random 0.738002 2 45276 1125837 1578847
random 0.739002 3 44965 1113434 1583468
random 0.740003 3 44869 1112810 1584437
random 0.741003 3 44965 1113616 1589651
random 0.742002 1 45153 1126136 1581994
random 0.743002 5 44878 1114694 1589859
random 0.744002 4 44807 1108321 1584765
random 0.745003 2 44870 1109601 1582703
random 0.746002 2 45353 1127868 1584337
random 0.747002 3 44993 1113637 1587929
random 0.748002 3 44971 1113501 1589576
random 0.749002 3 45046 1114921 1589645
random 0.750002 2 45285 1128260 1584794
random 0.751002 3 44963 1113585 1588413
random 0.752002 3 44935 1114021 1590288
random 0.753002 2 45135 1119444 1595569
random 0.754002 9 45459 1131755 1587759
random 0.755002 4 45215 1119053 1596197
random 0.756002 4 45091 1117458 1592605
random 0.757003 3 44902 1111588 1583651
random 0.758002 2 44710 1115216 1565922
random 0.759002 3 44550 1102958 1571939
random 0.760002 3 44559 1103822 1573869
random 0.761003 1 45465 1132217 1589962
random 0.762002 3 45086 1118318 1594363
random 0.763002 4 45197 1119024 1596135
random 0.764002 3 45046 1116860 1593875
random 0.765002 1 45648 1137207 1589689
random 0.766002 3 45203 1120209 1592197
random 0.767002 3 45261 1121327 1593874
random 0.768002 3 45360 1120921 1593525
random 0.769002 1 45578 1134779 1590970
random 0.770002 3 44675 1105419 1582006
random 0.771002 3 44507 1105142 1566665
random 0.772002 3 44721 1105116 1567939
random 0.773002 1 44978 1119141 1562052
random 0.774002 4 44586 1104849 1569221
random 0.775002 3 44563 1105833 1567896
random 0.776002 3 44819 1107134 1571508
random 0.777003 1 45463 1133791 1587793
random 0.778002 3 45186 1117978 1593247
random 0.779002 3 45241 1118808 1594359
random 0.780002 3 45218 1116887 1591058
random 0.781002 1 45433 1129192 1582262
random 0.782002 3 45005 1115714 1586471
random 0.783002 3 45100 1115909 1585681
random 0.784002 3 45033 1115746 1586289
random 0.785003 1 45068 1122443 1574968
random 0.786002 2 44557 1101738 1571288
random 0.787002 4 44486 1102041 1568755
random 0.788002 2 44484 1103068 1574047
random 0.789003 2 45100 1124618 1572742
random 0.790002 4 44581 1104429 1569196
random 0.791002 3 44563 1104874 1570129
random 0.792002 3 44608 1102955 1567644
random 0.793002 1 44853 1118702 1563009
random 0.794002 3 44601 1104916 1569065
random 0.795002 2 44673 1104154 1567073
random 0.796002 3 44616 1104215 1566884
random 0.797002 2 44828 1118419 1562838
random 0.798002 3 44680 1104802 1570100
random 0.799002 4 44572 1104174 1569098
random 0.800002 1 44817 1117011 1562132
random 0.801002 3 44829 1112096 1586116
random 0.802003 3 45110 1118496 1594501
random 0.803002 3 45229 1118368 1594706
random 0.804002 3 43457 1084080 1521787
random 0.805003 3 44391 1102771 1571557
random 0.806002 3 44454 1100652 1571211
random 0.807002 3 44484 1102957 1571386
random 0.808002 1 44761 1115529 1566220
random 0.809002 3 44590 1105886 1568288
random 0.810002 3 44539 1105494 1568227
random 0.811002 3 44575 1105788 1568078
random 0.812002 2 45135 1120852 1566098
random 0.813003 3 45102 1121484 1598572
random 0.814002 3 45259 1121391 1592474
random 0.815002 2 45300 1121982 1593641
random 0.816002 2 45499 1134485 1586606
random 0.817002 3 45259 1121258 1593240
random 0.818003 4 45119 1115870 1596156
random 0.819002 4 45158 1117744 1589157
random 0.820003 1 44644 1111233 1574601
random 0.821002 4 44428 1100662 1572915
random 0.822002 2 44480 1101558 1572389
random 0.823002 3 44486 1101264 1574138
random 0.824002 4 44884 1118586 1563466
random 0.825003 4 44645 1106562 1569565
random 0.826002 3 44615 1104378 1567589
random 0.827002 2 44601 1106325 1567583
random 0.828003 2 44914 1118194 1562538
random 0.829003 4 44737 1105918 1568467
random 0.830002 3 44523 1105642 1566746
random 0.831002 1 44862 1120143 1562576
random 0.832002 3 44675 1106436 1570630
random 0.833003 5 45158 1119690 1592224
random 0.834002 2 45134 1119095 1590905
random 0.835002 2 45379 1130528 1584369
random 0.836002 3 45066 1116633 1590686
random 0.837002 3 45162 1117926 1588359
random 0.838002 3 45016 1117204 1589063
random 0.839002 1 45310 1131001 1583098
random 0.840002 3 44996 1117542 1588939
random 0.841003 3 45103 1116158 1586951
random 0.842002 3 45071 1117236 1588371
random 0.843002 1 45389 1130304 1582926
random 0.844002 3 44993 1114378 1589107
random 0.845003 3 45152 1116908 1592623
random 0.846002 4 45073 1115659 1593697
random 0.847002 1 45357 1128541 1584124
random 0.848002 3 44952 1111321 1584481
random 0.849002 3 44632 1106021 1567727
random 0.850002 4 44662 1105443 1568184
random 0.851002 1 45049 1120266 1562823
random 0.852002 3 44646 1105166 1566356
random 0.853002 3 44687 1106757 1568553
random 0.854002 2 44637 1106201 1568079
random 0.855002 2 44903 1119115 1563701
random 0.856002 20 44703 1105609 1569421
random 0.857002 3 44608 1107336 1571781
random 0.858002 3 44628 1105930 1566196
random 0.859002 2 44986 1119254 1562547
random 0.860002 3 44611 1104699 1567728
random 0.861002 2 44649 1106189 1567754
random 0.862002 3 44679 1106015 1567852
random 0.863002 2 44871 1119288 1563561
random 0.864003 3 44788 1105830 1569039
random 0.865002 3 45033 1114513 1583781
random 0.866002 2 45060 1119422 1590491
random 0.867002 2 45489 1133756 1588544
random 0.868002 3 45068 1118152 1591262
random 0.869003 3 45084 1117126 1593031
random 0.870003 4 44902 1112675 1601720
random 0.871002 2 45532 1132643 1589963
random 0.872002 7 45223 1118472 1596227
random 0.873002 6 45248 1121381 1596466
random 0.874002 2 45222 1121445 1594961
random 0.875003 2 45573 1135118 1591117
random 0.876002 3 45323 1119378 1593568
random 0.877003 3 45261 1121111 1595313
random 0.878002 2 45367 1119867 1593507
random 0.879002 2 45569 1134730 1590885
random 0.880002 3 45144 1119232 1593276
random 0.881002 6 45289 1119597 1596939
random 0.882002 8 45274 1119889 1596475
random 0.883002 2 45533 1133644 1591639
random 0.884002 5 45260 1117503 1594886
random 0.885003 5 45189 1118879 1597773
random 0.886002 2 45309 1121417 1594297
random 0.887002 3 45332 1130396 1592044
random 0.888003 3 45075 1116458 1595285
random 0.889002 2 45152 1118834 1596467
random 0.890002 2 45529 1131318 1589315
random 0.891002 3 44807 1120404 1593977
random 0.892002 2 45017 1114685 1589567
random 0.893002 4 44661 1105496 1570102
random 0.894002 1 44932 1117709 1563328
random 0.895002 3 44681 1105481 1569507
random 0.896002 3 44447 1103367 1568030
random 0.897003 3 44864 1110301 1578607
random 0.898002 1 45440 1130570 1580973
random 0.899002 3 45047 1116826 1586700
random 0.900009 3 45396 1124875 1601011
random 0.901004 2 44299 1097641 1566702
random 0.902002 2 45513 1132587 1590056
random 0.903002 4 45324 1121006 1598978
random 0.904002 3 45238 1118727 1595497
random 0.905002 3 44878 1111173 1584905
random 0.906002 1 44755 1115291 1568234
random 0.907002 3 44426 1101731 1574234
random 0.908002 3 44527 1103657 1577617
random 0.909002 2 45198 1121107 1600433
random 0.910002 2 45496 1134094 1594116
random 0.911002 3 45143 1120640 1598848
random 0.912002 3 45279 1118830 1596681
random 0.913003 3 45283 1119034 1592817
random 0.914002 1 45466 1132034 1584660
random 0.915002 3 45044 1117046 1589688
random 0.916002 3 45037 1114975 1589201
random 0.917002 2 45289 1119392 1590362
random 0.918002 2 45472 1130855 1586079
random 0.919002 3 45117 1118699 1590466
random 0.920002 2 44858 1112764 1582653
random 0.921002 3 45179 1118313 1588591
random 0.922002 2 45406 1132704 1589481
random 0.923003 4 45084 1116391 1602809
random 0.924002 3 45115 1116581 1593900
random 0.925002 2 45222 1119714 1596214
random 0.926002 2 45451 1133301 1590735
random 0.927002 3 45086 1119912 1598334
random 0.928002 4 45120 1116160 1595272
random 0.929003 2 44910 1115113 1590645
random 0.930002 2 45240 1127638 1583647
random 0.931002 4 44930 1114649 1590266
random 0.932002 5 44974 1112344 1587724
random 0.933003 10 44956 1114591 1592272
random 0.934002 1 45292 1127983 1583401
random 0.935002 3 45000 1115352 1590228
random 0.936002 3 44970 1112494 1587969
random 0.937002 2 45112 1118026 1588186
random 0.938002 2 45330 1130726 1581182
random 0.939002 3 44980 1117029 1587785
random 0.940002 4 45086 1115949 1587734
random 0.941003 3 45233 1123173 1595002
random 0.942002 1 45557 1134743 1591233
random 0.943002 4 45398 1122242 1593567
random 0.944002 3 45267 1120301 1597221
random 0.945002 3 45223 1121074 1598659
random 0.946002 1 45048 1124943 1579923
random 0.947002 4 44535 1102058 1575049
random 0.948002 4 44532 1102859 1576287
random 0.949002 2 45222 1119684 1596362
random 0.950002 2 45360 1132138 1589049
random 0.951002 4 45079 1117912 1595808
random 0.952002 3 45156 1118149 1594322
random 0.953002 3 45244 1121185 1597116
random 0.954002 1 45537 1135895 1592929
random 0.955002 4 45256 1120920 1597926
random 0.956002 3 45173 1117123 1592086
random 0.957002 2 44566 1106847 1568865
random 0.958002 2 44947 1119983 1562831
random 0.959002 3 44664 1105290 1569385
random 0.960002 3 44537 1104694 1567499
random 0.961002 1 44923 1120316 1563867
random 0.962002 3 44652 1104936 1568247
random 0.963002 3 44762 1106156 1568565
random 0.964002 3 44776 1105034 1567514
random 0.965002 1 45078 1120339 1563489
random 0.966002 3 44597 1104873 1567345
random 0.967002 3 44755 1106241 1568161
random 0.968002 3 44619 1105617 1567007
random 0.969003 1 45255 1127336 1576011
random 0.970002 3 44942 1113019 1593477
random 0.971002 5 45301 1119517 1596740
random 0.972002 2 44999 1115768 1592244
random 0.973003 2 45476 1134318 1593495
random 0.974002 3 45109 1118448 1595626
random 0.975002 3 45257 1119985 1596640
random 0.976002 2 45088 1116363 1594116
random 0.977002 2 45027 1122064 1577471
random 0.978002 3 44488 1101644 1571392
random 0.979002 3 44568 1102684 1573005
random 0.980002 3 44504 1103195 1573572
random 0.981002 1 44939 1121888 1568205
random 0.982002 3 44755 1105252 1569184
random 0.983002 3 44630 1106120 1568588
random 0.984002 2 44569 1106482 1569281
random 0.985003 1 45326 1131812 1587031
random 0.986002 3 44985 1117036 1590486
random 0.987002 3 45061 1116526 1591892
random 0.988002 2 45010 1114420 1586319
random 0.989002 2 44758 1116261 1568589
random 0.990002 3 44516 1102939 1573163
random 0.991002 3 44618 1102505 1573323
random 0.992002 2 44541 1101335 1571961
random 0.993002 2 44743 1116252 1569970
random 0.994002 3 44460 1101568 1572741
random 0.995002 3 44560 1102247 1573733
random 0.996002 1 44749 1115523 1565219
random 0.997003 3 44734 1110200 1577377
random 0.998002 3 45059 1116539 1584873
random 0.999002 3 45163 1117061 1585553
random 1.000002 1 45331 1127202 1576282
random 1.001002 3 44661 1106274 1569978
random 1.002002 3 44714 1104300 1570145
random 1.003002 3 44745 1106789 1569128
random 1.004002 1 44822 1116591 1563750
random 1.005002 3 44844 1110493 1584213
random 1.006002 5 44812 1112818 1586132
random 1.007002 2 45000 1112900 1587393
random 1.008002 2 45239 1125255 1580704
random 1.009002 3 44607 1105548 1577757
random 1.010002 3 44447 1101975 1573200
random 1.011002 2 44435 1101700 1573570
random 1.012002 2 44627 1115121 1566081
random 1.013003 3 44573 1105800 1570675
random 1.014002 4 44710 1104941 1570360
random 1.015002 2 44724 1105850 1568024
random 1.016002 2 44872 1119885 1566470
random 1.017002 3 45114 1119242 1595766
random 1.018002 3 45204 1119194 1596609
random 1.019002 3 45131 1118718 1595314
random 1.020002 1 45506 1131208 1588967
random 1.021002 3 45073 1118710 1595232
random 1.022002 5 45047 1116987 1595828
random 1.023003 5 45162 1117265 1601988
random 1.024003 2 45387 1131870 1589455
random 1.025003 4 44402 1098997 1580091
random 1.026003 3 44518 1102272 1573012
random 1.027002 2 44982 1113174 1568427
random 1.028002 2 44189 1104346 1569580
random 1.029002 3 44501 1102416 1573945
random 1.030002 3 44487 1102056 1573257
random 1.031002 1 44816 1116380 1567660
random 1.032002 3 44510 1103325 1575548
random 1.033002 3 44801 1106604 1580088
random 1.034002 3 44549 1102050 1573727
random 1.035002 1 44775 1115801 1568232
random 1.036002 3 44550 1102640 1577143
random 1.037003 4 45230 1119763 1596501
random 1.038002 2 45209 1118462 1594849
random 1.039002 2 45430 1132292 1591447
random 1.040002 3 44934 1113736 1589295
random 1.041003 3 45074 1114471 1583235
random 1.042002 3 45076 1116274 1587031
random 1.043002 2 45410 1131362 1581151
random 1.044002 3 45114 1113436 1581973
random 1.045003 2 45169 1118579 1589296
random 1.046002 4 45109 1117115 1589114
random 1.047002 1 45335 1131691 1584236
random 1.048002 7 45033 1113035 1586984
random 1.049002 5 44859 1112793 1589931
random 1.050002 3 44924 1113091 1587470
random 1.051002 1 45162 1123607 1578295
random 1.052002 3 44736 1106735 1581966
random 1.053002 3 44808 1110065 1585232
random 1.054002 2 44898 1110640 1583471
random 1.055002 2 45372 1127230 1583797
random 1.056002 4 44783 1110501 1586862
random 1.057003 3 44819 1109572 1580745
random 1.058002 3 44589 1102557 1571569
random 1.059002 1 44837 1116736 1566512
random 1.060002 4 44496 1103495 1573697
random 1.061002 3 44942 1113352 1588730
random 1.062002 3 44950 1112975 1587828
random 1.063003 2 45263 1126619 1583285
random 1.064002 3 45013 1111670 1587276
random 1.065002 3 45040 1114220 1588649
random 1.066002 1 45236 1127747 1584229
random 1.067002 3 44906 1114137 1588044
random 1.068002 3 44963 1113621 1588759
random 1.069003 3 44942 1112418 1586522
random 1.070002 2 44715 1115074 1585648
random 1.071002 4 45252 1118803 1595503
random 1.072002 2 45165 1118358 1594759
random 1.073002 4 45029 1119057 1599255
random 1.074002 1 45508 1133442 1591199
random 1.075002 3 45199 1119076 1596802
random 1.076002 3 45225 1118296 1595508
random 1.077003 2 44861 1112562 1588461
random 1.078002 2 44693 1115126 1567125
random 1.079002 3 44523 1101865 1573040
random 1.080002 3 44511 1100813 1571440
random 1.081002 3 44454 1102373 1574282
random 1.082002 1 44688 1115581 1567131
random 1.083002 3 44479 1101980 1573706
random 1.084002 3 44431 1100108 1571885
random 1.085002 2 44639 1101197 1575435
random 1.086002 2 44727 1115383 1568002
random 1.087002 3 44570 1102554 1574357
random 1.088002 3 44486 1102722 1574649
random 1.089003 3 45344 1122063 1596310
random 1.090002 1 45442 1131786 1587587
random 1.091002 3 45174 1119461 1592374
random 1.092004 3 45335 1123083 1597474
random 1.093003 2 44946 1113540 1580678
random 1.094002 1 45401 1129934 1578816
random 1.095002 3 44980 1116712 1587087
random 1.096002 2 45122 1115884 1583735
random 1.097003 4 45015 1114847 1582950
random 1.098002 18 44411 1106601 1546159
random 1.099002 3 44631 1106397 1569010
random 1.100002 4 44601 1107155 1571200
random 1.101003 4 45237 1117721 1590170
random 1.102002 2 45336 1129522 1579760
random 1.103003 3 45116 1117346 1586764
random 1.104002 3 45079 1113575 1583901
random 1.105003 2 45156 1117523 1586805
random 1.106002 2 45288 1129066 1581089
random 1.107002 3 45162 1116799 1585794
random 1.108002 3 44891 1111471 1590561
random 1.109002 1 44738 1116065 1567748
random 1.110002 3 44540 1099490 1573084
random 1.111002 3 44436 1103180 1572823
random 1.112002 3 44512 1100292 1570330
random 1.113003 2 44822 1116922 1567530
random 1.114002 3 44543 1102491 1571712
random 1.115002 3 44515 1102972 1572513
random 1.116002 3 45037 1113346 1588757
random 1.117003 1 45426 1134295 1592372
random 1.118002 3 45156 1117679 1594196
random 1.119003 3 45295 1120320 1597986
random 1.120002 3 45101 1117735 1593173
random 1.121002 1 45476 1135101 1590104
random 1.122002 3 45181 1120771 1593799
random 1.123002 4 45183 1121196 1596149
random 1.124002 3 45041 1115109 1586275
random 1.125003 1 45390 1129513 1594266
random 1.126002 9 45218 1119589 1596705
random 1.127002 4 45110 1114853 1601436
random 1.128002 3 45116 1117533 1595986
random 1.129003 2 45455 1134035 1591494
random 1.130003 3 45255 1120081 1596881
random 1.131002 3 45219 1118528 1596135
random 1.132003 2 45230 1118834 1593786
random 1.133002 2 45342 1129650 1582967
random 1.134002 3 45081 1117398 1586846
random 1.135002 3 45004 1116188 1587673
random 1.136003 5 44969 1115252 1587243
random 1.137003 1 45050 1123164 1577246
random 1.138002 3 44899 1112459 1587822
random 1.139002 3 45020 1113146 1588552
random 1.140003 2 44785 1107752 1583148
random 1.141003 2 45300 1126251 1584067
random 1.142003 3 44798 1109104 1583504
random 1.143002 3 44876 1109090 1582105
random 1.144002 3 44957 1111473 1588240
random 1.145003 6 45144 1123268 1579733
random 1.146002 4 44935 1112893 1587577
random 1.147002 3 45015 1111888 1587884
random 1.148002 3 44561 1099530 1599546
random 1.149003 83 42460 1083946 1642240
random 1.150005 40 44933 1112808 1613663
random 1.151005 9 44713 1102673 1604021
random 1.152003 3 44967 1121852 1577964
random 1.153003 4 45274 1120192 1596924
random 1.154002 3 45157 1118291 1595796
random 1.155002 8 45144 1119739 1597886
random 1.156002 1 45120 1122709 1599206
random 1.157002 6 45207 1119162 1596444
random 1.158002 3 45236 1119594 1596292
random 1.159002 3 45192 1118586 1597348
random 1.160002 2 45363 1132421 1590333
random 1.161002 5 45273 1118708 1598259
random 1.162004 7 44768 1107964 1613813
random 1.163002 3 45005 1116643 1593495
random 1.164002 3 45469 1131752 1589528
random 1.165003 3 45094 1120316 1597969
random 1.166002 2 45223 1119171 1595272
random 1.167002 6 45223 1119314 1595527
random 1.168002 0 45422 1133076 1589074
random 1.169003 3 45311 1123422 1593435
random 1.170002 5 45107 1116042 1599947
random 1.171002 5 45225 1121496 1594620
random 1.172002 0 45560 1135454 1586886
random 1.173003 2 45278 1122331 1592453
random 1.174002 7 45256 1121591 1592626
random 1.175002 2 45274 1121872 1594125
random 1.176002 0 45344 1132007 1582346
random 1.177002 2 45079 1119243 1596628
random 1.178002 3 45170 1116368 1597233
random 1.179002 2 45220 1119360 1597296
random 1.180003 0 45386 1131536 1588277
random 1.181003 2 45227 1119658 1597326
random 1.182002 2 45061 1116190 1590700
random 1.183002 2 44961 1116776 1592791
random 1.184002 0 45405 1130875 1586520
random 1.185002 2 45246 1118970 1590108
random 1.186002 2 45192 1120965 1591758
random 1.187002 3 45274 1120954 1593127
random 1.188003 5 45486 1130793 1583615
random 1.189003 2 45072 1118272 1591333
random 1.190002 2 45020 1116810 1588195
random 1.191002 1 45190 1117743 1589738
random 1.192002 11 45191 1127539 1578954
random 1.193002 3 44557 1101686 1574504
random 1.194002 2 44599 1101411 1573501
random 1.195002 2 44573 1102306 1572956
random 1.196002 2 44904 1117518 1568615
random 1.197003 2 45277 1121623 1595355
random 1.198002 4 45187 1120116 1592979
random 1.199002 2 45389 1121238 1594451
random 1.200003 0 45454 1131617 1584072
random 1.201002 1 44614 1105931 1567814
random 1.202002 5 44724 1104725 1568401
random 1.203002 1 44648 1106297 1567476
random 1.204002 1 44845 1119092 1562053
random 1.205002 2 44557 1101792 1573116
random 1.206002 2 44475 1102456 1573055
random 1.207002 1 44540 1102265 1573156
random 1.208002 1 44822 1115304 1566636
random 1.209003 2 44917 1111008 1583930
random 1.210002 2 44889 1110981 1586528
random 1.211002 4 44847 1110816 1583224
random 1.212002 15 45107 1122362 1576603
random 1.213002 6 45026 1114975 1589802
random 1.214002 4 45064 1115033 1588636
random 1.215002 8 44911 1109858 1583093
random 1.216002 0 45179 1124898 1580093
random 1.217002 4 44526 1102378 1573308
random 1.218002 2 44522 1102102 1572791
random 1.219002 0 44800 1116103 1567655
random 1.220003 2 44342 1101813 1572727
random 1.221002 2 44358 1101804 1571585
random 1.222002 3 44473 1102120 1573795
random 1.223003 0 44206 1100628 1594791
random 1.224003 564 36516 936454 1813576
random 1.225003 85 37197 949320 1821297
random 1.226003 27 37700 962456 1821934
random 1.227005 104 42441 1071982 1650837
random 1.228003 5 44676 1108472 1583420
random 1.229003 3 45080 1116146 1590889
random 1.230003 0 45262 1127268 1589777
random 1.231002 2 45100 1118094 1591050
random 1.232002 2 45074 1115096 1590439
random 1.233003 7 45100 1119979 1595197
random 1.234002 1 45547 1133184 1590550
random 1.235002 2 45097 1119382 1594776
random 1.236002 2 45052 1115807 1593656
random 1.237002 1 45017 1112864 1580687
random 1.238002 4 45178 1124743 1573908
random 1.239002 2 44831 1112914 1580469
random 1.240002 3 44794 1105469 1575227
random 1.241002 0 44821 1115847 1567889
random 1.242002 2 44434 1101552 1573679
random 1.243002 2 44387 1101827 1573813
random 1.244002 2 44596 1102996 1577378
random 1.245002 0 45618 1133423 1587718
random 1.246002 2 45294 1119964 1594734
random 1.247002 2 45189 1120152 1595147
random 1.248002 1 45093 1117797 1591759
random 1.249003 1 45414 1130309 1586871
random 1.250002 2 45011 1113923 1587823
random 1.251002 2 44938 1114653 1590678
random 1.252002 5 43760 1085125 1547410
random 1.253003 1 45648 1135837 1588454
random 1.254002 2 45119 1120950 1591714
random 1.255002 2 45295 1122478 1593127
random 1.256002 2 45197 1118100 1591060
random 1.257002 0 45647 1136136 1587869
random 1.258002 2 45254 1121676 1592688
random 1.259002 2 45356 1122943 1593456
random 1.260002 1 45154 1115892 1588863
random 1.261003 1 44812 1115734 1568189
random 1.262002 2 44317 1100346 1571632
random 1.263002 2 44494 1102219 1572745
random 1.264002 1 44600 1102832 1575738
random 1.265002 1 45495 1132416 1585724
random 1.266002 2 45177 1119017 1592379
random 1.267002 2 45185 1118449 1593784
random 1.268003 2 45146 1116917 1591514
random 1.269002 0 45539 1133019 1590309
random 1.270002 2 44817 1107205 1610102
random 1.271003 2 44807 1116375 1594544
random 1.272002 2 44959 1112942 1586751
random 1.273002 1 45316 1128365 1584199
random 1.274002 4 45235 1120626 1591914
random 1.275002 2 45210 1120161 1593838
random 1.276002 1 45161 1118407 1589711
random 1.277002 1 45569 1133981 1591862
random 1.278002 2 44995 1118663 1594332
random 1.279002 2 45250 1119494 1597144
random 1.280002 1 45147 1117346 1591672
random 1.281003 1 45470 1130617 1580133
random 1.282002 2 45118 1117580 1585325
random 1.283002 2 45064 1116413 1584646
random 1.284003 4 45169 1118636 1587272
random 1.285002 1 45335 1129718 1578817
random 1.286002 2 44969 1113261 1581405
random 1.287002 2 45034 1114407 1581531
random 1.288003 3 44986 1114330 1581867
random 1.289002 1 45550 1130433 1580099
random 1.290002 7 45119 1117432 1587000
random 1.291002 4 45156 1116729 1587232
random 1.292002 3 45195 1117028 1586082
random 1.293002 1 45383 1131483 1581566
random 1.294002 5 45071 1116514 1588191
