attack_memset 0.001014 528 41 1476729 1627375
attack_memset 0.002005 33 237 1956379 1945616
attack_memset 0.003004 0 1 2000000 1997342
attack_memset 0.004003 49 266 1964365 1959714
attack_memset 0.005004 0 2 1998153 1970860
attack_memset 0.006006 15 267 1881293 1911565
attack_memset 0.007003 0 3 1990486 1988453
attack_memset 0.008003 163 234 1943887 1958822
attack_memset 0.009004 14 245 1978378 1979807
attack_memset 0.010003 0 2 2009675 1873549
attack_memset 0.011005 2 240 1977323 2012027
attack_memset 0.012008 7 1 1985394 1943129
attack_memset 0.013004 122 253 1937710 1912412
attack_memset 0.014009 15 251 1946496 1960235
attack_memset 0.015004 0 1 1985619 1939515
attack_memset 0.016165 603 209 2272252 1750001
attack_memset 0.017004 0 2 1674126 1634867
attack_memset 0.018003 1731 206 1977845 2007625
attack_memset 0.019003 0 6 1785301 1747017
attack_memset 0.020003 358 234 1927097 1920973
attack_memset 0.021003 46 242 1936141 1919194
attack_memset 0.022003 0 1 1950417 1952553
attack_memset 0.023002 4 261 1929931 1944342
attack_memset 0.024083 0 5 2221474 1745377
attack_memset 0.025003 1557 202 1766033 1794312
attack_memset 0.026003 2 1 1940473 1956466
attack_memset 0.027003 139 263 1925170 1962501
attack_memset 0.028004 292 262 1802705 1804140
attack_memset 0.029003 0 0 1936271 1926130
attack_memset 0.030003 99 264 1909609 1937852
attack_memset 0.031003 0 1 1955721 1911244
attack_memset 0.032003 44 255 1929305 1924835
attack_memset 0.033003 0 1 1957960 1912763
attack_memset 0.034003 15 254 1934087 1920027
attack_memset 0.035003 1 241 1928192 1873036
attack_memset 0.036005 0 4 1938936 1936756
attack_memset 0.037005 1 255 1929376 1942967
attack_memset 0.038004 0 1 1954460 1908051
attack_memset 0.039003 1 258 1923781 1966012
attack_memset 0.040003 2 4 1862730 1833392
attack_memset 0.041003 264 238 1818648 1856283
attack_memset 0.042003 62 251 1932595 1929331
attack_memset 0.043002 0 1 1954731 1910582
attack_memset 0.044003 17 253 1928612 1935077
attack_memset 0.045003 0 2 1936135 1911590
attack_memset 0.046003 1 250 1923283 1966444
attack_memset 0.047002 1 4 1927503 1901770
attack_memset 0.048003 28 241 1932744 1933773
attack_memset 0.049003 21 264 1932275 1914984
attack_memset 0.050003 0 1 1956302 1911989
attack_memset 0.051003 1 254 1931715 1938447
attack_memset 0.052003 0 9 1864869 1864112
attack_memset 0.053003 137 245 1937750 1920163
attack_memset 0.054003 0 1 1954778 1910054
attack_memset 0.055002 24 257 1924327 1960307
attack_memset 0.056003 66 247 1908894 1936379
attack_memset 0.057003 0 1 1957404 1912858
attack_memset 0.058003 2 244 1934826 1920296
attack_memset 0.059002 0 1 1956585 1911500
attack_memset 0.060003 1 241 1916024 1903060
attack_memset 0.061003 0 2 1938341 1893416
attack_memset 0.062003 51 244 1863542 1865414
attack_memset 0.063003 1 240 1868810 1906397
attack_memset 0.064003 1 5 1873144 1847452
attack_memset 0.065003 76 244 1867883 1910498
attack_memset 0.066003 0 1 1887066 1902876
attack_memset 0.067003 1 235 1873938 1888156
attack_memset 0.068003 0 6 1868459 1870780
attack_memset 0.069003 57 247 1872385 1896121
attack_memset 0.070003 0 1 1881381 1794581
attack_memset 0.071003 1 255 1868904 1905608
attack_memset 0.072003 9 240 1858946 1771877
attack_memset 0.073003 0 1 1901812 1869701
attack_memset 0.074003 1 234 1877328 1884043
attack_memset 0.075002 0 1 1893402 1896792
attack_memset 0.076003 1 262 1873206 1838858
attack_memset 0.077003 0 1 1901311 1857312
attack_memset 0.078003 5 272 1879821 1864427
attack_memset 0.079003 0 2 1892326 1898002
attack_memset 0.080003 1 273 1872692 1882020
attack_memset 0.081003 4 258 1875761 1762131
attack_memset 0.082003 0 1 1899003 1856271
attack_memset 0.083003 1 252 1867432 1911255
attack_memset 0.084005 1 5 1875031 1864085
attack_memset 0.085004 18 237 1863082 1886549
attack_memset 0.086003 0 1 1898751 1855729
attack_memset 0.087003 1 245 1868040 1910465
attack_memset 0.088003 0 7 1878281 1845943
attack_memset 0.089003 40 229 1869751 1909751
attack_memset 0.090003 3 245 1877218 1871138
attack_memset 0.091002 0 1 1900143 1857509
attack_memset 0.092003 2 250 1873756 1873891
attack_memset 0.093005 0 3 1930242 1715766
attack_memset 0.094003 1198 202 1863053 1888427
attack_memset 0.095003 0 1 1886464 1902102
attack_memset 0.096003 114 245 1872443 1841124
attack_memset 0.097003 14 248 1867805 1911500
attack_memset 0.098003 0 1 1886477 1903329
attack_memset 0.099003 1 237 1876895 1865987
attack_memset 0.100003 0 2 1889019 1858673
attack_memset 0.101004 12 235 1867311 1887181
attack_memset 0.102003 0 0 1884933 1900223
attack_memset 0.103003 1 223 1867749 1910582
attack_memset 0.104003 4 4 1893107 1870490
attack_memset 0.105003 7 270 1871816 1903908
attack_memset 0.106003 1 250 1877467 1865514
attack_memset 0.107002 0 1 1886809 1903413
attack_memset 0.108003 1 280 1872759 1881062
attack_memset 0.109003 0 1 1901102 1814737
attack_memset 0.110003 1 251 1866202 1910186
attack_memset 0.111003 0 1 1887958 1902249
attack_memset 0.112003 1 259 1865770 1878311
attack_memset 0.113003 0 2 1901197 1857453
attack_memset 0.114003 6 263 1878064 1864751
attack_memset 0.115003 1 257 1879545 1869164
attack_memset 0.116003 0 6 1896386 1854265
attack_memset 0.117003 1 269 1865452 1837905
attack_memset 0.118003 0 1 1878133 1894184
attack_memset 0.119003 1 249 1817417 1831613
attack_memset 0.120003 0 3 1824490 1792846
attack_memset 0.121003 1 257 1818709 1817333
attack_memset 0.122003 0 1 1843641 1801715
attack_memset 0.123003 1 259 1823935 1811137
attack_memset 0.124003 0 4 1839412 1791279
attack_memset 0.125004 59 248 1825643 1812570
attack_memset 0.126003 3 260 1810517 1852689
attack_memset 0.127003 0 1 1831140 1846350
attack_memset 0.128004 23 257 1816399 1815916
attack_memset 0.129003 0 1 1843454 1801341
attack_memset 0.130003 6 254 1818247 1828720
attack_memset 0.131003 0 1 1831899 1846680
attack_memset 0.132003 1 257 1814596 1834271
attack_memset 0.133003 0 2 1826889 1803506
attack_memset 0.134003 5 248 1811982 1853146
attack_memset 0.135003 0 1 1831632 1847120
attack_memset 0.136003 1 258 1812042 1724247
attack_memset 0.137003 1 257 1824703 1810357
attack_memset 0.138003 0 1 1826048 1813169
attack_memset 0.139003 1 262 1807138 1754934
attack_memset 0.140003 0 4 1827775 1844868
attack_memset 0.141003 5 268 1811922 1855702
attack_memset 0.142003 0 1 1830834 1847111
attack_memset 0.143003 1 257 1818875 1830596
attack_memset 0.144003 0 4 1825922 1817309
attack_memset 0.145004 1 271 1812752 1837431
attack_memset 0.146003 0 1 1841536 1800673
attack_memset 0.147003 1 256 1821283 1820936
attack_memset 0.148003 0 5 1837261 1818088
attack_memset 0.149003 1 251 1825078 1810531
attack_memset 0.150003 1 254 1825684 1807999
attack_memset 0.151003 0 1 1824721 1799618
attack_memset 0.152003 1 232 1822083 1808638
attack_memset 0.153003 0 1 1834263 1844173
attack_memset 0.154003 1 249 1813499 1820649
attack_memset 0.155003 0 1 1826738 1819746
attack_memset 0.156003 1 239 1808414 1834162
attack_memset 0.157004 0 2 1846352 1803259
attack_memset 0.158003 1 265 1810223 1809791
attack_memset 0.159003 0 1 1844340 1802205
attack_memset 0.160003 1 250 1817382 1808804
attack_memset 0.161003 0 1 1844809 1802508
attack_memset 0.162003 1 236 1824002 1810177
attack_memset 0.163003 1 266 1822670 1816625
attack_memset 0.164003 0 2 1836318 1801049
attack_memset 0.165003 1 256 1812674 1854617
attack_memset 0.166003 0 1 1843779 1802011
attack_memset 0.167003 1 252 1807878 1810118
attack_memset 0.168003 2 3 1833294 1827489
attack_memset 0.169003 1 262 1818465 1837379
attack_memset 0.170003 0 1 1824222 1718292
attack_memset 0.171003 1 244 1810094 1817494
attack_memset 0.172011 49 251 2240038 1379958
attack_memset 0.173005 37 276 3121601 289444
attack_memset 0.174002 1 0 3192755 267335
attack_memset 0.175002 2 270 3158367 300505
attack_memset 0.176002 2 253 3159817 298110
attack_memset 0.177002 10 264 3131153 326092
attack_memset 0.178002 2 258 3168921 291448
attack_memset 0.179002 2 254 3170523 290911
attack_memset 0.180002 2 264 3075406 372300
attack_memset 0.181002 3 264 3018655 335852
attack_memset 0.182002 2 241 3073072 283068
attack_memset 0.183002 2 274 2998230 354368
attack_memset 0.184003 2 272 2880214 462248
attack_memset 0.185003 2 276 3036964 317467
attack_memset 0.186003 2 5 3106463 261915
attack_memset 0.187002 2 259 3051999 298099
attack_memset 0.188003 2 255 3064809 288684
attack_memset 0.189003 5 269 3070419 285364
attack_memset 0.190002 2 240 3070486 283681
attack_memset 0.191002 2 244 3037037 316918
attack_memset 0.192002 3 267 3060474 287188
attack_memset 0.193003 18 250 3022091 331499
attack_memset 0.194002 2 261 3072227 283292
attack_memset 0.195002 2 261 3000254 350925
attack_memset 0.196002 1 2 2990671 370382
attack_memset 0.197002 9 261 2893311 454464
attack_memset 0.198002 2 238 3072189 284071
attack_memset 0.199002 2 253 3071288 283177
attack_memset 0.200003 2 256 3019275 333634
attack_memset 0.201002 3 258 2972526 376015
attack_memset 0.202002 2 270 3022104 331475
attack_memset 0.203002 3 267 3035986 320596
attack_memset 0.204003 2 259 2984705 368107
attack_memset 0.205004 3 258 3072076 282802
attack_memset 0.206004 4 0 3085076 284653
attack_memset 0.207003 2 246 3053687 295946
attack_memset 0.208004 8 234 3042185 301399
attack_memset 0.209006 18 259 3029483 332952
attack_memset 0.210019 13 255 3027764 368206
attack_memset 0.211010 21 305 2831033 338105
attack_memset 0.212006 37 252 2911098 331548
attack_memset 0.213003 5 259 2870259 451245
attack_memset 0.214002 1 0 2925763 434131
attack_memset 0.215003 3 251 3074192 282641
attack_memset 0.216003 3 254 3061405 288162
attack_memset 0.217003 3 264 3076103 282920
attack_memset 0.218004 2 257 3057280 281439
attack_memset 0.219007 8 258 2858772 384345
attack_memset 0.220005 3 265 2781159 393648
attack_memset 0.221006 1 275 2945408 310035
attack_memset 0.222010 4 272 2968657 275082
attack_memset 0.223009 2 0 2890436 350711
attack_memset 0.224004 7 269 2820540 269576
attack_memset 0.225003 2 265 2971390 274035
attack_memset 0.226003 3 246 2858441 391756
attack_memset 0.227007 5 257 2980229 277249
attack_memset 0.228011 19 255 2841423 356763
attack_memset 0.229005 10 242 2721689 313771
attack_memset 0.230003 5 1 2963536 250007
attack_memset 0.231003 34 236 2929867 322038
attack_memset 0.232003 7 248 2765524 332552
attack_memset 0.233002 43 178 2871951 371209
attack_memset 0.234003 7 264 2801394 441594
attack_memset 0.235003 3 247 2975923 274702
attack_memset 0.236003 20 310 2924529 293829
attack_memset 0.237005 1 0 2996842 250151
attack_memset 0.238003 2 257 2812216 421463
attack_memset 0.239003 2 266 2973403 275980
attack_memset 0.240002 3 234 2933934 295818
attack_memset 0.241003 30 276 2963795 286109
attack_memset 0.242003 6 245 2797600 441928
attack_memset 0.243003 3 241 2801431 441275
attack_memset 0.244002 2 6 2995227 259960
attack_memset 0.245003 23 259 2976437 274152
attack_memset 0.246002 2 256 2971873 276034
attack_memset 0.247003 2 246 2887640 357732
attack_memset 0.248003 6 264 2868409 370962
attack_memset 0.249002 6 253 2863464 379637
attack_memset 0.250002 2 261 2975236 276092
attack_memset 0.251002 1 0 2831598 421740
attack_memset 0.252003 5 246 2913510 322781
attack_memset 0.253002 39 269 2975310 274623
attack_memset 0.254002 6 267 2973239 274843
attack_memset 0.255002 2 246 2893933 352667
attack_memset 0.256003 6 284 2894494 346814
attack_memset 0.257003 3 255 2973884 273975
attack_memset 0.258002 2 281 2973616 276505
attack_memset 0.259002 1 0 2975425 286133
attack_memset 0.260003 2 244 2860545 379377
attack_memset 0.261002 5 281 2972481 275128
attack_memset 0.262002 2 259 2974959 274893
attack_memset 0.263002 2 265 2965860 284054
attack_memset 0.264002 10 259 2821616 392205
attack_memset 0.265003 2 263 2802165 338188
attack_memset 0.266002 3 245 2911224 245403
attack_memset 0.267002 4 12 2884295 259409
attack_memset 0.268002 2 272 2865531 273625
attack_memset 0.269002 2 281 2815652 326042
attack_memset 0.270002 2 268 2876468 268262
attack_memset 0.271002 2 295 2776998 364070
attack_memset 0.272002 6 270 2866508 274073
attack_memset 0.273002 1 0 2912764 243825
attack_memset 0.274002 2 265 2878560 266247
attack_memset 0.275002 2 242 2832471 310234
attack_memset 0.276002 2 238 2864250 274758
attack_memset 0.277003 3 260 2879449 266124
attack_memset 0.278002 2 266 2708497 427432
attack_memset 0.279003 2 260 2901539 253015
attack_memset 0.280003 1 14 2878869 261909
attack_memset 0.281002 19 250 2877539 266494
attack_memset 0.282002 2 246 2877067 267700
attack_memset 0.283002 2 239 2878428 266348
attack_memset 0.284002 12 277 2785665 349894
attack_memset 0.285003 2 261 2879573 266758
attack_memset 0.286002 1 0 2910945 244458
attack_memset 0.287002 2 264 2870372 274469
attack_memset 0.288002 2 263 2862477 276303
attack_memset 0.289002 8 258 2875502 267083
attack_memset 0.290002 2 261 2776137 363707
attack_memset 0.291002 2 266 2876676 268373
attack_memset 0.292002 6 274 2862327 276472
attack_memset 0.293002 1 0 2912565 243880
attack_memset 0.294002 6 246 2876416 267466
attack_memset 0.295002 2 249 2877983 267036
attack_memset 0.296002 2 267 2815380 321461
attack_memset 0.297003 5 260 2828280 315208
attack_memset 0.298002 4 255 2875664 267324
attack_memset 0.299002 2 254 2880697 264866
attack_memset 0.300002 1 5 2812565 331766
attack_memset 0.301003 5 258 2880558 265981
attack_memset 0.302002 2 252 2875864 267239
attack_memset 0.303002 3 278 2769047 371364
attack_memset 0.304002 13 263 2759870 375489
attack_memset 0.305002 3 246 2877921 266105
attack_memset 0.306002 1 0 2741975 407042
attack_memset 0.307002 2 253 2848156 296189
attack_memset 0.308002 2 248 2801146 335290
attack_memset 0.309002 4 269 2876340 267654
attack_memset 0.310002 2 264 2781143 359962
attack_memset 0.311002 2 271 2712083 425417
attack_memset 0.312002 1 1 2909312 243485
attack_memset 0.313002 2 268 2854665 283363
attack_memset 0.314002 2 246 2709595 368299
attack_memset 0.315002 2 259 2785678 322950
attack_memset 0.316002 3 264 2708016 352978
attack_memset 0.317003 2 265 2883169 266463
attack_memset 0.318002 1 0 2828517 296318
attack_memset 0.319002 2 275 2880724 266966
attack_memset 0.320002 2 251 2877958 266786
attack_memset 0.321003 2 248 2795229 319849
attack_memset 0.322002 2 253 2879051 265625
attack_memset 0.323002 2 255 2881294 266467
attack_memset 0.324002 2 1 2737614 347459
attack_memset 0.325002 2 258 2884408 266369
attack_memset 0.326002 2 263 2832650 294361
attack_memset 0.327002 2 328 2809414 311135
attack_memset 0.328003 2 248 2706097 354672
attack_memset 0.329002 2 248 2818846 306147
attack_memset 0.330002 1 0 2916571 243762
attack_memset 0.331002 2 246 2881289 267345
attack_memset 0.332002 2 268 2755899 339480
attack_memset 0.333003 2 262 2885052 265338
attack_memset 0.334002 2 253 2880544 266995
attack_memset 0.335002 2 260 2740529 349935
attack_memset 0.336002 1 1 2842575 404170
attack_memset 0.337002 2 272 2882760 267378
attack_memset 0.338002 2 237 2814042 305213
attack_memset 0.339003 2 268 2815657 307269
attack_memset 0.340002 3 272 2774214 326789
attack_memset 0.341003 2 255 2884334 266192
attack_memset 0.342002 2 271 2709662 367190
attack_memset 0.343002 1 0 2917287 243521
attack_memset 0.344002 2 255 2813260 305110
attack_memset 0.345003 2 262 2883500 267850
attack_memset 0.346002 2 260 2834711 293069
attack_memset 0.347002 2 253 2879359 269157
attack_memset 0.348002 2 252 2795362 430578
attack_memset 0.349003 1 0 2746603 307599
attack_memset 0.350002 2 238 2864610 525536
attack_memset 0.351002 3 254 2813439 458161
attack_memset 0.352002 2 237 2804704 259639
attack_memset 0.353003 2 272 2887982 81484
attack_memset 0.354002 2 255 2769520 244732
attack_memset 0.355002 0 0 2921031 55850
attack_memset 0.356003 2 265 2865876 170146
attack_memset 0.357003 4 261 2840477 302225
attack_memset 0.358002 2 262 2876499 266159
attack_memset 0.359002 4 252 2831055 311431
attack_memset 0.360002 2 278 2874725 266528
attack_memset 0.361002 2 246 2878342 266716
attack_memset 0.362002 1 0 2791211 344070
attack_memset 0.363002 2 272 2759587 279519
attack_memset 0.364002 2 268 2706028 321854
attack_memset 0.365003 2 266 2619632 413080
attack_memset 0.366002 2 251 2699258 335256
attack_memset 0.367002 1 0 2650166 393340
attack_memset 0.368002 2 240 2752407 282233
attack_memset 0.369003 2 257 2747809 290781
attack_memset 0.370002 2 257 2779617 258516
attack_memset 0.371002 2 242 2748557 289353
attack_memset 0.372002 1 1 2646694 393246
attack_memset 0.373003 2 257 2770836 270344
attack_memset 0.374002 2 260 2727605 306486
attack_memset 0.375002 2 249 2690184 344915
attack_memset 0.376002 2 251 2646009 384346
attack_memset 0.377002 1 0 2697682 348568
attack_memset 0.378002 2 275 2731183 303985
attack_memset 0.379002 3 278 2734418 302561
attack_memset 0.380002 4 243 2772332 259080
attack_memset 0.381003 2 273 2726891 312402
attack_memset 0.382002 1 0 2647533 393290
attack_memset 0.383002 2 235 2780295 258605
attack_memset 0.384002 2 232 2776272 258583
attack_memset 0.385003 2 252 2781014 259528
attack_memset 0.386003 1 250 2671386 363523
attack_memset 0.387002 2 257 2755678 282039
attack_memset 0.388002 2 1 2809781 237887
attack_memset 0.389002 3 252 2780633 258672
attack_memset 0.390002 2 247 2778554 260086
attack_memset 0.391002 2 246 2780897 258381
attack_memset 0.392002 2 268 2650678 380382
attack_memset 0.393003 2 260 2780304 259144
attack_memset 0.394002 1 0 2814775 236078
attack_memset 0.395003 2 259 2781842 259121
attack_memset 0.396002 2 258 2775948 259211
attack_memset 0.397002 2 257 2781680 258535
attack_memset 0.398002 2 259 2778624 260050
attack_memset 0.399002 1 0 2815560 236371
attack_memset 0.400002 2 277 2723540 311854
attack_memset 0.401003 2 257 2740721 284709
attack_memset 0.402002 2 259 2786457 79340
attack_memset 0.403002 2 250 2788552 79354
attack_memset 0.404002 2 231 2776179 151458
attack_memset 0.405003 1 0 2820655 506704
attack_memset 0.406002 2 254 2770803 507670
attack_memset 0.407002 2 255 2788837 528549
attack_memset 0.408002 2 259 2780233 415521
attack_memset 0.409003 2 251 2656336 335696
attack_memset 0.410002 2 257 2781855 258217
attack_memset 0.411002 1 0 2819260 235310
attack_memset 0.412003 2 262 2782689 258589
attack_memset 0.413003 2 253 2711555 299869
attack_memset 0.414002 2 260 2729891 290005
attack_memset 0.415002 2 263 2632224 347843
attack_memset 0.416003 1 1 2817601 235675
attack_memset 0.417002 2 280 2761369 270612
attack_memset 0.418002 2 279 2759977 275083
attack_memset 0.419003 7 270 2717360 319520
attack_memset 0.420002 2 269 2704414 327845
attack_memset 0.421003 1 0 2817048 235982
attack_memset 0.422002 2 258 2776870 260658
attack_memset 0.423002 2 249 2740626 296532
attack_memset 0.424002 2 242 2778487 257782
attack_memset 0.425003 2 259 2784438 259546
attack_memset 0.426002 2 266 2783631 257650
attack_memset 0.427002 1 0 2819447 235351
attack_memset 0.428002 2 246 2611854 380272
attack_memset 0.429003 3 266 2619822 413983
attack_memset 0.430002 2 259 2672732 360122
attack_memset 0.431002 2 237 2779843 259725
attack_memset 0.432002 1 1 2811234 236998
attack_memset 0.433002 2 260 2781457 258848
attack_memset 0.434002 2 263 2738839 298112
attack_memset 0.435002 2 261 2779120 259038
attack_memset 0.436002 2 269 2679769 352312
attack_memset 0.437002 2 259 2726120 311411
attack_memset 0.438002 1 0 2752339 295863
attack_memset 0.439002 2 236 2689560 345020
attack_memset 0.440003 2 250 2718942 313024
attack_memset 0.441002 25 265 2780501 257693
attack_memset 0.442002 4 266 2624579 407439
attack_memset 0.443002 1 0 2650117 393618
attack_memset 0.444003 3 245 2778188 258879
attack_memset 0.445002 9 263 2706869 328525
attack_memset 0.446002 2 252 2617456 414098
attack_memset 0.447002 2 248 2719208 317400
attack_memset 0.448002 1 1 2813465 236344
attack_memset 0.449002 2 267 2751089 285729
attack_memset 0.450002 2 247 2715571 321531
attack_memset 0.451002 14 251 2673041 360306
attack_memset 0.452003 3 241 2691814 341447
attack_memset 0.453002 1 0 2815809 236087
attack_memset 0.454002 2 250 2763030 273433
attack_memset 0.455002 2 281 2726294 310272
attack_memset 0.456002 2 248 2777317 258958
attack_memset 0.457003 2 261 2782627 259419
attack_memset 0.458002 2 261 2720820 313813
attack_memset 0.459002 1 0 2733555 314148
attack_memset 0.460003 3 246 2778066 259110
attack_memset 0.461002 2 256 2781395 259166
attack_memset 0.462002 2 251 2747271 280374
attack_memset 0.463002 2 247 2786503 524821
attack_memset 0.464002 1 1 2811919 237581
attack_memset 0.465002 2 250 2739808 277847
attack_memset 0.466002 3 252 2774915 264689
attack_memset 0.467002 2 262 2779675 263794
attack_memset 0.468003 2 254 2685567 296531
attack_memset 0.469002 2 256 2775316 265316
attack_memset 0.470002 1 0 2813613 241610
attack_memset 0.471002 2 240 2779207 263050
attack_memset 0.472002 2 257 2774492 265196
attack_memset 0.473003 2 243 2783559 259000
attack_memset 0.474002 2 249 2783956 257479
attack_memset 0.475002 2 240 2791857 253361
attack_memset 0.476002 0 6 2813600 235005
attack_memset 0.477002 2 275 2782032 257217
attack_memset 0.478002 2 256 2779629 258431
attack_memset 0.479002 2 245 2780448 258214
attack_memset 0.480003 2 273 2778564 258901
attack_memset 0.481003 2 0 2815270 235830
attack_memset 0.482002 2 253 2779490 257331
attack_memset 0.483002 2 255 2736319 300397
attack_memset 0.484002 2 259 2776533 259552
attack_memset 0.485003 2 261 2785629 257874
attack_memset 0.486002 3 271 2623283 351351
attack_memset 0.487003 1 0 2819721 235984
attack_memset 0.488002 2 249 2752409 273284
attack_memset 0.489002 2 248 2785379 257526
attack_memset 0.490002 2 253 2688673 314606
attack_memset 0.491002 2 252 2782771 258845
attack_memset 0.492002 1 1 2726558 290073
attack_memset 0.493003 2 277 2773739 263521
attack_memset 0.494002 2 260 2782810 257625
attack_memset 0.495002 2 255 2754446 258551
attack_memset 0.496003 2 233 2683832 250163
attack_memset 0.497003 2 260 2685159 250193
attack_memset 0.498002 1 0 2665376 260592
attack_memset 0.499002 2 249 2686975 249711
attack_memset 0.500003 2 267 2684464 250558
attack_memset 0.501005 2 229 2530912 346029
attack_memset 0.502003 1 0 2676129 250232
attack_memset 0.503002 1 250 2673716 255666
attack_memset 0.504002 3 265 2685096 358974
attack_memset 0.505002 2 262 2687269 513964
attack_memset 0.506002 2 261 2684255 515272
attack_memset 0.507002 1 0 2722000 494310
attack_memset 0.508003 2 259 2682522 404677
attack_memset 0.509002 2 260 2687098 250084
attack_memset 0.510003 2 252 2684811 250791
attack_memset 0.511002 3 264 2682880 249912
attack_memset 0.512003 4 3 2704956 236904
attack_memset 0.513005 10 261 2692650 250818
attack_memset 0.514004 3 261 2674693 251819
attack_memset 0.515009 3 241 2645659 308477
attack_memset 0.516003 27 281 2596275 280742
attack_memset 0.517003 1 0 2714816 228047
attack_memset 0.518003 2 256 2661837 272420
attack_memset 0.519007 6 244 2636891 310261
attack_memset 0.520003 5 255 2547800 347222
attack_memset 0.521004 1 258 2674628 249642
attack_memset 0.522003 1 0 2711770 228608
attack_memset 0.523003 3 237 2567743 345336
attack_memset 0.524003 31 272 2515328 394897
attack_memset 0.525003 90 269 2682302 250547
attack_memset 0.526002 3 0 2712190 227338
attack_memset 0.527002 5 257 2667860 264072
attack_memset 0.528002 3 259 2619365 305418
attack_memset 0.529003 2 259 2685583 250353
attack_memset 0.530003 3 245 2668939 259822
attack_memset 0.531003 1 0 2718988 228315
attack_memset 0.532003 2 251 2657088 270744
attack_memset 0.533002 2 245 2522263 400831
attack_memset 0.534002 2 252 2681607 249645
attack_memset 0.535003 7 256 2677024 256959
attack_memset 0.536003 1 1 2638635 288842
attack_memset 0.537003 1 271 2519443 401170
attack_memset 0.538002 3 244 2616432 306373
attack_memset 0.539002 3 255 2678643 251292
attack_memset 0.540003 2 4 2646183 285920
attack_memset 0.541003 46 279 2646519 284520
attack_memset 0.542002 4 262 2603020 326543
attack_memset 0.543002 2 257 2681726 249671
attack_memset 0.544003 6 271 2597298 325176
attack_memset 0.545003 1 0 2716925 227898
attack_memset 0.546002 2 251 2649905 280479
attack_memset 0.547003 3 254 2672750 259888
attack_memset 0.548003 34 269 2636622 280473
attack_memset 0.549002 20 271 2678302 249746
attack_memset 0.550002 1 0 2556109 379740
attack_memset 0.551003 3 239 2634258 298012
attack_memset 0.552005 7 247 2641340 281463
attack_memset 0.553003 54 244 2610012 312743
attack_memset 0.554003 1 2 2688352 253421
attack_memset 0.555003 22 278 2523203 399527
attack_memset 0.556003 4 239 2669009 255787
attack_memset 0.557003 2 248 2682236 248797
attack_memset 0.558003 2 258 2637641 291325
attack_memset 0.559002 1 0 2716943 227705
attack_memset 0.560003 2 260 2632547 292443
attack_memset 0.561003 11 243 2523383 400508
attack_memset 0.562002 3 247 2680452 251000
attack_memset 0.563002 2 0 2666719 274135
attack_memset 0.564003 8 273 2549597 364150
attack_memset 0.565002 59 252 2613342 311819
attack_memset 0.566002 15 260 2682019 250940
attack_memset 0.567002 2 252 2682295 250924
attack_memset 0.568003 1 4 2702332 236325
attack_memset 0.569003 10 260 2655635 273583
attack_memset 0.570002 2 261 2681787 250340
attack_memset 0.571002 2 265 2682728 249955
attack_memset 0.572003 5 269 2670055 255087
attack_memset 0.573002 1 0 2555247 379420
attack_memset 0.574002 2 266 2636967 293589
attack_memset 0.575002 8 240 2675129 250764
attack_memset 0.576003 38 257 2509920 408425
attack_memset 0.577003 1 0 2555477 379689
attack_memset 0.578002 2 236 2680832 249802
attack_memset 0.579002 2 262 2617516 313351
attack_memset 0.580003 6 273 2655836 264906
attack_memset 0.581003 3 241 2626813 303700
attack_memset 0.582002 1 0 2716260 227782
attack_memset 0.583002 3 259 2681037 251110
attack_memset 0.584003 2 309 2666361 260426
attack_memset 0.585003 14 251 2685465 249831
attack_memset 0.586002 2 280 2677226 252149
attack_memset 0.587002 1 0 2557882 380921
attack_memset 0.588003 2 272 2628842 297370
attack_memset 0.589003 5 262 2681883 250595
attack_memset 0.590002 2 267 2680756 251047
attack_memset 0.591002 1 0 2716524 227557
attack_memset 0.592002 3 238 2657007 269535
attack_memset 0.593003 28 257 2657452 275050
attack_memset 0.594002 2 252 2634927 292354
attack_memset 0.595002 2 262 2660894 271003
attack_memset 0.596003 1 3 2707315 234754
attack_memset 0.597003 4 259 2524752 400246
attack_memset 0.598002 2 255 2681766 250005
attack_memset 0.599002 6 259 2632080 298887
attack_memset 0.600003 3 262 2619818 308274
attack_memset 0.601003 1 0 2715444 227040
attack_memset 0.602002 2 257 2634236 294672
attack_memset 0.603002 2 241 2681408 250113
attack_memset 0.604003 2 253 2673749 256004
attack_memset 0.605002 3 243 2703654 235793
attack_memset 0.606002 2 13 2697841 236295
attack_memset 0.607002 2 241 2683112 249750
attack_memset 0.608002 3 266 2670953 255357
attack_memset 0.609003 3 273 2593480 336675
attack_memset 0.610002 1 0 2716658 227478
attack_memset 0.611002 2 261 2681541 250610
attack_memset 0.612003 2 250 2669246 254895
attack_memset 0.613002 2 261 2615775 313365
attack_memset 0.614002 2 263 2625052 305842
attack_memset 0.615002 1 0 2716987 227215
attack_memset 0.616002 3 256 2675079 255082
attack_memset 0.617003 2 255 2605151 322798
attack_memset 0.618002 2 272 2681822 250282
attack_memset 0.619002 2 260 2532178 394257
attack_memset 0.620002 1 4 2701766 236797
attack_memset 0.621003 10 268 2648375 281048
attack_memset 0.622002 2 246 2681628 250204
attack_memset 0.623002 2 258 2683565 248953
attack_memset 0.624002 5 280 2671582 256358
attack_memset 0.625002 1 0 2558132 379757
attack_memset 0.626002 2 267 2526026 399679
attack_memset 0.627002 2 273 2682427 249892
attack_memset 0.628002 2 269 2622692 303231
attack_memset 0.629003 1 0 2717722 227746
attack_memset 0.630002 2 245 2678700 250161
attack_memset 0.631002 5 251 2680576 250550
attack_memset 0.632002 3 276 2678835 251707
attack_memset 0.633002 4 254 2684747 249785
attack_memset 0.634002 1 0 2716941 227715
attack_memset 0.635002 8 249 2686034 245307
attack_memset 0.636002 8 253 2646924 281104
attack_memset 0.637002 2 261 2572989 355208
attack_memset 0.638002 1 0 2558195 379655
attack_memset 0.639002 5 237 2526283 400127
attack_memset 0.640002 2 237 2647685 281362
attack_memset 0.641003 2 274 2640996 278941
attack_memset 0.642002 2 232 2625429 284376
attack_memset 0.643002 1 0 2616667 289375
attack_memset 0.644002 2 253 2626766 283511
attack_memset 0.645002 10 250 2677948 278572
attack_memset 0.646002 2 258 2675930 279448
attack_memset 0.647002 2 237 2676953 276995
attack_memset 0.648002 1 1 2712065 247022
attack_memset 0.649003 2 295 2677856 256205
attack_memset 0.650003 2 262 2681980 255759
attack_memset 0.651002 2 250 2679447 255827
attack_memset 0.652002 2 260 2623078 274720
attack_memset 0.653003 1 0 2713214 255506
attack_memset 0.654003 2 265 2555378 303385
attack_memset 0.655002 2 256 2622091 288550
attack_memset 0.656002 2 261 2590383 354260
attack_memset 0.657002 1 0 2721130 227298
attack_memset 0.658002 2 260 2686161 248709
attack_memset 0.659002 2 263 2523431 344423
attack_memset 0.660002 2 256 2608338 294608
attack_memset 0.661003 2 290 2672620 494862
attack_memset 0.662002 1 0 2675851 435715
attack_memset 0.663002 2 244 2623573 430574
attack_memset 0.664002 2 256 2683293 376591
attack_memset 0.665003 2 264 2544853 304433
attack_memset 0.666002 1 0 2560706 286014
attack_memset 0.667002 2 255 2595478 294542
attack_memset 0.668003 2 259 2614276 283070
attack_memset 0.669002 2 241 2682387 248685
attack_memset 0.670002 2 247 2612535 316732
attack_memset 0.671002 1 0 2649462 293852
attack_memset 0.672002 2 267 2640667 284605
attack_memset 0.673003 2 257 2602268 325606
attack_memset 0.674002 2 283 2680750 251296
attack_memset 0.675002 1 0 2716882 227301
attack_memset 0.676002 4 256 2678593 252347
attack_memset 0.677003 2 255 2655828 246736
attack_memset 0.678002 2 255 2497032 295803
attack_memset 0.679002 2 250 2588607 241819
attack_memset 0.680002 1 1 2555103 257889
attack_memset 0.681003 2 246 2580686 268414
attack_memset 0.682002 2 274 2581995 266119
attack_memset 0.683002 2 269 2580644 268327
attack_memset 0.684002 1 1 2574182 347629
attack_memset 0.685003 2 253 2525355 411489
attack_memset 0.686002 3 238 2469621 346907
attack_memset 0.687002 2 251 2462080 329373
attack_memset 0.688003 1 1 2619879 476841
attack_memset 0.689003 2 257 2590634 496416
attack_memset 0.690002 2 240 2569364 476192
attack_memset 0.691002 2 257 2589752 428126
attack_memset 0.692002 1 1 2619640 324678
attack_memset 0.693002 2 266 2590137 496692
attack_memset 0.694002 2 251 2586416 494368
attack_memset 0.695002 2 257 2541681 437573
attack_memset 0.696003 2 260 2582956 394937
attack_memset 0.697003 1 0 2625294 219437
attack_memset 0.698002 3 260 2531569 273218
attack_memset 0.699002 2 261 2588564 241526
attack_memset 0.700003 12 252 2516398 282474
attack_memset 0.701002 1 0 2465730 311676
attack_memset 0.702002 2 277 2549417 264505
attack_memset 0.703002 2 250 2540716 269937
attack_memset 0.704002 3 263 2430865 334544
attack_memset 0.705003 1 0 2623381 479225
attack_memset 0.706002 2 252 2433078 298815
attack_memset 0.707002 2 267 2554450 452499
attack_memset 0.708002 2 233 2554310 356392
attack_memset 0.709003 1 0 2605346 230875
attack_memset 0.710002 2 249 2555116 260335
attack_memset 0.711002 2 256 2522321 279947
attack_memset 0.712002 2 270 2583707 241844
attack_memset 0.713002 1 0 2464391 312317
attack_memset 0.714002 2 236 2555897 260293
attack_memset 0.715003 3 255 2590337 242535
attack_memset 0.716006 2 269 2597424 242845
attack_memset 0.717008 1 0 2577790 256945
attack_memset 0.718006 3 265 2576084 242437
attack_memset 0.719003 2 252 2565521 241796
attack_memset 0.720002 6 272 2487984 329250
attack_memset 0.721003 1 0 2620093 219378
attack_memset 0.722002 2 255 2581799 241105
attack_memset 0.723002 2 248 2566058 259940
attack_memset 0.724002 2 266 2579141 242256
attack_memset 0.725003 3 266 2585265 242270
attack_memset 0.726002 1 0 2617558 221145
attack_memset 0.727002 3 268 2585131 241409
attack_memset 0.728002 2 263 2492818 327601
attack_memset 0.729003 2 253 2513761 310497
attack_memset 0.730002 1 0 2618589 219310
attack_memset 0.731003 5 251 2551184 275750
attack_memset 0.732002 2 265 2501939 316534
attack_memset 0.733003 2 253 2585281 242871
attack_memset 0.734002 1 0 2619435 219354
attack_memset 0.735002 2 256 2583545 242430
attack_memset 0.736002 2 264 2534869 286408
attack_memset 0.737002 2 245 2432205 387185
attack_memset 0.738002 1 0 2542150 292721
attack_memset 0.739002 2 255 2558257 267958
attack_memset 0.740002 3 245 2579211 242935
attack_memset 0.741003 2 241 2588340 241389
attack_memset 0.742002 1 0 2622362 219018
attack_memset 0.743002 2 261 2432763 333267
attack_memset 0.744002 2 258 2535816 272323
attack_memset 0.745002 2 238 2587442 242193
attack_memset 0.746002 1 0 2623451 218907
attack_memset 0.747002 2 266 2501288 293799
attack_memset 0.748002 9 258 2524195 277850
attack_memset 0.749003 2 267 2587761 243136
attack_memset 0.750002 2 249 2589147 241177
attack_memset 0.751002 1 0 2621941 218896
attack_memset 0.752003 2 262 2539170 269219
attack_memset 0.753003 2 261 2587800 241875
attack_memset 0.754002 2 245 2588447 241547
attack_memset 0.755002 1 0 2467444 311771
attack_memset 0.756002 2 262 2583882 242364
attack_memset 0.757003 2 259 2589813 242222
attack_memset 0.758002 2 267 2528304 277374
attack_memset 0.759002 1 0 2623455 219142
attack_memset 0.760002 2 251 2497494 284406
attack_memset 0.761003 2 249 2514613 393613
attack_memset 0.762002 2 238 2459442 328973
attack_memset 0.763002 1 0 2482887 291631
attack_memset 0.764002 2 258 2548897 255726
attack_memset 0.765003 2 251 2588608 242695
attack_memset 0.766002 2 257 2589145 241406
attack_memset 0.767002 1 0 2569629 250965
attack_memset 0.768002 4 256 2583977 242190
attack_memset 0.769003 2 259 2572129 252591
attack_memset 0.770002 3 261 2535193 272915
attack_memset 0.771002 1 0 2470062 275650
attack_memset 0.772003 2 264 2564248 249365
attack_memset 0.773003 4 273 2589927 240883
attack_memset 0.774002 3 248 2588360 241735
attack_memset 0.775002 2 0 2623733 219027
attack_memset 0.776002 2 262 2586814 241158
attack_memset 0.777003 3 268 2536607 156306
attack_memset 0.778002 2 260 2557771 123320
attack_memset 0.779003 3 245 2592415 76131
attack_memset 0.780003 1 1 2625169 135717
attack_memset 0.781003 2 261 2554342 284472
attack_memset 0.782002 2 254 2528610 288375
attack_memset 0.783002 2 259 2599441 279216
attack_memset 0.784003 1 1 2631556 257991
attack_memset 0.785003 2 265 2570104 282838
attack_memset 0.786002 2 263 2596750 278357
attack_memset 0.787003 2 243 2486701 292743
attack_memset 0.788002 1 1 2627994 259578
attack_memset 0.789003 2 260 2479553 293473
attack_memset 0.790002 2 249 2596960 281661
attack_memset 0.791002 2 249 2598352 278275
attack_memset 0.792003 1 1 2625204 246472
attack_memset 0.793003 3 265 2582071 246486
attack_memset 0.794002 2 260 2533290 273944
attack_memset 0.795002 2 269 2589678 240965
attack_memset 0.796002 2 249 2585670 241878
attack_memset 0.797003 1 0 2620042 227142
attack_memset 0.798002 2 260 2542585 261070
attack_memset 0.799002 2 270 2583949 250147
attack_memset 0.800002 2 265 2580795 249138
attack_memset 0.801003 1 0 2621649 227330
attack_memset 0.802002 2 259 2555889 257116
attack_memset 0.803002 2 258 2415290 317640
attack_memset 0.804002 33 268 2578674 242106
attack_memset 0.805003 1 0 2618574 220652
attack_memset 0.806002 2 258 2433642 386882
attack_memset 0.807002 2 247 2548824 277146
attack_memset 0.808002 3 250 2582333 242499
attack_memset 0.809003 1 0 2551238 262677
attack_memset 0.810002 2 260 2588633 241717
attack_memset 0.811002 2 249 2433607 333971
attack_memset 0.812002 2 258 2492874 296099
attack_memset 0.813003 1 0 2515770 258847
attack_memset 0.814003 2 252 2573203 244769
attack_memset 0.815002 2 256 2601548 231963
attack_memset 0.816003 2 268 2562051 296365
attack_memset 0.817003 1 0 2566735 253139
attack_memset 0.818002 2 257 2574661 250024
attack_memset 0.819002 2 259 2588623 242030
attack_memset 0.820002 2 269 2487275 300189
attack_memset 0.821003 1 0 2514084 286014
attack_memset 0.822002 2 263 2586380 241627
attack_memset 0.823002 3 250 2588739 241963
attack_memset 0.824002 5 264 2508083 290536
attack_memset 0.825003 1 0 2563795 275717
attack_memset 0.826002 2 254 2580977 244022
attack_memset 0.827002 2 259 2534142 290789
attack_memset 0.828002 2 268 2502169 318738
attack_memset 0.829003 2 244 2553433 273090
attack_memset 0.830003 1 0 2519516 316887
attack_memset 0.831002 2 260 2582500 242937
attack_memset 0.832003 2 249 2432992 350783
attack_memset 0.833002 2 256 2529124 168989
attack_memset 0.834002 1 6 2626004 51055
attack_memset 0.835002 2 265 2590245 77922
attack_memset 0.836002 2 238 2586308 144803
attack_memset 0.837003 3 255 2529619 276709
attack_memset 0.838002 1 0 2465051 313254
attack_memset 0.839002 2 247 2545942 266948
attack_memset 0.840002 2 255 2488556 300115
attack_memset 0.841003 2 269 2585615 247414
attack_memset 0.842002 1 0 2616930 224954
attack_memset 0.843003 2 259 2550091 260439
attack_memset 0.844002 2 246 2496888 284153
attack_memset 0.845003 2 260 2581973 268752
attack_memset 0.846002 1 0 2616020 246424
attack_memset 0.847002 3 246 2581030 269285
attack_memset 0.848002 2 259 2506084 284444
attack_memset 0.849003 2 242 2439021 298108
attack_memset 0.850002 1 0 2614498 246356
attack_memset 0.851002 2 245 2559753 273554
attack_memset 0.852002 3 249 2577518 268146
attack_memset 0.853003 2 273 2501239 285221
attack_memset 0.854002 1 0 2614843 247365
attack_memset 0.855002 2 269 2568436 271428
attack_memset 0.856002 2 256 2578115 268366
attack_memset 0.857003 2 239 2582267 266302
attack_memset 0.858002 2 265 2598912 254431
attack_memset 0.859002 2 10 2556025 261437
attack_memset 0.860002 2 272 2577998 258499
attack_memset 0.861003 2 256 2486295 337614
attack_memset 0.862002 1 0 2466713 365916
attack_memset 0.863002 2 246 2584092 243159
attack_memset 0.864002 2 253 2530103 291198
attack_memset 0.865003 2 266 2585138 242323
attack_memset 0.866002 3 253 2503320 320246
attack_memset 0.867002 1 0 2466840 366000
attack_memset 0.868003 2 262 2579897 242629
attack_memset 0.869003 2 264 2586283 242657
attack_memset 0.870002 2 245 2536962 286754
attack_memset 0.871002 1 0 2553572 283037
attack_memset 0.872002 2 246 2563366 259450
attack_memset 0.873003 2 270 2495789 329628
attack_memset 0.874002 2 258 2573755 259653
attack_memset 0.875002 1 0 2562844 274070
attack_memset 0.876002 2 256 2577932 268385
attack_memset 0.877003 4 281 2525355 281346
attack_memset 0.878002 2 248 2431872 332633
attack_memset 0.879002 1 0 2598010 233702
attack_memset 0.880003 2 252 2431318 334832
attack_memset 0.881002 2 240 2535856 272028
attack_memset 0.882002 2 243 2588721 241732
attack_memset 0.883002 1 0 2623807 219111
attack_memset 0.884002 2 257 2520903 280498
attack_memset 0.885003 2 268 2530952 276338
attack_memset 0.886002 2 271 2450559 321509
attack_memset 0.887003 1 0 2555788 260639
attack_memset 0.888003 2 256 2586291 241495
attack_memset 0.889003 2 247 2586464 240200
attack_memset 0.890002 3 248 2536245 272701
attack_memset 0.891002 1 0 2623723 219076
attack_memset 0.892002 2 257 2566678 253364
attack_memset 0.893003 2 273 2520950 282685
attack_memset 0.894002 2 260 2501132 292735
attack_memset 0.895002 1 0 2584606 242210
attack_memset 0.896002 2 268 2585669 241388
attack_memset 0.897003 3 265 2587624 242512
attack_memset 0.898002 2 237 2431133 386481
attack_memset 0.899002 1 0 2620308 219293
attack_memset 0.900002 2 251 2575175 248414
attack_memset 0.901003 3 266 2583691 244254
attack_memset 0.902002 3 253 2584383 242294
attack_memset 0.903002 2 277 2516183 307726
attack_memset 0.904002 1 1 2490295 340334
attack_memset 0.905003 2 253 2482980 340739
attack_memset 0.906002 2 278 2503400 319889
attack_memset 0.907002 2 243 2585935 242243
attack_memset 0.908003 1 1 2615217 219869
attack_memset 0.909002 2 242 2536557 286228
attack_memset 0.910002 2 253 2585358 242024
attack_memset 0.911002 2 241 2491998 331410
attack_memset 0.912002 1 1 2615355 219854
attack_memset 0.913003 2 253 2435075 386895
attack_memset 0.914002 2 239 2484728 337226
attack_memset 0.915002 2 229 2585291 242029
attack_memset 0.916002 1 1 2616592 219643
attack_memset 0.917003 3 249 2585909 241815
attack_memset 0.918002 2 266 2498771 324516
attack_memset 0.919002 2 257 2444309 376121
attack_memset 0.920003 1 1 2549403 285179
attack_memset 0.921003 2 260 2585879 241886
attack_memset 0.922002 2 264 2519365 304491
attack_memset 0.923002 2 245 2500084 322604
attack_memset 0.924008 1 1 2640189 221853
attack_memset 0.925005 3 256 2536433 269137
attack_memset 0.926003 3 253 2540899 277061
attack_memset 0.927002 2 252 2583607 242322
attack_memset 0.928003 1 1 2616008 219307
attack_memset 0.929003 2 257 2569677 252156
attack_memset 0.930002 2 256 2583377 247734
attack_memset 0.931002 2 240 2507295 273345
attack_memset 0.932003 1 1 2619830 222869
attack_memset 0.933003 2 249 2588195 241167
attack_memset 0.934002 3 267 2498263 295281
attack_memset 0.935002 2 264 2588761 241802
attack_memset 0.936003 1 1 2462564 312753
attack_memset 0.937003 2 262 2533975 420085
attack_memset 0.938003 2 244 2438336 299810
attack_memset 0.939002 2 241 2509533 393655
attack_memset 0.940003 1 1 2578840 319039
attack_memset 0.941003 2 272 2585649 247258
attack_memset 0.942002 4 261 2525681 266756
attack_memset 0.943002 2 241 2491285 279570
attack_memset 0.944003 1 1 2518736 258614
attack_memset 0.945003 2 265 2582400 248909
attack_memset 0.946002 2 261 2527826 266607
attack_memset 0.947002 2 260 2534211 264703
attack_memset 0.948003 1 1 2532359 358674
attack_memset 0.949002 3 258 2604567 471865
attack_memset 0.950002 2 231 2590656 498082
attack_memset 0.951002 2 239 2521532 405298
attack_memset 0.952003 2 268 2458425 282862
attack_memset 0.953003 1 10 2595621 255690
attack_memset 0.954002 18 254 2580600 269552
attack_memset 0.955002 2 252 2581864 267752
attack_memset 0.956003 2 272 2527694 279540
attack_memset 0.957003 1 0 2615039 246692
attack_memset 0.958002 2 264 2436164 297621
attack_memset 0.959002 2 267 2547444 273841
attack_memset 0.960003 5 252 2495641 310195
attack_memset 0.961003 2 0 2619178 220457
attack_memset 0.962002 2 252 2583443 243691
attack_memset 0.963002 9 257 2501171 323067
attack_memset 0.964003 2 256 2583488 243173
attack_memset 0.965002 1 0 2550970 281981
attack_memset 0.966002 2 247 2508102 316185
attack_memset 0.967002 2 243 2511853 312235
attack_memset 0.968003 2 256 2582084 242573
attack_memset 0.969003 1 0 2622330 219815
attack_memset 0.970002 2 269 2581236 242090
attack_memset 0.971002 2 236 2584597 242671
attack_memset 0.972003 2 264 2490199 328626
attack_memset 0.973003 1 0 2602158 231922
attack_memset 0.974002 2 249 2575421 248524
attack_memset 0.975002 2 256 2588419 241617
attack_memset 0.976003 2 261 2493095 296850
attack_memset 0.977002 1 0 2618706 219395
attack_memset 0.978002 2 255 2585029 242384
attack_memset 0.979002 2 266 2585006 242562
attack_memset 0.980003 2 272 2580938 243862
attack_memset 0.981002 2 243 2431650 387178
attack_memset 0.982002 1 0 2619608 219620
attack_memset 0.983002 2 260 2586210 241870
attack_memset 0.984003 2 262 2551673 271720
attack_memset 0.985002 2 254 2439320 379217
attack_memset 0.986003 1 0 2620959 219929
attack_memset 0.987002 2 241 2546533 277143
attack_memset 0.988003 3 276 2492652 328189
attack_memset 0.989003 2 260 2583774 242915
attack_memset 0.990002 1 0 2618003 220910
attack_memset 0.991002 2 278 2557208 269545
attack_memset 0.992003 2 271 2540903 279254
attack_memset 0.993003 2 269 2434623 386874
attack_memset 0.994002 1 0 2618553 219848
attack_memset 0.995002 2 247 2559475 266317
attack_memset 0.996003 3 253 2582153 242798
attack_memset 0.997003 2 268 2585490 242011
attack_memset 0.998002 1 0 2618501 219447
attack_memset 0.999002 2 242 2585650 242632
attack_memset 1.000003 2 265 2584645 242625
attack_memset 1.001002 2 282 2580428 243778
attack_memset 1.002002 1 0 2527748 305546
attack_memset 1.003002 3 12 2585961 239354
attack_memset 1.004003 3 247 2583727 242538
attack_memset 1.005003 2 277 2583867 241793
attack_memset 1.006002 2 245 2507969 315261
attack_memset 1.007002 1 0 2618435 220814
attack_memset 1.008003 2 273 2545078 277618
attack_memset 1.009003 2 275 2507486 316345
attack_memset 1.010002 2 249 2565669 260264
attack_memset 1.011002 1 0 2567261 269631
attack_memset 1.012003 2 231 2578597 243882
attack_memset 1.013003 2 253 2550124 275265
attack_memset 1.014002 2 258 2540187 284382
attack_memset 1.015002 1 0 2619803 219746
attack_memset 1.016003 2 254 2546013 275188
attack_memset 1.017002 24 259 2580967 242334
attack_memset 1.018002 3 254 2582477 244243
attack_memset 1.019003 1 0 2465741 366010
attack_memset 1.020003 2 252 2437911 331774
attack_memset 1.021002 22 265 2474036 288048
attack_memset 1.022003 3 263 2457112 292939
attack_memset 1.023002 1 0 2468679 276376
attack_memset 1.024003 4 272 2549973 255137
attack_memset 1.025003 2 276 2590208 241825
attack_memset 1.026002 2 272 2550040 263172
attack_memset 1.027002 2 0 2621580 220444
attack_memset 1.028003 2 263 2577269 265406
attack_memset 1.029002 2 240 2577527 267480
attack_memset 1.030002 2 274 2581161 266715
attack_memset 1.031003 1 0 2614470 246214
attack_memset 1.032003 2 261 2576685 268346
attack_memset 1.033003 2 249 2531546 277995
attack_memset 1.034002 2 268 2480208 287797
attack_memset 1.035002 1 0 2550303 258857
attack_memset 1.036003 3 263 2575045 269776
attack_memset 1.037003 2 254 2437647 296563
attack_memset 1.038002 2 248 2435314 298219
attack_memset 1.039002 1 0 2529797 264661
attack_memset 1.040003 2 268 2505624 283795
attack_memset 1.041003 2 251 2524655 280500
attack_memset 1.042002 3 266 2592553 287134
attack_memset 1.043002 1 0 2515218 266093
attack_memset 1.044003 2 237 2582618 257272
attack_memset 1.045002 2 244 2532235 273476
attack_memset 1.046002 2 259 2515797 282817
attack_memset 1.047002 1 0 2467340 311892
attack_memset 1.048003 2 238 2582918 246552
attack_memset 1.049003 2 265 2584897 253040
attack_memset 1.050002 3 242 2554605 259462
attack_memset 1.051002 1 0 2512124 263363
attack_memset 1.052003 2 279 2497999 271968
attack_memset 1.053003 2 298 2532552 273800
attack_memset 1.054002 2 243 2587832 241266
attack_memset 1.055002 2 267 2587555 242652
attack_memset 1.056003 1 1 2541511 264926
attack_memset 1.057002 2 256 2547425 265384
attack_memset 1.058002 2 247 2527341 278738
attack_memset 1.059002 3 250 2586152 242887
attack_memset 1.060003 1 1 2619281 219057
attack_memset 1.061003 2 271 2586919 242615
attack_memset 1.062002 2 247 2587340 242419
attack_memset 1.063002 2 254 2533598 274194
attack_memset 1.064003 1 1 2533035 270937
attack_memset 1.065003 2 261 2563403 256393
attack_memset 1.066002 2 256 2586140 241980
attack_memset 1.067002 4 249 2587399 241106
attack_memset 1.068003 1 1 2561862 254405
attack_memset 1.069003 2 259 2589128 241940
attack_memset 1.070003 2 260 2524049 279768
attack_memset 1.071002 3 261 2470666 313004
attack_memset 1.072003 1 1 2619155 218911
attack_memset 1.073002 2 264 2582763 242270
attack_memset 1.074002 2 253 2584266 242839
attack_memset 1.075002 2 272 2432573 386415
attack_memset 1.076003 1 1 2586653 248921
attack_memset 1.077003 2 263 2585028 242640
attack_memset 1.078002 2 256 2581371 242073
attack_memset 1.079002 2 269 2482423 337894
attack_memset 1.080003 2 271 2582249 243521
attack_memset 1.081002 1 0 2554031 259162
attack_memset 1.082004 2 259 2593057 242110
attack_memset 1.083002 2 280 2582869 240832
attack_memset 1.084003 2 257 2586824 241829
attack_memset 1.085003 1 0 2464518 313226
attack_memset 1.086003 4 263 2550739 264089
attack_memset 1.087003 2 231 2537698 271424
attack_memset 1.088003 2 278 2493621 296779
attack_memset 1.089003 1 0 2466243 311801
attack_memset 1.090002 2 256 2588654 241552
attack_memset 1.091002 2 236 2589285 240945
attack_memset 1.092003 2 241 2586530 241251
attack_memset 1.093003 1 0 2621310 219829
attack_memset 1.094002 2 257 2564448 255906
attack_memset 1.095002 3 262 2553641 260762
attack_memset 1.096003 2 328 2530707 275781
attack_memset 1.097002 1 0 2622007 219738
attack_memset 1.098002 2 259 2589113 240880
attack_memset 1.099002 2 260 2583419 247121
attack_memset 1.100003 2 256 2580302 245738
attack_memset 1.101003 2 256 2583275 241209
attack_memset 1.102002 1 0 2619094 219669
attack_memset 1.103002 2 243 2585831 242219
attack_memset 1.104003 2 265 2582412 242673
attack_memset 1.105003 2 257 2583785 242788
attack_memset 1.106002 1 0 2619392 219594
attack_memset 1.107002 2 255 2585000 242188
attack_memset 1.108003 2 247 2583437 241937
attack_memset 1.109002 4 269 2584962 242355
attack_memset 1.110002 1 0 2553041 282461
attack_memset 1.111002 2 258 2568931 256864
attack_memset 1.112003 2 246 2581163 242324
attack_memset 1.113003 2 259 2585510 242742
attack_memset 1.114002 1 0 2619356 219276
attack_memset 1.115002 2 178 2585447 239150
attack_memset 1.116003 7 240 2581428 243626
attack_memset 1.117003 2 270 2486713 335801
attack_memset 1.118002 2 250 2456564 372032
attack_memset 1.119002 1 11 2598861 229986
attack_memset 1.120003 2 248 2531608 288178
attack_memset 1.121003 2 272 2483056 339168
attack_memset 1.122002 3 230 2583683 243000
attack_memset 1.123002 1 0 2619785 219339
attack_memset 1.124003 2 272 2430468 386457
attack_memset 1.125003 3 261 2485205 338366
attack_memset 1.126002 2 248 2581239 241838
attack_memset 1.127002 1 0 2586186 251020
attack_memset 1.128003 2 254 2581839 243116
attack_memset 1.129003 2 269 2582186 242601
attack_memset 1.130002 2 257 2583551 242140
attack_memset 1.131002 1 0 2572717 264359
attack_memset 1.132003 3 244 2582400 243454
attack_memset 1.133003 6 314 2581142 244098
attack_memset 1.134002 2 260 2584273 241778
attack_memset 1.135002 1 0 2599509 238083
attack_memset 1.136003 2 238 2500882 317918
attack_memset 1.137003 2 253 2527972 295526
attack_memset 1.138003 2 267 2582641 242568
attack_memset 1.139002 1 0 2619096 219822
attack_memset 1.140003 3 238 2578166 243885
attack_memset 1.141003 2 255 2583778 241987
attack_memset 1.142002 5 258 2556504 267290
attack_memset 1.143002 1 0 2466646 366049
attack_memset 1.144003 2 260 2539124 285952
attack_memset 1.145003 2 263 2583683 242880
attack_memset 1.146002 2 271 2579821 242859
attack_memset 1.147002 2 256 2435390 385176
attack_memset 1.148003 1 1 2617155 219808
attack_memset 1.149003 2 255 2584934 241776
attack_memset 1.150002 2 256 2582919 242443
attack_memset 1.151002 2 244 2586088 241889
attack_memset 1.152003 1 4 2226467 465744
attack_memset 1.153003 3348 236 2353647 403842
attack_memset 1.154002 4 2 1740457 888814
attack_memset 1.155002 6034 159 1789549 811263
attack_memset 1.156003 8738 85 2414085 356549
attack_memset 1.157003 5 0 2616463 219204
attack_memset 1.158002 289 266 2583119 242534
attack_memset 1.159002 15 258 2433271 386722
attack_memset 1.160003 42 279 2423101 374780
attack_memset 1.161003 2 0 2620106 219700
attack_memset 1.162002 78 264 2434761 386116
attack_memset 1.163002 7 231 2549575 275262
attack_memset 1.164003 1792 288 2349735 404184
attack_memset 1.165003 2 0 2616234 219004
attack_memset 1.166002 282 286 2529647 293229
attack_memset 1.167002 2 248 2497346 294008
attack_memset 1.168003 3 251 2582600 243707
attack_memset 1.169003 2 0 2584440 253788
attack_memset 1.170002 2 257 2582274 242939
attack_memset 1.171002 2 266 2526114 297583
attack_memset 1.172003 2 248 2538740 260891
attack_memset 1.173003 1 0 2578552 253873
attack_memset 1.174002 2 251 2434433 297520
attack_memset 1.175002 2 256 2542680 277641
attack_memset 1.176003 3 247 2527381 342264
attack_memset 1.177003 1 0 2544905 372682
attack_memset 1.178002 2 258 2580752 489952
attack_memset 1.179002 2 261 2588745 496251
attack_memset 1.180003 103 259 2453414 298937
attack_memset 1.181003 1 0 2468807 366563
attack_memset 1.182002 14 265 2492197 327508
attack_memset 1.183002 2 252 2577114 247823
attack_memset 1.184003 3 262 2577063 241214
attack_memset 1.185002 2 266 2583282 242968
attack_memset 1.186003 1 0 2547086 290823
attack_memset 1.187002 2 257 2531492 289364
attack_memset 1.188003 2 266 2525978 294738
attack_memset 1.189002 1 0 2466416 365857
attack_memset 1.190002 2 255 2529294 295215
attack_memset 1.191002 2 250 2431353 388316
attack_memset 1.192003 2 248 2448418 369925
attack_memset 1.193003 1 0 2465324 365840
attack_memset 1.194002 2 271 2585161 240652
attack_memset 1.195002 2 275 2534557 292032
attack_memset 1.196003 2 256 2481401 337895
attack_memset 1.197003 1 0 2565834 242970
attack_memset 1.198002 2 257 2582371 247829
attack_memset 1.199002 2 277 2439097 296447
attack_memset 1.200003 2 240 2523484 265848
attack_memset 1.201002 1 0 2614981 224278
attack_memset 1.202002 2 262 2544618 261141
attack_memset 1.203002 2 265 2528034 265416
attack_memset 1.204003 4 253 2526561 267347
attack_memset 1.205003 1 0 2574967 123570
attack_memset 1.206002 2 241 2591594 76257
attack_memset 1.207002 2 267 2592415 75586
attack_memset 1.208003 2 267 2549444 195960
attack_memset 1.209002 16 255 2432144 330410
attack_memset 1.210003 1 0 2468559 366268
attack_memset 1.211003 2 316 2585949 242024
attack_memset 1.212003 3 247 2525502 291828
attack_memset 1.213003 2 253 2584685 241365
attack_memset 1.214002 1 0 2617857 219870
attack_memset 1.215002 2 227 2585638 241692
attack_memset 1.216002 2 267 2548377 275100
attack_memset 1.217003 9 258 2518630 304037
attack_memset 1.218003 1 0 2619699 219147
attack_memset 1.219003 2 252 2583733 242611
attack_memset 1.220003 2 265 2580210 241896
attack_memset 1.221003 2 270 2585055 241975
attack_memset 1.222002 1 0 2617634 219216
attack_memset 1.223002 2 247 2513031 311344
attack_memset 1.224003 4 257 2512170 307586
attack_memset 1.225003 2 264 2584714 242998
attack_memset 1.226002 1 0 2617730 219655
attack_memset 1.227002 2 263 2584390 242532
attack_memset 1.228003 2 259 2431331 364596
attack_memset 1.229003 3 255 2549956 264888
attack_memset 1.230002 1 0 2555789 258505
attack_memset 1.231002 2 227 2577612 247672
attack_memset 1.232003 2 254 2585154 241913
attack_memset 1.233003 2 255 2584203 241759
attack_memset 1.234002 2 245 2584143 241709
attack_memset 1.235002 1 0 2619308 218993
attack_memset 1.236003 2 264 2582939 241752
attack_memset 1.237002 4 267 2502699 291749
attack_memset 1.238002 2 254 2441597 327871
attack_memset 1.239002 1 0 2537629 270135
attack_memset 1.240003 2 259 2584888 243106
attack_memset 1.241003 2 246 2586557 242406
attack_memset 1.242002 2 264 2535087 274232
attack_memset 1.243002 1 0 2466598 275570
attack_memset 1.244003 2 258 2538409 262621
attack_memset 1.245003 2 275 2518037 281940
attack_memset 1.246002 3 250 2432150 332880
attack_memset 1.247002 1 0 2621318 219032
attack_memset 1.248003 2 249 2518944 300290
attack_memset 1.249003 3 242 2504102 318841
attack_memset 1.250002 2 251 2517069 305103
attack_memset 1.251002 1 0 2619902 219175
attack_memset 1.252003 2 248 2430845 386560
attack_memset 1.253002 2 254 2584155 241994
attack_memset 1.254003 2 265 2516989 308797
attack_memset 1.255002 1 0 2617681 219723
attack_memset 1.256003 2 250 2493707 328120
attack_memset 1.257003 2 269 2511466 311057
attack_memset 1.258002 2 251 2584494 241825
attack_memset 1.259002 1 0 2619524 219432
attack_memset 1.260003 2 257 2431446 386574
attack_memset 1.261003 3 274 2587616 241671
attack_memset 1.262003 2 239 2572732 252336
attack_memset 1.263002 1 0 2618394 219123
attack_memset 1.264003 2 252 2554204 267481
attack_memset 1.265003 20 264 2584202 243400
attack_memset 1.266002 2 232 2555862 268992
attack_memset 1.267002 2 0 2620637 219182
attack_memset 1.268003 2 261 2581794 242521
attack_memset 1.269003 3 257 2586631 241980
attack_memset 1.270002 2 250 2584866 241957
attack_memset 1.271002 2 237 2585022 242309
attack_memset 1.272003 1 1 2618260 219326
attack_memset 1.273003 2 253 2583932 249134
attack_memset 1.274002 2 248 2501185 275666
attack_memset 1.275002 2 298 2583235 248583
attack_memset 1.276003 1 1 2545239 247089
attack_memset 1.277003 2 276 2555891 269549
attack_memset 1.278002 2 252 2584147 242975
attack_memset 1.279002 2 259 2534806 290686
attack_memset 1.280003 1 1 2617024 219499
attack_memset 1.281003 2 262 2569191 258375
attack_memset 1.282002 2 253 2584726 240893
attack_memset 1.283002 2 256 2584009 242322
attack_memset 1.284003 1 1 2616893 219902
attack_memset 1.285003 2 265 2556851 269662
attack_memset 1.286003 2 252 2542980 282221
attack_memset 1.287003 2 251 2583300 242171
attack_memset 1.288003 2 268 2499493 321384
attack_memset 1.289003 1 0 2624900 219161
attack_memset 1.290002 2 243 2586352 241555
attack_memset 1.291002 2 263 2587730 241606
attack_memset 1.292003 2 276 2587127 241820
attack_memset 1.293002 1 0 2465080 311628
attack_memset 1.294002 2 254 2552786 262674
attack_memset 1.295002 2 245 2500250 294063
attack_memset 1.296003 2 260 2443398 326910
attack_memset 1.297003 1 0 2622848 219896
attack_memset 1.298002 2 254 2553161 262349
attack_memset 1.299002 3 270 2587591 242226
attack_memset 1.300003 2 256 2489080 299480
attack_memset 1.301003 1 0 2622840 219608
attack_memset 1.302002 2 253 2588239 241773
attack_memset 1.303003 7 251 2514738 286284
attack_memset 1.304003 9 273 2585937 241150
attack_memset 1.305002 1 0 2617593 219314
attack_memset 1.306002 4 270 2571512 255659
attack_memset 1.307002 2 256 2536439 272982
attack_memset 1.308003 2 276 2583953 242654
attack_memset 1.309003 1 11 2624500 219703
attack_memset 1.310002 1 12 2590900 236449
attack_memset 1.311002 2 262 2540383 270736
attack_memset 1.312003 2 278 2496322 294148
attack_memset 1.313003 2 252 2521963 281573
attack_memset 1.314002 2 0 2620269 221931
attack_memset 1.315002 6 255 2543476 268242
attack_memset 1.316003 2 260 2586370 242371
attack_memset 1.317003 2 244 2584480 246679
attack_memset 1.318002 1 0 2548015 249207
attack_memset 1.319002 2 279 2552050 257530
attack_memset 1.320003 2 263 2499016 276144
attack_memset 1.321003 2 260 2438028 297217
attack_memset 1.322002 1 0 2617293 225447
