no_flush 0.001016 227 46 684126 1492456
no_flush 0.002005 0 1 888428 1740901
no_flush 0.003003 3 242 885911 1788999
no_flush 0.004003 2 243 880891 1778707
no_flush 0.005003 0 2 895434 1785024
no_flush 0.006004 1 255 890841 1788915
no_flush 0.007003 0 2 895462 1781791
no_flush 0.008003 2 256 887200 1787060
no_flush 0.009003 0 1 896100 1784508
no_flush 0.010003 1 262 886679 1794102
no_flush 0.011003 0 1 896104 1787450
no_flush 0.012003 2 50 884505 1790511
no_flush 0.013003 1 257 887046 1796539
no_flush 0.014003 0 2 895124 1786179
no_flush 0.015003 1 268 887307 1797065
no_flush 0.016328 432 222 1541877 1248904
no_flush 0.017004 1 2 602974 1191944
no_flush 0.018003 87 269 887642 1790113
no_flush 0.019002 2 2 894540 1784947
no_flush 0.020003 15 261 866850 1758111
no_flush 0.021003 0 2 895590 1785880
no_flush 0.022003 1 251 886780 1796386
no_flush 0.023002 0 1 895134 1786879
no_flush 0.024003 3 255 884673 1794595
no_flush 0.025004 2 267 888866 1796011
no_flush 0.026003 0 2 893886 1784236
no_flush 0.027002 3 271 886523 1797152
no_flush 0.028003 0 3 873351 1742895
no_flush 0.029003 11 254 887788 1796397
no_flush 0.030002 0 1 895112 1785182
no_flush 0.031003 1 274 886829 1796354
no_flush 0.032004 764 238 1065410 1275340
no_flush 0.033004 4 2 893010 1777916
no_flush 0.034003 9 264 885915 1795200
no_flush 0.035003 0 1 895536 1787434
no_flush 0.036003 2 263 884724 1793493
no_flush 0.037003 0 2 896184 1787494
no_flush 0.038003 1 248 886628 1795639
no_flush 0.039003 0 2 895846 1787881
no_flush 0.040003 1 245 876299 1776911
no_flush 0.041003 3 250 865443 1745801
no_flush 0.042003 3 10 865836 1739333
no_flush 0.043003 1 243 861484 1746802
no_flush 0.044003 0 3 860154 1718029
no_flush 0.045004 3 253 863224 1745888
no_flush 0.046003 0 2 869288 1735688
no_flush 0.047003 1 259 861837 1747245
no_flush 0.048003 0 3 867757 1732985
no_flush 0.049003 3 257 862316 1746827
no_flush 0.050003 0 1 869744 1736584
no_flush 0.051003 1 253 862080 1746842
no_flush 0.052003 0 1 868949 1731091
no_flush 0.053003 1 248 862343 1747243
no_flush 0.054003 1 285 860897 1747396
no_flush 0.055002 0 1 870136 1737604
no_flush 0.056004 1 272 862517 1744634
no_flush 0.057003 0 1 869010 1735080
no_flush 0.058003 1 277 862063 1747219
no_flush 0.059002 0 2 870244 1737731
no_flush 0.060003 3 243 857619 1740997
no_flush 0.061004 0 2 872222 1737737
no_flush 0.062003 1 263 860897 1744969
no_flush 0.063002 0 2 870672 1738220
no_flush 0.064003 1 264 859851 1743755
no_flush 0.065003 0 2 871076 1737783
no_flush 0.066003 1 239 861279 1746280
no_flush 0.067003 2 242 861753 1746102
no_flush 0.068003 0 2 868933 1735333
no_flush 0.069003 1 256 862355 1746940
no_flush 0.070003 0 1 870164 1737365
no_flush 0.071003 1 261 861753 1746795
no_flush 0.072003 1 2 869841 1735633
no_flush 0.073003 1 261 861235 1746855
no_flush 0.074003 0 1 870160 1737491
no_flush 0.075003 1 247 861949 1747344
no_flush 0.076003 0 1 868681 1735293
no_flush 0.077003 1 262 862843 1746799
no_flush 0.078003 1 251 863500 1746249
no_flush 0.079002 0 1 869006 1735280
no_flush 0.080003 3 272 861134 1742132
no_flush 0.081003 0 2 870684 1737147
no_flush 0.082003 1 256 861568 1747352
no_flush 0.083002 0 1 871084 1735238
no_flush 0.084003 1 254 860222 1745062
no_flush 0.085003 0 1 870990 1737920
no_flush 0.086003 2 251 858323 1742068
no_flush 0.087002 0 3 869988 1737205
no_flush 0.088003 2 232 860429 1745215
no_flush 0.089003 0 2 871770 1737783
no_flush 0.090003 1 272 860855 1745771
no_flush 0.091003 1 253 862188 1746803
no_flush 0.092003 0 2 867991 1733764
no_flush 0.093003 1 256 862510 1747754
no_flush 0.094003 0 2 870300 1737772
no_flush 0.095003 1 259 861473 1746460
no_flush 0.096002 22 3 1015608 1115022
no_flush 0.097003 47 31 1337887 113951
no_flush 0.098002 5597 172 1352418 79955
no_flush 0.099002 847 317 1371924 32891
no_flush 0.100003 1255 251 1368653 31413
no_flush 0.101003 508 285 1373186 29675
no_flush 0.102002 0 0 1388606 455
no_flush 0.103002 9 237 1375722 25262
no_flush 0.104002 3 259 1367744 26723
no_flush 0.105002 1 245 1335315 26739
no_flush 0.106002 1 261 1334163 25440
no_flush 0.107002 1 276 1335579 25621
no_flush 0.108002 1 264 1333064 25960
no_flush 0.109003 1 3 1345614 26271
no_flush 0.110002 365 274 1332297 27996
no_flush 0.111002 11 252 1336563 25043
no_flush 0.112002 2 261 1333506 25600
no_flush 0.113002 2 254 1334895 25152
no_flush 0.114002 1 261 1334981 25465
no_flush 0.115002 0 0 1349876 448
no_flush 0.116003 2 278 1334023 28315
no_flush 0.117002 2 278 1334444 25245
no_flush 0.118002 1 260 1334909 27415
no_flush 0.119002 1 262 1335625 25199
no_flush 0.120002 118 239 1328284 31822
no_flush 0.121002 0 0 1348727 476
no_flush 0.122002 1 232 1335106 25650
no_flush 0.123002 1 256 1334958 26990
no_flush 0.124002 1 244 1334232 25304
no_flush 0.125003 3 306 1334911 27437
no_flush 0.126002 1 276 1334452 25202
no_flush 0.127002 0 0 1349749 456
no_flush 0.128003 1 237 1332416 34615
no_flush 0.129002 128 307 1334678 25931
no_flush 0.130002 1 255 1335565 25002
no_flush 0.131002 1 235 1335640 25107
no_flush 0.132003 3 274 1334353 27534
no_flush 0.133003 0 0 1347686 446
no_flush 0.134002 1 263 1335115 25133
no_flush 0.135002 1 265 1335574 25272
no_flush 0.136002 1 245 1333535 25944
no_flush 0.137002 3 258 1334886 25097
no_flush 0.138002 1 253 1335623 24850
no_flush 0.139002 1 254 1344111 10364
no_flush 0.140003 0 11 1341622 10703
no_flush 0.141002 1 257 1333796 25583
no_flush 0.142002 1 249 1336344 24198
no_flush 0.143002 1 238 1335436 25695
no_flush 0.144003 2 256 1333757 25686
no_flush 0.145002 1 266 1333150 26000
no_flush 0.146002 0 0 1350016 457
no_flush 0.147002 1 263 1334639 24960
no_flush 0.148003 1 256 1334250 26049
no_flush 0.149003 401 265 1331702 48706
no_flush 0.150002 1 245 1333636 25299
no_flush 0.151002 2 249 1335417 25411
no_flush 0.152002 1 1 1339850 1117
no_flush 0.153002 1 251 1295176 24935
no_flush 0.154002 1 251 1295595 25128
no_flush 0.155002 1 275 1295385 25081
no_flush 0.156002 1 270 1294395 25608
no_flush 0.157003 0 0 1310597 617
no_flush 0.158002 1 269 1295244 25666
no_flush 0.159002 1 263 1295178 25030
no_flush 0.160002 22 271 1293244 26893
no_flush 0.161003 13 270 1295708 25293
no_flush 0.162002 0 0 1309154 606
no_flush 0.163002 1 49 1205707 254854
no_flush 0.164003 616 272 1278081 98241
no_flush 0.165002 126 270 1291456 38779
no_flush 0.166002 1 247 1292701 38268
no_flush 0.167002 0 0 1308934 453
no_flush 0.168002 1 254 1294358 26556
no_flush 0.169002 1 271 1295615 25243
no_flush 0.170002 1 261 1295643 24740
no_flush 0.171002 1 250 1295267 25537
no_flush 0.172003 1 260 1295064 25834
no_flush 0.173002 0 0 1309368 449
no_flush 0.174002 1 244 1295511 25141
no_flush 0.175002 1 242 1296419 25362
no_flush 0.176002 1 263 1292907 27054
no_flush 0.177003 1 252 1295579 25246
no_flush 0.178002 0 0 1308830 461
no_flush 0.179002 1 244 1295952 24883
no_flush 0.180002 1 268 1294861 25672
no_flush 0.181003 1 239 1295339 25166
no_flush 0.182002 1 244 1295591 24883
no_flush 0.183002 0 0 1309470 467
no_flush 0.184002 1 242 1294285 25545
no_flush 0.185003 1 276 1296078 25123
no_flush 0.186002 1 263 1294533 27551
no_flush 0.187003 1 270 1296463 25003
no_flush 0.188002 3 275 1292911 25832
no_flush 0.189003 0 0 1310505 464
no_flush 0.190002 1 274 1295353 24023
no_flush 0.191002 1 268 1295074 25136
no_flush 0.192002 2 246 1294857 26059
no_flush 0.193002 1 255 1295754 25085
no_flush 0.194002 0 0 1309852 456
no_flush 0.195002 1 255 1295967 25185
no_flush 0.196003 2 273 1294689 26222
no_flush 0.197002 1 259 1294899 26020
no_flush 0.198002 1 260 1295121 25685
no_flush 0.199002 0 0 1309294 455
no_flush 0.200003 2 261 1294539 27301
no_flush 0.201002 7 250 1294842 25149
no_flush 0.202002 1 265 1295217 25277
no_flush 0.203002 1 258 1297735 25241
no_flush 0.204003 12 262 1288807 39877
no_flush 0.205003 2 0 1057245 1085034
no_flush 0.206004 10083 51 956424 1244562
no_flush 0.207004 9717 39 1116999 768785
no_flush 0.208002 174 2 1133903 780998
no_flush 0.209007 9968 91 1185516 440664
no_flush 0.210003 38 240 1256982 63523
no_flush 0.211005 60 285 1247014 45286
no_flush 0.212010 1 4 1262893 14920
no_flush 0.213004 20 258 1243366 25136
no_flush 0.214003 5 254 1248929 49066
no_flush 0.215003 3 278 1252754 32249
no_flush 0.216003 15 3 1243171 97679
no_flush 0.217007 2868 184 1235721 90599
no_flush 0.218002 87 257 1246188 25623
no_flush 0.219004 5072 123 1111291 622674
no_flush 0.220003 4 4 1053995 834424
no_flush 0.221003 9449 41 966521 1064621
no_flush 0.222002 9844 56 1061370 795239
no_flush 0.223004 10 0 1158316 513496
no_flush 0.224006 10039 85 1178998 186179
no_flush 0.225003 280 304 1232441 54503
no_flush 0.226003 4 248 1253692 25224
no_flush 0.227003 0 0 1269458 642
no_flush 0.228003 6 275 1243072 74458
no_flush 0.229002 224 313 1251462 27759
no_flush 0.230002 9 264 1255314 25671
no_flush 0.231003 5 287 1252614 42810
no_flush 0.232002 5 4 1256101 47856
no_flush 0.233003 209 301 1240101 112959
no_flush 0.234003 1783 279 1240883 56328
no_flush 0.235002 22 244 1251465 26750
no_flush 0.236002 0 1 1263777 2642
no_flush 0.237002 3 264 1254624 27852
no_flush 0.238003 2 251 1253839 37740
no_flush 0.239002 6 269 1253764 25393
no_flush 0.240005 3 268 1257500 31078
no_flush 0.241003 0 0 1265366 460
no_flush 0.242002 1 245 1254698 25224
no_flush 0.243002 1 251 1256136 25420
no_flush 0.244002 3 259 1235862 102924
no_flush 0.245003 251 247 1256814 26089
no_flush 0.246002 0 0 1268224 467
no_flush 0.247002 10 267 1255289 25508
no_flush 0.248003 1 242 1251198 30964
no_flush 0.249002 1 250 1255806 24760
no_flush 0.250002 0 0 1269912 466
no_flush 0.251002 1 273 1256270 25221
no_flush 0.252002 2 278 1251856 32806
no_flush 0.253003 4 265 1256540 24458
no_flush 0.254002 2 242 1255536 25077
no_flush 0.255002 0 0 1269874 477
no_flush 0.256003 1 267 1252965 31049
no_flush 0.257002 5 253 1255422 24626
no_flush 0.258002 1 250 1255977 25198
no_flush 0.259002 6 263 1256100 25021
no_flush 0.260003 0 1 1267188 3791
no_flush 0.261003 1 259 1254634 30410
no_flush 0.262002 1 264 1255029 25699
no_flush 0.263002 1 257 1255849 25632
no_flush 0.264003 1 267 1252837 31428
no_flush 0.265002 0 0 1269059 449
no_flush 0.266002 1 262 1255801 25099
no_flush 0.267002 1 262 1254976 25621
no_flush 0.268002 6 321 1252864 29813
no_flush 0.269002 0 0 1270052 455
no_flush 0.270002 1 260 1255249 26610
no_flush 0.271002 1 240 1255875 25065
no_flush 0.272002 3 255 1252925 30171
no_flush 0.273003 1 248 1256495 25507
no_flush 0.274002 0 0 1268580 456
no_flush 0.275002 1 261 1255622 24931
no_flush 0.276002 1 259 1253143 27906
no_flush 0.277003 1 271 1256419 24959
no_flush 0.278002 1 253 1255434 24930
no_flush 0.279002 0 0 1269908 481
no_flush 0.280002 1 274 1252078 27359
no_flush 0.281002 1 268 1256297 24985
no_flush 0.282002 1 251 1254891 25111
no_flush 0.283002 0 0 1269832 470
no_flush 0.284002 2 259 1241065 33136
no_flush 0.285003 8 252 1216246 24671
no_flush 0.286002 1 248 1215886 24920
no_flush 0.287002 1 279 1216409 25117
no_flush 0.288002 1 1 1227981 936
no_flush 0.289003 1 278 1216438 25016
no_flush 0.290002 1 254 1214860 25446
no_flush 0.291002 1 265 1216102 25170
no_flush 0.292002 0 1 1228384 1076
no_flush 0.293002 1 250 1216121 25116
no_flush 0.294002 1 260 1215639 24853
no_flush 0.295002 1 239 1215993 25214
no_flush 0.296002 0 1 1229005 929
no_flush 0.297003 13 271 1216507 24873
no_flush 0.298002 1 262 1215267 25429
no_flush 0.299002 1 268 1216014 25073
no_flush 0.300002 0 1 1228559 1080
no_flush 0.301003 1 268 1217034 25383
no_flush 0.302002 1 265 1215042 25350
no_flush 0.303002 1 267 1215982 25374
no_flush 0.304002 1 264 1214645 25469
no_flush 0.305003 0 0 1230362 451
no_flush 0.306002 1 253 1215533 26288
no_flush 0.307002 1 245 1216026 24869
no_flush 0.308002 1 250 1214226 25763
no_flush 0.309003 0 0 1230444 460
no_flush 0.310002 1 267 1215601 25135
no_flush 0.311002 1 261 1216168 24860
no_flush 0.312002 1 265 1214838 25448
no_flush 0.313003 0 0 1230397 466
no_flush 0.314002 1 247 1215494 25601
no_flush 0.315002 1 267 1216007 25412
no_flush 0.316002 1 255 1214727 25518
no_flush 0.317003 0 3 1227181 19058
no_flush 0.318002 4 259 1214634 24332
no_flush 0.319002 1 256 1215843 24799
no_flush 0.320003 1 253 1214208 26194
no_flush 0.321002 0 0 1230028 465
no_flush 0.322002 1 246 1215302 26384
no_flush 0.323002 1 254 1215633 26103
no_flush 0.324002 1 260 1214563 25171
no_flush 0.325003 1 251 1216607 26127
no_flush 0.326002 0 3 1226155 16596
no_flush 0.327002 8 242 1215303 24983
no_flush 0.328002 1 271 1212741 30583
no_flush 0.329003 1 261 1217319 24318
no_flush 0.330002 0 0 1228852 464
no_flush 0.331002 1 262 1216007 25295
no_flush 0.332002 1 267 1214356 26166
no_flush 0.333003 1 261 1216333 25288
no_flush 0.334002 0 0 1229343 465
no_flush 0.335002 1 272 1216154 25013
no_flush 0.336002 1 264 1213901 25604
no_flush 0.337003 1 265 1216080 25439
no_flush 0.338002 0 0 1229302 475
no_flush 0.339002 1 256 1215397 25621
no_flush 0.340002 2 266 1212552 34089
no_flush 0.341002 1 247 1215930 24380
no_flush 0.342002 4 244 1225041 10279
no_flush 0.343002 3 10 1222908 10138
no_flush 0.344002 1 253 1214406 26301
no_flush 0.345003 1 267 1217635 24898
no_flush 0.346002 1 253 1214816 24875
no_flush 0.347002 0 0 1230132 457
no_flush 0.348002 1 297 1208099 38746
no_flush 0.349002 1 280 1216134 25442
no_flush 0.350002 1 252 1215945 25360
no_flush 0.351002 0 0 1230094 447
no_flush 0.352002 1 255 1213982 26874
no_flush 0.353003 1 255 1216701 25065
no_flush 0.354002 1 276 1215416 25330
no_flush 0.355002 0 0 1230079 467
no_flush 0.356003 3 263 1215166 25597
no_flush 0.357003 1 256 1216093 24825
no_flush 0.358002 1 259 1215787 25708
no_flush 0.359002 0 0 1229785 450
no_flush 0.360002 3 252 1213907 25797
no_flush 0.361003 1 249 1216688 25460
no_flush 0.362002 2 257 1215453 24907
no_flush 0.363002 1 252 1216049 25128
no_flush 0.364002 0 1 1228450 1087
no_flush 0.365003 1 249 1216568 25457
no_flush 0.366002 1 276 1215771 24284
no_flush 0.367002 1 271 1215816 25576
no_flush 0.368002 0 1 1228675 1102
no_flush 0.369002 1 251 1216949 25253
no_flush 0.370002 1 237 1214969 25361
no_flush 0.371002 1 262 1216131 25096
no_flush 0.372003 0 2 1228874 1076
no_flush 0.373002 1 228 1215769 25251
no_flush 0.374002 1 266 1215924 25557
no_flush 0.375002 1 256 1215622 25249
no_flush 0.376002 0 1 1228643 918
no_flush 0.377003 1 274 1216196 25979
no_flush 0.378002 1 252 1215930 25231
no_flush 0.379002 1 258 1215871 24988
no_flush 0.380002 0 1 1227947 1097
no_flush 0.381003 12 259 1217148 24025
no_flush 0.382002 1 252 1215665 24865
no_flush 0.383002 1 264 1216378 24055
no_flush 0.384002 1 266 1214203 27019
no_flush 0.385003 0 0 1230488 453
no_flush 0.386002 1 271 1215787 25373
no_flush 0.387003 1 262 1216909 24958
no_flush 0.388002 6 257 1213629 25966
no_flush 0.389003 0 0 1230451 448
no_flush 0.390002 13 262 1215511 25126
no_flush 0.391002 1 239 1215977 25257
no_flush 0.392002 1 240 1214554 25839
no_flush 0.393002 0 0 1230000 450
no_flush 0.394002 1 270 1215960 26255
no_flush 0.395002 1 260 1215530 25320
no_flush 0.396002 2 256 1214547 25618
no_flush 0.397003 0 0 1230730 453
no_flush 0.398002 1 262 1215346 25049
no_flush 0.399002 1 262 1216290 24516
no_flush 0.400002 1 281 1214922 24767
no_flush 0.401003 1 254 1216728 25169
no_flush 0.402002 0 0 1229624 447
no_flush 0.403002 1 241 1215969 25437
no_flush 0.404002 1 248 1214970 25553
no_flush 0.405003 1 255 1216141 25284
no_flush 0.406002 0 0 1229391 455
no_flush 0.407002 1 265 1216360 24513
no_flush 0.408002 1 261 1214594 25659
no_flush 0.409002 1 266 1215588 24230
no_flush 0.410002 0 0 1230118 456
no_flush 0.411002 1 241 1215698 25532
no_flush 0.412003 3 266 1214347 26398
no_flush 0.413002 2 269 1215245 25614
no_flush 0.414002 0 0 1229504 458
no_flush 0.415002 2 263 1215850 25009
no_flush 0.416002 1 232 1214513 25582
no_flush 0.417003 1 260 1216344 25286
no_flush 0.418002 0 0 1219656 462
no_flush 0.419002 1 257 1176376 25421
no_flush 0.420003 1 249 1173767 26588
no_flush 0.421003 1 269 1175603 26170
no_flush 0.422002 0 0 1189598 446
no_flush 0.423002 1 265 1175792 25724
no_flush 0.424003 1 252 1175139 25545
no_flush 0.425003 1 250 1176786 25996
no_flush 0.426002 0 3 1186364 15088
no_flush 0.427002 2 249 1175549 24677
no_flush 0.428002 1 249 1174397 26395
no_flush 0.429003 1 267 1176676 26744
no_flush 0.430002 0 0 1188656 455
no_flush 0.431002 1 261 1175963 25340
no_flush 0.432002 3 263 1174368 25815
no_flush 0.433003 1 251 1176893 24839
no_flush 0.434002 0 0 1189544 460
no_flush 0.435002 1 261 1176124 25047
no_flush 0.436002 3 250 1174630 25918
no_flush 0.437003 20 271 1173227 41143
no_flush 0.438002 0 0 1189528 467
no_flush 0.439002 1 291 1176259 25383
no_flush 0.440003 1 242 1175957 25603
no_flush 0.441002 0 0 1188445 456
no_flush 0.442002 1 253 1175910 25459
no_flush 0.443002 1 259 1175845 25761
no_flush 0.444002 2 249 1173824 25948
no_flush 0.445003 0 0 1190370 476
no_flush 0.446002 1 274 1175141 25085
no_flush 0.447002 1 248 1176284 24928
no_flush 0.448003 1 262 1174303 25712
no_flush 0.449003 0 3 1186491 20249
no_flush 0.450003 7 271 1171443 43774
no_flush 0.451002 3 277 1175867 25081
no_flush 0.452002 5 263 1173768 27124
no_flush 0.453003 0 0 1191026 458
no_flush 0.454002 2 243 1175124 26214
no_flush 0.455002 1 261 1175536 26427
no_flush 0.456002 1 260 1174591 26447
no_flush 0.457002 0 0 1190306 474
no_flush 0.458002 1 259 1176656 24933
no_flush 0.459002 1 251 1175183 25081
no_flush 0.460003 0 1 1189042 915
no_flush 0.461003 3 261 1176407 25111
no_flush 0.462002 1 271 1175527 26056
no_flush 0.463002 1 261 1176532 25195
no_flush 0.464002 0 1 1187843 918
no_flush 0.465003 1 303 1176619 25611
no_flush 0.466002 1 259 1175891 24936
no_flush 0.467002 1 262 1175329 25437
no_flush 0.468002 0 1 1188909 1144
no_flush 0.469002 1 257 1176622 24936
no_flush 0.470002 1 256 1175657 24870
no_flush 0.471002 1 275 1176135 25280
no_flush 0.472002 1 1 1187371 1697
no_flush 0.473003 1 255 1176213 26037
no_flush 0.474002 1 264 1175769 25377
no_flush 0.475002 1 257 1175459 25864
no_flush 0.476002 0 1 1188279 1241
no_flush 0.477002 1 247 1176578 24933
no_flush 0.478002 1 266 1175838 24862
no_flush 0.479002 1 254 1175837 25223
no_flush 0.480003 0 2 1188863 1260
no_flush 0.481003 1 267 1175655 26217
no_flush 0.482002 1 259 1175125 25161
no_flush 0.483002 0 0 1190122 462
no_flush 0.484002 1 261 1174332 26429
no_flush 0.485003 1 257 1177395 25181
no_flush 0.486002 1 250 1174711 25427
no_flush 0.487003 0 0 1190585 453
no_flush 0.488002 1 264 1174113 25850
no_flush 0.489003 1 264 1175532 24691
no_flush 0.490002 1 261 1175217 25418
no_flush 0.491002 0 0 1190461 472
no_flush 0.492003 1 265 1174702 26000
no_flush 0.493002 1 268 1175454 25117
no_flush 0.494002 1 250 1175206 25622
no_flush 0.495002 0 0 1190124 467
no_flush 0.496002 1 267 1173555 26323
no_flush 0.497002 1 271 1176106 25481
no_flush 0.498002 2 266 1176013 25012
no_flush 0.499002 0 0 1189871 469
no_flush 0.500002 1 260 1174391 26928
no_flush 0.501003 1 253 1176896 24729
no_flush 0.502002 0 0 1190129 467
no_flush 0.503002 1 251 1175462 25173
no_flush 0.504002 1 252 1174471 25603
no_flush 0.505003 1 248 1175964 25401
no_flush 0.506003 0 0 1190421 462
no_flush 0.507003 1 255 1176172 24888
no_flush 0.508003 2 254 1174472 25807
no_flush 0.509003 1 263 1175199 26861
no_flush 0.510002 0 0 1189487 665
no_flush 0.511002 1 255 1175310 25750
no_flush 0.512003 2 275 1175996 25501
no_flush 0.513007 1 262 1180640 24841
no_flush 0.514003 1 3 1168296 70973
no_flush 0.515003 2778 189 1138840 193877
no_flush 0.516003 2473 290 1162765 38014
no_flush 0.517010 2094 287 1166290 125056
no_flush 0.518005 10 2 1154787 115524
no_flush 0.519004 5184 174 1135275 112657
no_flush 0.520003 339 286 1162762 34858
no_flush 0.521003 7 2 1179886 34483
no_flush 0.522003 2 267 1176303 24474
no_flush 0.523002 1 261 1175075 24942
no_flush 0.524003 9 252 1171650 29357
no_flush 0.525003 0 0 1190032 463
no_flush 0.526002 1 255 1176278 24329
no_flush 0.527002 1 266 1174925 25938
no_flush 0.528004 248 260 1164893 73425
no_flush 0.529002 2 0 1186024 2760
no_flush 0.530002 8 243 1175055 24846
no_flush 0.531005 3 263 1175212 57672
no_flush 0.532010 223 241 1169382 66853
no_flush 0.533003 2 0 1170575 2014
no_flush 0.534003 3 266 1173113 27153
no_flush 0.535003 2 256 1174081 27439
no_flush 0.536003 5 2 1181291 3506
no_flush 0.537003 3 302 1169022 55242
no_flush 0.538002 34 264 1175389 24304
no_flush 0.539002 1 264 1175667 25143
no_flush 0.540003 0 2 1187299 4752
no_flush 0.541003 1 275 1175850 25122
no_flush 0.542002 1 248 1175132 25610
no_flush 0.543002 4 256 1175465 26170
no_flush 0.544003 0 5 1178960 38709
no_flush 0.545003 61 272 1175291 25412
no_flush 0.546003 9 272 1173319 39498
no_flush 0.547002 2 242 1174486 26127
no_flush 0.548003 0 2 1187232 3454
no_flush 0.549003 2 250 1175007 26534
no_flush 0.550002 1 258 1174566 25433
no_flush 0.551006 2 245 1178630 39799
no_flush 0.552003 7 2 1180910 4948
no_flush 0.553005 22 276 1171060 49001
no_flush 0.554002 7 259 1172089 25808
no_flush 0.555002 0 0 1189555 454
no_flush 0.556003 3 255 1168282 51625
no_flush 0.557003 22 271 1175710 24187
no_flush 0.558003 1 267 1175734 25467
no_flush 0.559002 0 0 1188786 465
no_flush 0.560003 1 263 1172163 29673
no_flush 0.561003 2 265 1175118 30218
no_flush 0.562003 1 252 1173850 26683
no_flush 0.563002 0 0 1190070 467
no_flush 0.564003 1 288 1174099 28225
no_flush 0.565002 1 281 1175174 25040
no_flush 0.566002 2 279 1176253 25142
no_flush 0.567002 0 0 1190110 462
no_flush 0.568003 2 269 1172227 31922
no_flush 0.569002 1 246 1174880 24598
no_flush 0.570002 1 252 1175961 25404
no_flush 0.571002 0 0 1189837 448
no_flush 0.572003 1 246 1172413 29645
no_flush 0.573003 1 275 1176306 25152
no_flush 0.574002 0 0 1188804 455
no_flush 0.575002 1 240 1175736 25287
no_flush 0.576003 5 282 1173163 31065
no_flush 0.577002 1 260 1175095 24542
no_flush 0.578002 0 2 1188617 5600
no_flush 0.579002 1 278 1175520 25496
no_flush 0.580003 1 260 1174267 27449
no_flush 0.581003 1 275 1174948 25031
no_flush 0.582002 0 0 1189503 446
no_flush 0.583002 1 271 1175711 25087
no_flush 0.584003 1 240 1172615 29008
no_flush 0.585003 2 243 1176551 24935
no_flush 0.586002 0 0 1188996 452
no_flush 0.587003 19 252 1176667 24969
no_flush 0.588003 1 240 1173184 28480
no_flush 0.589002 1 276 1174687 25804
no_flush 0.590002 0 0 1189364 607
no_flush 0.591002 1 245 1175932 25292
no_flush 0.592003 2 303 1173332 29910
no_flush 0.593002 1 270 1185539 7995
no_flush 0.594002 1 7 1180864 13290
no_flush 0.595002 1 232 1175569 25337
no_flush 0.596003 1 278 1174395 29439
no_flush 0.597002 0 0 1188242 743
no_flush 0.598002 1 243 1176078 24991
no_flush 0.599002 1 255 1175413 25640
no_flush 0.600003 1 253 1172385 27201
no_flush 0.601002 0 0 1188730 457
no_flush 0.602002 1 266 1175948 25416
no_flush 0.603002 1 237 1176308 24275
no_flush 0.604003 1 270 1172302 28850
no_flush 0.605002 0 0 1189492 470
no_flush 0.606002 2 278 1175981 25525
no_flush 0.607002 1 269 1175858 25224
no_flush 0.608003 2 249 1173080 29750
no_flush 0.609002 0 0 1190393 462
no_flush 0.610002 1 257 1174694 25456
no_flush 0.611002 1 272 1176121 25002
no_flush 0.612003 1 246 1173595 28311
no_flush 0.613003 0 0 1190172 450
no_flush 0.614002 1 262 1175495 24550
no_flush 0.615002 1 274 1175304 25780
no_flush 0.616003 0 3 1185764 5324
no_flush 0.617003 1 270 1175793 24732
no_flush 0.618002 1 255 1175525 25558
no_flush 0.619003 1 245 1176886 25100
no_flush 0.620003 0 1 1187473 4234
no_flush 0.621002 1 259 1174086 24471
no_flush 0.622002 2 253 1175859 26180
no_flush 0.623002 1 266 1175867 25514
no_flush 0.624003 0 2 1188421 3795
no_flush 0.625002 1 264 1175416 25134
no_flush 0.626002 1 279 1175191 25840
no_flush 0.627002 1 270 1174844 25483
no_flush 0.628002 1 4 1185213 8140
no_flush 0.629003 4 260 1176658 25044
no_flush 0.630002 1 256 1174625 26087
no_flush 0.631002 1 251 1175640 25445
no_flush 0.632002 0 2 1187271 5348
no_flush 0.633002 1 254 1176135 25305
no_flush 0.634002 1 243 1174753 26907
no_flush 0.635002 0 0 1190139 462
no_flush 0.636003 1 237 1175235 25990
no_flush 0.637002 1 282 1174461 26448
no_flush 0.638003 4 238 1176162 25076
no_flush 0.639002 0 0 1189936 460
no_flush 0.640003 1 271 1174625 25923
no_flush 0.641002 1 263 1174941 25031
no_flush 0.642002 1 266 1175675 25758
no_flush 0.643002 0 0 1189540 448
no_flush 0.644002 2 237 1175101 24713
no_flush 0.645002 2 264 1175642 25867
no_flush 0.646003 1 271 1174149 40764
no_flush 0.647002 0 0 1188300 453
no_flush 0.648003 1 268 1174590 26401
no_flush 0.649003 1 246 1174615 37222
no_flush 0.650002 2 251 1173180 27973
no_flush 0.651002 0 0 1190042 448
no_flush 0.652002 1 241 1174999 25024
no_flush 0.653003 1 260 1176278 25491
no_flush 0.654002 1 252 1175585 25063
no_flush 0.655002 0 0 1189840 456
no_flush 0.656002 1 269 1174904 25527
no_flush 0.657003 7 232 1172805 41405
no_flush 0.658002 1 0 1189274 448
no_flush 0.659002 1 264 1175912 25153
no_flush 0.660003 2 271 1174162 31335
no_flush 0.661002 5 258 1174260 24565
no_flush 0.662003 0 0 1190627 457
no_flush 0.663002 1 253 1174957 25034
no_flush 0.664002 1 258 1172806 26157
no_flush 0.665003 1 255 1175743 25424
no_flush 0.666002 0 0 1189764 451
no_flush 0.667002 1 254 1176084 24840
no_flush 0.668003 1 257 1174971 25588
no_flush 0.669003 1 253 1176040 24716
no_flush 0.670002 0 0 1189132 466
no_flush 0.671002 1 262 1175723 25491
no_flush 0.672003 1 265 1175071 26253
no_flush 0.673002 1 256 1174589 26552
no_flush 0.674002 0 0 1188806 475
no_flush 0.675002 1 254 1175231 25395
no_flush 0.676002 2 288 1174554 25511
no_flush 0.677003 0 0 1190397 463
no_flush 0.678002 2 275 1174551 24205
no_flush 0.679002 2 266 1175530 25445
no_flush 0.680002 1 260 1173805 27992
no_flush 0.681002 0 0 1190718 455
no_flush 0.682002 2 246 1175890 24046
no_flush 0.683002 1 257 1175402 26156
no_flush 0.684002 1 274 1174380 25775
no_flush 0.685003 0 0 1190707 461
no_flush 0.686002 1 255 1175032 25057
no_flush 0.687002 1 274 1176239 25384
no_flush 0.688002 1 270 1173432 27471
no_flush 0.689002 0 0 1190244 455
no_flush 0.690002 1 259 1175638 24245
no_flush 0.691002 1 253 1176004 25066
no_flush 0.692002 2 260 1174792 25425
no_flush 0.693002 0 0 1190292 446
no_flush 0.694002 1 243 1176084 24833
no_flush 0.695002 1 272 1176133 24995
no_flush 0.696002 1 283 1173717 25486
no_flush 0.697003 0 0 1190770 463
no_flush 0.698002 1 261 1175333 24981
no_flush 0.699002 1 264 1176132 25305
no_flush 0.700002 0 1 1189049 1083
no_flush 0.701003 1 264 1175968 24964
no_flush 0.702002 1 251 1175824 25377
no_flush 0.703002 1 254 1175740 25943
no_flush 0.704002 0 1 1188461 913
no_flush 0.705003 1 252 1177002 25294
no_flush 0.706002 1 253 1175285 25296
no_flush 0.707002 1 256 1175733 25485
no_flush 0.708002 0 1 1188731 1217
no_flush 0.709002 2 258 1176302 24820
no_flush 0.710002 1 260 1176237 24989
no_flush 0.711002 1 264 1176069 25071
no_flush 0.712003 0 1 1189071 1071
no_flush 0.713003 1 280 1176487 25184
no_flush 0.714003 1 244 1176295 25724
no_flush 0.715002 2 256 1174420 25868
no_flush 0.716003 0 1 1189540 1117
no_flush 0.717003 1 259 1175796 24848
no_flush 0.718003 1 247 1175010 25119
no_flush 0.719002 2 259 1176437 23537
no_flush 0.720002 0 1 1187595 1083
no_flush 0.721003 1 264 1176229 26105
no_flush 0.722002 1 243 1175279 26378
no_flush 0.723002 0 0 1190151 460
no_flush 0.724002 1 256 1174225 25621
no_flush 0.725002 1 238 1176517 24329
no_flush 0.726002 1 269 1175926 25112
no_flush 0.727002 0 0 1189720 446
no_flush 0.728002 1 268 1173101 26689
no_flush 0.729003 1 250 1175657 25476
no_flush 0.730002 1 244 1175300 25992
no_flush 0.731002 0 0 1189852 469
no_flush 0.732002 2 262 1173188 26398
no_flush 0.733002 1 241 1175942 25098
no_flush 0.734002 1 252 1175656 24987
no_flush 0.735002 0 0 1190054 468
no_flush 0.736002 1 254 1174655 25525
no_flush 0.737003 1 250 1176755 25571
no_flush 0.738002 1 257 1175255 25476
no_flush 0.739002 0 0 1189288 460
no_flush 0.740002 1 251 1174399 25453
no_flush 0.741002 2 267 1175926 24631
no_flush 0.742002 0 0 1189988 462
no_flush 0.743002 1 247 1176619 24638
no_flush 0.744002 2 269 1174338 26393
no_flush 0.745002 2 274 1176002 25494
no_flush 0.746002 0 0 1190060 475
no_flush 0.747002 1 260 1176222 25354
no_flush 0.748003 1 259 1175471 25648
no_flush 0.749002 1 263 1175304 25575
no_flush 0.750002 0 0 1189817 455
no_flush 0.751002 1 265 1175995 25607
no_flush 0.752003 3 265 1175480 25984
no_flush 0.753003 1 270 1175992 23970
no_flush 0.754002 0 0 1189549 463
no_flush 0.755002 2 265 1175715 25966
no_flush 0.756002 2 239 1172157 36130
no_flush 0.757003 2 277 1172737 40663
no_flush 0.758002 0 0 1189536 463
no_flush 0.759002 1 260 1175647 25862
no_flush 0.760002 2 267 1174006 25542
no_flush 0.761003 1 258 1169817 14143
no_flush 0.762002 0 11 1145035 6374
no_flush 0.763002 1 264 1136242 24839
no_flush 0.764002 1 264 1134300 25928
no_flush 0.765003 3 0 1150221 504
no_flush 0.766002 1 268 1135702 25504
no_flush 0.767003 5 275 1132733 40765
no_flush 0.768003 0 1 1147994 1102
no_flush 0.769002 2 266 1135778 25278
no_flush 0.770002 1 250 1136561 24600
no_flush 0.771002 1 255 1136494 24931
no_flush 0.772002 0 2 1148274 1082
no_flush 0.773002 1 265 1136432 25044
no_flush 0.774002 2 244 1135983 24962
no_flush 0.775002 0 0 1149982 456
no_flush 0.776003 16 265 1134357 26331
no_flush 0.777003 1 270 1136487 24837
no_flush 0.778002 1 272 1135541 25030
no_flush 0.779002 0 0 1150103 460
no_flush 0.780002 1 270 1135323 25671
no_flush 0.781002 2 260 1135551 25164
no_flush 0.782002 0 0 1149706 455
no_flush 0.783002 1 264 1136324 25086
no_flush 0.784002 1 267 1133418 25380
no_flush 0.785003 2 264 1137308 24304
no_flush 0.786002 0 0 1149036 453
no_flush 0.787002 1 262 1136164 24982
no_flush 0.788002 1 274 1134533 25554
no_flush 0.789003 0 0 1150871 461
no_flush 0.790002 1 257 1135212 25414
no_flush 0.791002 1 260 1136334 24831
no_flush 0.792003 1 264 1134957 25643
no_flush 0.793002 0 0 1150242 472
no_flush 0.794002 2 271 1135325 25925
no_flush 0.795002 1 241 1136021 25342
no_flush 0.796002 0 1 1148813 931
no_flush 0.797003 1 273 1136858 24903
no_flush 0.798002 1 263 1135691 25407
no_flush 0.799002 1 266 1135558 26369
no_flush 0.800002 0 1 1148591 928
no_flush 0.801002 1 255 1136488 24923
no_flush 0.802003 1 254 1137468 25065
no_flush 0.803002 0 0 1149224 448
no_flush 0.804002 1 244 1134439 25935
no_flush 0.805002 1 273 1136755 24284
no_flush 0.806002 1 262 1136026 25309
no_flush 0.807002 0 0 1149964 451
no_flush 0.808002 1 256 1134506 26144
no_flush 0.809003 1 268 1136261 25339
no_flush 0.810002 0 0 1150188 456
no_flush 0.811002 1 250 1135940 25833
no_flush 0.812002 1 256 1135130 24921
no_flush 0.813003 1 257 1136438 25493
no_flush 0.814002 0 0 1149791 458
no_flush 0.815002 1 268 1136185 25575
no_flush 0.816003 2 253 1134877 26175
no_flush 0.817003 0 0 1150265 651
no_flush 0.818002 1 267 1135605 24925
no_flush 0.819002 1 253 1136100 25479
no_flush 0.820003 1 268 1135385 26118
no_flush 0.821002 0 0 1149637 453
no_flush 0.822002 1 273 1136365 25160
no_flush 0.823002 1 252 1135976 25648
no_flush 0.824002 0 1 1148910 921
no_flush 0.825002 1 252 1136493 25093
no_flush 0.826002 2 249 1136106 25008
no_flush 0.827002 1 244 1136168 24853
no_flush 0.828002 0 1 1148575 916
no_flush 0.829003 1 233 1136628 24940
no_flush 0.830002 1 243 1136117 25320
no_flush 0.831002 0 0 1150120 456
no_flush 0.832002 1 258 1134577 25798
no_flush 0.833002 1 259 1136436 25025
no_flush 0.834002 1 263 1136356 25040
no_flush 0.835002 0 0 1150270 455
no_flush 0.836002 1 256 1134620 26212
no_flush 0.837002 1 257 1136634 25526
no_flush 0.838002 1 0 1149836 453
no_flush 0.839002 1 247 1135464 27073
no_flush 0.840002 1 255 1134378 27021
no_flush 0.841003 1 256 1137151 24682
no_flush 0.842002 0 0 1149504 459
no_flush 0.843002 1 264 1136270 25091
no_flush 0.844002 1 263 1134670 25323
no_flush 0.845003 0 0 1151022 448
no_flush 0.846002 1 242 1136012 24537
no_flush 0.847002 1 269 1135789 25423
no_flush 0.848002 2 271 1134988 25429
no_flush 0.849003 0 0 1149972 457
no_flush 0.850002 1 256 1135838 24943
no_flush 0.851002 1 248 1136450 24855
no_flush 0.852003 0 1 1149381 1067
no_flush 0.853002 1 261 1135737 25227
no_flush 0.854002 1 255 1136484 24958
no_flush 0.855002 1 272 1136064 25618
no_flush 0.856003 0 1 1149385 934
no_flush 0.857003 1 265 1135992 26130
no_flush 0.858002 1 260 1136331 24546
no_flush 0.859002 0 0 1150239 453
no_flush 0.860002 1 240 1134540 25485
no_flush 0.861003 1 275 1137124 24056
no_flush 0.862002 1 245 1136454 24848
no_flush 0.863002 0 0 1150032 447
no_flush 0.864002 1 266 1134834 26127
no_flush 0.865002 1 249 1136152 25704
no_flush 0.866002 0 0 1150210 491
no_flush 0.867003 1 252 1133286 40403
no_flush 0.868002 1 281 1135214 24222
no_flush 0.869004 1 253 1140945 24836
no_flush 0.870002 0 0 1188740 457
no_flush 0.871002 1 267 1176429 24955
no_flush 0.872002 1 249 1174959 25293
no_flush 0.873003 1 242 1176689 25717
no_flush 0.874002 0 0 1189662 453
no_flush 0.875002 1 258 1176128 25327
no_flush 0.876002 1 267 1175154 26497
no_flush 0.877003 0 0 1189664 448
no_flush 0.878003 1 260 1172893 38604
no_flush 0.879002 1 262 1175714 25001
no_flush 0.880002 1 275 1174590 25331
no_flush 0.881003 0 0 1190610 448
no_flush 0.882002 1 261 1176191 24463
no_flush 0.883002 1 267 1176039 26078
no_flush 0.884002 1 265 1174738 25695
no_flush 0.885003 0 0 1190586 453
no_flush 0.886002 1 247 1175446 25387
no_flush 0.887002 1 259 1176629 24152
no_flush 0.888002 1 276 1173959 25950
no_flush 0.889003 0 0 1190966 448
no_flush 0.890002 1 250 1175526 24935
no_flush 0.891002 1 258 1176415 24696
no_flush 0.892002 1 260 1174747 25824
no_flush 0.893002 0 0 1190370 467
no_flush 0.894002 1 274 1175865 25967
no_flush 0.895002 2 250 1176030 25631
no_flush 0.896002 1 281 1174827 25341
no_flush 0.897003 0 0 1190912 448
no_flush 0.898002 1 272 1176020 24949
no_flush 0.899002 1 259 1175879 24862
no_flush 0.900002 0 1 1188951 917
no_flush 0.901003 1 253 1176947 25082
no_flush 0.902002 1 243 1175704 25013
no_flush 0.903002 1 262 1176534 25281
no_flush 0.904003 0 1 1188460 1082
no_flush 0.905003 1 270 1176565 24708
no_flush 0.906002 1 269 1175125 26294
no_flush 0.907002 1 269 1176025 24989
no_flush 0.908002 0 1 1189005 1057
no_flush 0.909002 1 255 1176026 24902
no_flush 0.910002 1 246 1176162 25080
no_flush 0.911002 1 244 1176062 25537
no_flush 0.912002 0 1 1187233 926
no_flush 0.913003 1 255 1177382 24845
no_flush 0.914002 1 251 1175274 24277
no_flush 0.915002 1 269 1176500 24367
no_flush 0.916002 0 1 1187781 905
no_flush 0.917003 1 269 1176305 24031
no_flush 0.918002 1 264 1175731 25762
no_flush 0.919002 0 0 1190162 448
no_flush 0.920002 1 266 1174125 25822
no_flush 0.921002 1 259 1176263 24944
no_flush 0.922002 1 254 1175549 25730
no_flush 0.923003 0 0 1190627 453
no_flush 0.924002 1 266 1173397 25864
no_flush 0.925002 1 270 1175690 25123
no_flush 0.926002 1 247 1175823 25379
no_flush 0.927002 0 0 1189608 459
no_flush 0.928002 1 283 1174357 26224
no_flush 0.929002 1 254 1175390 25230
no_flush 0.930002 1 254 1176341 24201
no_flush 0.931002 0 0 1190352 474
no_flush 0.932002 1 261 1174349 24941
no_flush 0.933002 2 265 1176585 24951
no_flush 0.934002 1 280 1175687 25041
no_flush 0.935002 0 0 1190191 454
no_flush 0.936003 1 279 1174845 25964
no_flush 0.937002 1 271 1176040 25436
no_flush 0.938002 2 258 1175641 25562
no_flush 0.939002 0 0 1190301 450
no_flush 0.940002 1 292 1175053 26240
no_flush 0.941003 1 279 1176226 24919
no_flush 0.942002 0 0 1189775 460
no_flush 0.943002 1 256 1175995 25089
no_flush 0.944002 1 254 1174444 24740
no_flush 0.945003 1 260 1176340 25701
no_flush 0.946002 0 0 1189774 462
no_flush 0.947002 1 247 1176110 25085
no_flush 0.948002 1 287 1175141 24858
no_flush 0.949003 1 261 1176616 24852
no_flush 0.950002 0 0 1190192 457
no_flush 0.951002 1 268 1176131 25262
no_flush 0.952003 1 254 1175509 25877
no_flush 0.953002 1 262 1175786 24069
no_flush 0.954002 0 0 1190061 453
no_flush 0.955002 1 241 1176214 25425
no_flush 0.956002 1 275 1173906 27205
no_flush 0.957003 1 258 1175865 25031
no_flush 0.958002 0 0 1189462 455
no_flush 0.959002 1 231 1176374 24945
no_flush 0.960002 1 260 1174211 26123
no_flush 0.961003 1 250 1181578 16775
no_flush 0.962002 0 12 1186124 4128
no_flush 0.963002 1 252 1175836 25458
no_flush 0.964003 1 272 1174573 27071
no_flush 0.965002 0 0 1190047 457
no_flush 0.966002 1 262 1176071 24293
no_flush 0.967002 1 253 1174797 25018
no_flush 0.968002 1 267 1174501 27284
no_flush 0.969003 0 0 1190286 604
no_flush 0.970002 1 258 1175269 25233
no_flush 0.971002 1 248 1176156 25167
no_flush 0.972002 1 261 1174480 26539
no_flush 0.973002 0 0 1190662 453
no_flush 0.974002 1 259 1175700 25496
no_flush 0.975002 1 252 1175559 25328
no_flush 0.976002 4 257 1173352 27056
no_flush 0.977003 0 0 1191440 462
no_flush 0.978002 1 271 1174612 25373
no_flush 0.979003 13 265 1174938 26841
no_flush 0.980003 2 252 1175031 26576
no_flush 0.981003 0 0 1189220 455
no_flush 0.982002 1 247 1176191 25072
no_flush 0.983002 1 260 1175835 24317
no_flush 0.984002 1 1 1187876 2033
no_flush 0.985003 1 243 1176768 24609
no_flush 0.986002 1 258 1175415 25822
no_flush 0.987002 3 242 1159799 25338
no_flush 0.988003 0 1 1148817 1080
no_flush 0.989003 2 270 1133356 40350
no_flush 0.990002 3 233 1135729 25345
no_flush 0.991002 1 242 1136926 24020
no_flush 0.992002 0 1 1148368 1078
no_flush 0.993003 1 276 1135630 25754
no_flush 0.994002 1 265 1136078 25204
no_flush 0.995002 0 0 1149740 462
no_flush 0.996003 1 258 1134527 25822
no_flush 0.997002 1 245 1136131 24666
no_flush 0.998002 1 255 1136462 25514
no_flush 0.999002 0 0 1149733 459
no_flush 1.000002 1 252 1134991 25785
no_flush 1.001002 1 287 1135614 26420
no_flush 1.002002 0 0 1149992 468
no_flush 1.003003 1 250 1137137 25509
no_flush 1.004002 1 250 1133718 25292
no_flush 1.005002 1 242 1136097 24987
no_flush 1.006002 0 0 1149934 455
no_flush 1.007002 1 256 1136471 24858
no_flush 1.008002 1 259 1135137 25242
no_flush 1.009003 0 0 1150878 609
no_flush 1.010002 1 255 1135874 25149
no_flush 1.011002 1 265 1135748 25365
no_flush 1.012003 1 255 1135254 25866
no_flush 1.013003 0 0 1150297 460
no_flush 1.014002 1 257 1135455 25332
no_flush 1.015003 1 262 1136456 24886
no_flush 1.016002 0 1 1147991 1074
no_flush 1.017003 1 265 1136433 24970
no_flush 1.018002 1 263 1135946 25633
no_flush 1.019002 2 267 1134991 24202
no_flush 1.020002 0 1 1147776 942
no_flush 1.021003 2 250 1136297 25011
no_flush 1.022002 1 265 1135500 25017
no_flush 1.023002 0 0 1149686 473
no_flush 1.024003 1 242 1134869 26390
no_flush 1.025002 1 268 1135897 25497
no_flush 1.026002 1 265 1135625 25920
no_flush 1.027003 0 0 1150534 460
no_flush 1.028003 1 266 1133795 26778
no_flush 1.029003 1 271 1135180 25463
no_flush 1.030003 0 0 1150760 475
no_flush 1.031002 1 257 1135276 25006
no_flush 1.032002 1 248 1134053 29477
no_flush 1.033003 1 278 1134610 30871
no_flush 1.034003 1 0 1149046 464
no_flush 1.035002 1 257 1135363 25077
no_flush 1.036002 1 263 1134962 26069
no_flush 1.037003 0 0 1150350 455
no_flush 1.038003 1 260 1136458 25129
no_flush 1.039002 1 263 1135886 25369
no_flush 1.040002 1 251 1135798 20818
no_flush 1.041003 0 5 1150005 462
no_flush 1.042002 1 248 1134710 25067
no_flush 1.043002 1 258 1136080 25481
no_flush 1.044002 0 1 1148114 1167
no_flush 1.045003 1 251 1136091 25471
no_flush 1.046002 1 245 1136152 24905
no_flush 1.047002 1 256 1145692 6622
no_flush 1.048002 1 12 1138862 13435
no_flush 1.049003 1 255 1136648 25332
no_flush 1.050002 1 275 1135420 25223
no_flush 1.051002 0 0 1149552 626
no_flush 1.052003 1 275 1135717 25967
no_flush 1.053002 2 254 1135022 25586
no_flush 1.054002 0 0 1150389 461
no_flush 1.055002 2 287 1135692 25090
no_flush 1.056002 1 252 1134464 25520
no_flush 1.057003 1 251 1136576 24904
no_flush 1.058002 0 0 1150093 453
no_flush 1.059002 1 242 1135446 25309
no_flush 1.060002 1 268 1134787 25635
no_flush 1.061002 0 0 1149430 461
no_flush 1.062002 2 256 1134889 25154
no_flush 1.063002 1 270 1135537 25422
no_flush 1.064002 1 258 1134907 26051
no_flush 1.065002 0 0 1150314 457
no_flush 1.066002 1 259 1135661 25907
no_flush 1.067002 1 254 1135632 25589
no_flush 1.068002 0 1 1148281 1249
no_flush 1.069002 1 248 1136152 24839
no_flush 1.070002 1 229 1136210 24868
no_flush 1.071002 1 271 1136634 25295
no_flush 1.072002 0 1 1147445 926
no_flush 1.073003 1 257 1135823 24852
no_flush 1.074002 1 259 1135286 25029
no_flush 1.075002 0 0 1150228 453
no_flush 1.076003 1 261 1135360 27353
no_flush 1.077002 14 274 1134620 24939
no_flush 1.078002 1 269 1135939 24804
no_flush 1.079002 0 0 1150242 464
no_flush 1.080003 1 259 1135019 25595
no_flush 1.081003 1 239 1135819 25673
no_flush 1.082003 0 0 1150433 447
no_flush 1.083002 1 245 1135501 25431
no_flush 1.084002 1 255 1134247 25574
no_flush 1.085003 1 241 1136585 24781
no_flush 1.086002 0 0 1150136 454
no_flush 1.087002 1 252 1136059 24117
no_flush 1.088002 1 271 1135930 25262
no_flush 1.089003 0 3 1146168 15761
no_flush 1.090002 1 254 1135962 24587
no_flush 1.091003 1 257 1136672 25623
no_flush 1.092003 1 263 1133842 26390
no_flush 1.093003 0 0 1150356 453
no_flush 1.094002 1 263 1135143 25193
no_flush 1.095002 3 267 1136664 24358
no_flush 1.096002 0 1 1148775 913
no_flush 1.097003 1 272 1137009 24977
no_flush 1.098002 1 240 1135626 24088
no_flush 1.099002 1 264 1136277 24097
no_flush 1.100003 0 4 1146124 15899
no_flush 1.101002 18 273 1136113 24139
no_flush 1.102002 1 251 1136118 25100
no_flush 1.103003 0 0 1150871 462
no_flush 1.104003 1 251 1132795 25863
no_flush 1.105003 2 257 1134819 26197
no_flush 1.106002 1 271 1135181 25003
no_flush 1.107002 0 0 1150245 617
no_flush 1.108002 1 270 1134458 25602
no_flush 1.109003 1 248 1136726 24949
no_flush 1.110002 0 0 1149324 460
no_flush 1.111002 1 260 1136194 25504
no_flush 1.112003 5 250 1092715 25571
no_flush 1.113002 7 257 1135737 24785
no_flush 1.114002 0 0 1149818 453
no_flush 1.115002 2 254 1136341 24739
no_flush 1.116002 1 257 1131935 27092
no_flush 1.117003 0 0 1150137 835
no_flush 1.118002 1 255 1135525 25299
no_flush 1.119002 3 253 1135225 25065
no_flush 1.120002 1 266 1134500 25174
no_flush 1.121002 0 0 1149810 448
no_flush 1.122002 1 257 1136379 24788
no_flush 1.123002 1 245 1135703 25570
no_flush 1.124002 0 1 1148206 1188
no_flush 1.125003 2 246 1136702 25312
no_flush 1.126003 5 268 1135504 25057
no_flush 1.127002 1 267 1135844 25075
no_flush 1.128003 0 1 1149668 1072
no_flush 1.129002 1 257 1135778 25113
no_flush 1.130002 3 277 1134111 27261
no_flush 1.131002 0 0 1150069 453
no_flush 1.132003 1 294 1133959 25041
no_flush 1.133002 1 252 1135851 25470
no_flush 1.134002 1 272 1136033 25039
no_flush 1.135002 0 0 1150003 463
no_flush 1.136003 1 269 1134999 26010
no_flush 1.137003 1 257 1136140 24813
no_flush 1.138002 0 0 1149624 453
no_flush 1.139002 2 259 1136148 24968
no_flush 1.140003 4 257 1130604 40164
no_flush 1.141003 1 245 1136880 23983
no_flush 1.142003 0 0 1148924 468
no_flush 1.143002 1 253 1135536 25612
no_flush 1.144002 3 266 1134501 26184
no_flush 1.145003 0 0 1150353 449
no_flush 1.146002 1 265 1135159 25328
no_flush 1.147002 1 267 1135393 25205
no_flush 1.148002 1 270 1134343 24900
no_flush 1.149003 0 0 1150350 603
no_flush 1.150002 1 267 1135538 24947
no_flush 1.151002 1 241 1135611 24780
no_flush 1.152003 0 1 1149663 933
no_flush 1.153005 1 251 1135326 45426
no_flush 1.154003 4 256 1130150 25567
no_flush 1.155006 8 267 1135363 43898
no_flush 1.156003 3 2 1140722 7891
no_flush 1.157003 2 276 1135057 24684
no_flush 1.158002 8 251 1135055 24968
no_flush 1.159002 0 0 1149334 467
no_flush 1.160003 6 252 1132911 29233
no_flush 1.161004 163 241 1126692 74313
no_flush 1.162003 2 263 1133640 25500
no_flush 1.163002 0 0 1148302 453
no_flush 1.164003 4 263 1128080 54809
no_flush 1.165003 78 264 1136075 24914
no_flush 1.166002 0 0 1149750 470
no_flush 1.167002 2 250 1135617 26288
no_flush 1.168002 1 247 1131311 27317
no_flush 1.169003 1 255 1147956 7168
no_flush 1.170002 0 12 1139927 13704
no_flush 1.171002 1 250 1135894 25068
no_flush 1.172003 1 265 1134414 26886
no_flush 1.173002 0 0 1149584 448
no_flush 1.174002 1 252 1135436 24988
no_flush 1.175002 1 248 1136296 24984
no_flush 1.176003 0 4 1146469 9784
no_flush 1.177003 1 259 1136002 24586
no_flush 1.178002 2 248 1133961 30089
no_flush 1.179002 2 264 1135333 24944
no_flush 1.180003 1 2 1147210 4982
no_flush 1.181002 2 257 1135309 24878
no_flush 1.182002 1 277 1136060 25147
no_flush 1.183002 0 0 1149726 527
no_flush 1.184002 1 252 1133324 27498
no_flush 1.185002 1 258 1135679 26405
no_flush 1.186002 1 264 1135132 24940
no_flush 1.187002 0 0 1150232 457
no_flush 1.188003 1 278 1134244 29134
no_flush 1.189003 1 272 1135056 25130
no_flush 1.190002 0 0 1149854 456
no_flush 1.191002 1 259 1135453 25540
no_flush 1.192003 4 260 1133449 27932
no_flush 1.193003 4 258 1135481 25087
no_flush 1.194002 0 0 1149461 460
no_flush 1.195002 1 256 1135842 25121
no_flush 1.196003 1 268 1134105 29986
no_flush 1.197003 0 0 1148937 462
no_flush 1.198002 1 243 1135896 24899
no_flush 1.199002 1 266 1135657 26475
no_flush 1.200002 6 269 1129661 45471
no_flush 1.201002 1 0 1148934 455
no_flush 1.202002 1 245 1136203 25226
no_flush 1.203002 1 247 1136364 24971
no_flush 1.204003 0 1 1149355 1084
no_flush 1.205002 1 265 1135606 25076
no_flush 1.206002 1 243 1136143 25024
no_flush 1.207002 1 236 1136379 25063
no_flush 1.208002 0 1 1148722 940
no_flush 1.209003 1 261 1137454 24779
no_flush 1.210003 1 257 1134872 26442
no_flush 1.211003 0 3 1147351 15707
no_flush 1.212002 4 266 1133407 25658
no_flush 1.213003 1 254 1135860 26777
no_flush 1.214002 1 270 1135259 26946
no_flush 1.215002 0 0 1149427 457
no_flush 1.216002 2 266 1133949 27105
no_flush 1.217002 1 266 1136092 24527
no_flush 1.218002 0 0 1150392 448
no_flush 1.219002 1 263 1136063 25720
no_flush 1.220002 1 271 1134867 25733
no_flush 1.221003 1 267 1136408 24816
no_flush 1.222002 0 0 1150061 453
no_flush 1.223002 1 261 1135706 25610
no_flush 1.224002 2 249 1134168 26957
no_flush 1.225003 0 0 1150352 618
no_flush 1.226002 1 276 1135546 25134
no_flush 1.227002 1 260 1135653 25305
no_flush 1.228002 1 258 1134479 25142
no_flush 1.229003 0 0 1151006 464
no_flush 1.230002 1 269 1135313 25011
no_flush 1.231002 1 252 1136165 25200
no_flush 1.232003 1 1 1148460 919
no_flush 1.233002 2 259 1136720 24973
no_flush 1.234002 1 261 1135300 25346
no_flush 1.235002 1 279 1135722 25832
no_flush 1.236003 0 2 1149316 1080
no_flush 1.237002 1 259 1135527 25109
no_flush 1.238002 1 246 1136370 25515
no_flush 1.239002 0 0 1149978 446
no_flush 1.240002 1 265 1134453 25775
no_flush 1.241002 1 261 1135206 26503
no_flush 1.242002 2 247 1136354 25350
no_flush 1.243002 0 0 1149698 1759
no_flush 1.244002 1 259 1134195 25738
no_flush 1.245002 1 259 1136308 25147
no_flush 1.246002 0 0 1150322 460
no_flush 1.247002 1 279 1142799 25281
no_flush 1.248002 1 251 1174785 25944
no_flush 1.249003 1 270 1176606 25153
no_flush 1.250002 0 0 1189584 449
no_flush 1.251002 1 247 1176009 25084
no_flush 1.252002 1 269 1174722 25961
no_flush 1.253003 1 268 1177118 25335
no_flush 1.254002 0 0 1189257 450
no_flush 1.255002 2 292 1175762 25954
no_flush 1.256002 1 263 1174114 25547
no_flush 1.257002 1 253 1176242 25458
no_flush 1.258002 0 0 1189942 455
no_flush 1.259002 1 262 1175805 26253
no_flush 1.260002 3 255 1174618 26210
no_flush 1.261002 0 0 1189904 455
no_flush 1.262002 2 247 1176320 24857
no_flush 1.263002 1 248 1176088 25548
no_flush 1.264002 1 253 1174781 25860
no_flush 1.265003 0 0 1190464 608
no_flush 1.266002 1 258 1175015 25943
no_flush 1.267002 1 268 1176140 25218
no_flush 1.268002 2 250 1173073 31777
no_flush 1.269003 1 0 1190188 468
no_flush 1.270002 1 270 1176197 24983
no_flush 1.271002 1 258 1176132 25515
no_flush 1.272002 1 275 1174178 25683
no_flush 1.273002 0 0 1190066 615
no_flush 1.274002 2 257 1175132 25836
no_flush 1.275002 1 257 1175963 25631
no_flush 1.276002 1 261 1175036 25300
no_flush 1.277003 0 0 1190575 448
no_flush 1.278002 1 275 1175943 24951
no_flush 1.279002 1 270 1176189 24979
no_flush 1.280003 1 250 1175068 25425
no_flush 1.281002 0 0 1189722 456
no_flush 1.282002 3 235 1176202 25020
no_flush 1.283002 1 265 1175847 24950
no_flush 1.284002 0 1 1188627 1087
no_flush 1.285002 1 256 1176588 25352
no_flush 1.286002 1 253 1175510 25255
no_flush 1.287002 1 282 1176178 25007
no_flush 1.288002 0 1 1189659 1088
no_flush 1.289002 1 250 1175542 25087
no_flush 1.290002 1 242 1175598 25875
no_flush 1.291002 1 270 1176185 24861
no_flush 1.292003 2 2 1188141 975
no_flush 1.293002 1 270 1175751 25190
no_flush 1.294002 1 285 1176163 25060
no_flush 1.295002 1 247 1176300 24880
no_flush 1.296002 0 1 1188806 1071
no_flush 1.297003 1 285 1176891 25071
no_flush 1.298002 1 267 1175384 24765
no_flush 1.299002 1 268 1175872 25245
no_flush 1.300003 0 1 1189583 925
no_flush 1.301003 1 265 1175192 25348
no_flush 1.302002 2 267 1175910 25336
no_flush 1.303002 0 0 1190306 476
no_flush 1.304002 6 272 1148743 26328
no_flush 1.305003 4 240 1176812 25725
no_flush 1.306002 1 267 1174744 26510
no_flush 1.307002 0 0 1190443 472
no_flush 1.308002 1 258 1174255 26355
no_flush 1.309003 1 273 1176859 25211
no_flush 1.310002 1 257 1175415 24867
no_flush 1.311003 0 3 1187593 14853
no_flush 1.312002 2 271 1174579 25123
no_flush 1.313002 1 256 1175986 25964
no_flush 1.314002 1 263 1176179 24945
no_flush 1.315002 0 0 1190044 450
no_flush 1.316003 1 255 1174506 25952
no_flush 1.317002 1 255 1175975 24913
no_flush 1.318002 1 265 1176094 25000
no_flush 1.319002 0 0 1190212 455
no_flush 1.320002 1 264 1174232 25937
no_flush 1.321003 1 243 1173911 39710
no_flush 1.322002 1 252 1178647 19662
no_flush 1.323002 1 6 1188151 1351
no_flush 1.324002 1 259 1174970 25434
no_flush 1.325003 1 275 1176586 25079
no_flush 1.326002 0 0 1189558 456
no_flush 1.327002 3 262 1176161 24901
no_flush 1.328002 1 243 1174545 25480
no_flush 1.329002 1 268 1176218 24872
no_flush 1.330002 0 0 1190197 456
no_flush 1.331002 1 255 1176030 25586
no_flush 1.332002 1 249 1174819 24502
no_flush 1.333002 1 237 1176228 25348
no_flush 1.334002 0 0 1189837 609
no_flush 1.335002 1 266 1175588 26634
no_flush 1.336003 2 258 1174918 26442
no_flush 1.337003 1 256 1176826 24525
no_flush 1.338002 0 0 1189450 455
no_flush 1.339002 1 243 1176493 24872
no_flush 1.340002 1 261 1174769 25777
no_flush 1.341002 1 238 1175301 25567
no_flush 1.342002 0 0 1190102 452
no_flush 1.343002 1 259 1176186 24999
no_flush 1.344002 1 244 1175134 24600
no_flush 1.345003 0 0 1190274 470
no_flush 1.346002 2 254 1175382 26029
no_flush 1.347002 1 265 1175225 25270
no_flush 1.348002 1 260 1174793 25210
no_flush 1.349003 0 0 1190851 446
no_flush 1.350002 1 251 1175299 25330
no_flush 1.351002 1 277 1175562 25870
no_flush 1.352002 2 252 1172733 26304
no_flush 1.353003 0 0 1191030 620
no_flush 1.354002 1 254 1175134 25606
no_flush 1.355002 1 263 1176018 25487
no_flush 1.356002 1 241 1174066 25698
no_flush 1.357003 0 0 1190526 456
no_flush 1.358002 1 252 1175953 25333
no_flush 1.359002 2 250 1176254 25347
no_flush 1.360002 1 273 1175045 25638
no_flush 1.361002 0 0 1190348 460
no_flush 1.362002 1 248 1175864 24917
no_flush 1.363002 1 250 1175554 25773
no_flush 1.364003 1 259 1172954 33481
no_flush 1.365003 1 1 1170895 1451
no_flush 1.366002 1 249 1176074 24643
no_flush 1.367002 1 260 1176070 25384
no_flush 1.368003 0 1 1189376 1073
no_flush 1.369002 3 255 1175525 25487
no_flush 1.370002 1 239 1175998 24875
