random 0.001008 1638 44989 1124859 1814723
random 0.002006 37 63209 1564571 2224196
random 0.003006 11 61777 1527803 2169377
random 0.004003 6 58867 1460426 2087621
random 0.005002 13 59145 1463592 2084136
random 0.006004 11 65258 1618597 2296997
random 0.007004 5 65653 1629231 2310995
random 0.008007 17 55671 1376432 1957897
random 0.009004 16 60654 1501635 2133947
random 0.010004 3 65690 1629742 2304857
random 0.011005 4 63832 1579058 2256539
random 0.012007 2 59773 1489504 2086921
random 0.013006 128 55059 1365918 2041719
random 0.014006 1315 47004 1189160 2420582
random 0.015003 2291 35211 921350 2689102
random 0.016002 1813 48677 1256935 2298476
random 0.017002 4 61560 1526544 2174808
random 0.018002 6 65626 1629030 2313892
random 0.019002 6 65728 1630324 2314790
random 0.020002 1 65696 1630670 2314295
random 0.021002 22 61963 1535709 2240807
random 0.022002 1 65553 1628461 2310892
random 0.023002 2 65663 1629153 2314952
random 0.024002 6 65700 1632413 2316315
random 0.025002 4 64469 1598623 2272968
random 0.026002 1 64379 1598923 2270350
random 0.027002 2 64142 1590119 2257827
random 0.028002 3 65502 1618486 2306298
random 0.029002 5 61798 1531969 2183506
random 0.030002 2 59268 1470321 2080081
random 0.031003 1 59645 1486476 2078724
random 0.032002 2 59093 1468359 2077990
random 0.033002 3 61095 1513886 2141248
random 0.034002 6 63822 1578925 2256063
random 0.035002 2 65262 1622026 2292641
random 0.036002 3 65609 1628036 2298535
random 0.037002 4 63616 1577930 2232419
random 0.038002 1 64817 1606855 2276897
random 0.039002 10 64807 1607386 2277632
random 0.040002 2 64897 1610983 2272748
random 0.041002 2 63345 1572083 2224802
random 0.042002 4 64861 1610572 2273559
random 0.043002 2 61720 1532616 2163555
random 0.044002 2 58683 1455164 2055553
random 0.045002 2 61140 1516157 2148091
random 0.046002 4 65723 1628798 2310760
random 0.047002 11 65584 1629001 2311269
random 0.048002 2 65638 1629139 2311269
random 0.049004 4 64855 1608561 2280819
random 0.050002 5 65233 1613567 2305873
random 0.051002 2 65749 1632017 2307736
random 0.052002 3 65721 1632502 2308795
random 0.053002 24 63479 1576737 2277457
random 0.054002 2 65479 1628499 2303027
random 0.055002 2 65628 1629433 2304862
random 0.056002 2 65722 1628965 2304466
random 0.057002 3 64656 1604542 2277218
random 0.058002 3 65600 1629325 2315422
random 0.059002 2 65671 1631346 2314185
random 0.060002 2 64871 1609054 2285056
random 0.061002 2 64588 1603060 2275386
random 0.062002 2 65661 1629609 2303686
random 0.063002 4 65435 1618772 2313548
random 0.064002 1 65728 1630321 2304528
random 0.065002 52 63957 1588085 2268609
random 0.066002 2 65592 1630596 2314114
random 0.067002 2 65743 1631409 2313843
random 0.068002 2 65714 1630970 2314134
random 0.069002 12 64476 1598907 2276374
random 0.070002 2 65377 1620999 2300895
random 0.071002 1 65416 1621054 2301428
random 0.072002 3 65315 1621914 2301443
random 0.073002 2 64710 1602472 2272677
random 0.074002 2 65468 1625842 2307376
random 0.075002 3 65038 1609569 2308899
random 0.076002 3 65561 1624881 2308274
random 0.077002 2 64651 1601692 2275729
random 0.078002 2 65721 1628573 2307443
random 0.079002 1 65741 1630032 2309036
random 0.080002 8 65610 1630392 2309501
random 0.081002 2 64121 1591381 2292109
random 0.082002 2 65912 1635129 2308695
random 0.083002 2 65758 1633652 2311228
random 0.084002 2 65923 1634426 2309038
random 0.085002 2 62547 1552565 2205029
random 0.086002 3 63894 1588749 2254886
random 0.087002 2 65632 1625449 2308788
random 0.088002 3 65214 1614717 2318089
random 0.089002 26 65075 1616122 2313650
random 0.090002 2 65282 1621477 2301727
random 0.091002 2 65516 1624400 2304423
random 0.092002 2 65423 1621196 2302190
random 0.093002 28 65225 1623205 2308098
random 0.094002 2 65926 1634260 2309767
random 0.095002 2 65867 1634540 2310259
random 0.096002 2 65844 1634689 2309862
random 0.097002 18 65481 1622863 2317157
random 0.098002 3 65824 1630699 2309598
random 0.099002 2 65821 1629618 2304380
random 0.100002 3 65442 1617278 2314569
random 0.101002 21 64669 1608292 2304373
random 0.102002 1 64691 1605833 2280272
random 0.103002 5 62510 1550872 2236104
random 0.104002 6 64637 1603923 2280728
random 0.105002 14 65128 1615353 2297512
random 0.106002 2 65823 1632473 2308917
random 0.107002 2 65909 1634227 2310319
random 0.108002 2 65909 1633463 2310256
random 0.109002 15 65495 1624894 2311816
random 0.110002 2 65602 1626067 2307041
random 0.111002 2 65503 1625075 2308282
random 0.112002 2 65398 1624722 2308907
random 0.113002 15 64887 1605806 2321810
random 0.114002 3 65896 1633508 2310429
random 0.115002 1 65847 1634510 2309488
random 0.116002 3 65855 1633346 2316135
random 0.117002 13 65576 1626389 2313293
random 0.118002 3 65748 1631854 2309227
random 0.119002 2 65796 1632220 2309300
random 0.120002 2 65699 1629875 2304965
random 0.121002 2 65309 1623878 2301509
random 0.122002 2 65281 1619217 2301424
random 0.123002 2 65361 1620130 2301092
random 0.124002 2 65293 1619290 2301468
random 0.125002 17 64356 1593111 2299245
random 0.126002 2 64673 1606188 2279330
random 0.127002 3 64587 1604469 2281916
random 0.128002 2 64720 1605443 2280014
random 0.129002 11 64961 1612172 2297857
random 0.130002 2 65612 1629001 2305442
random 0.131002 2 65616 1629690 2304505
random 0.132002 2 65699 1631826 2308858
random 0.133002 11 64970 1610882 2296503
random 0.134002 2 64867 1607045 2280344
random 0.135002 2 64571 1603820 2280311
random 0.136002 2 64603 1605441 2280685
random 0.137002 23 65020 1610976 2301061
random 0.138002 3 65279 1619626 2315892
random 0.139002 2 65928 1634617 2309642
random 0.140002 3 65826 1632904 2310836
random 0.141002 13 65438 1626767 2315052
random 0.142002 3 65755 1629156 2314781
random 0.143002 2 65863 1630918 2314633
random 0.144002 2 65762 1630722 2313110
random 0.145002 20 63183 1569771 2289333
random 0.146002 2 62775 1554203 2211143
random 0.147002 2 64583 1604474 2279966
random 0.148002 2 64677 1605691 2279915
random 0.149002 9 65094 1613296 2298447
random 0.150002 3 65734 1634480 2310436
random 0.151002 3 65650 1621364 2314606
random 0.152002 2 65816 1635315 2309643
random 0.153002 13 65637 1627373 2316686
random 0.154002 2 65723 1631857 2316984
random 0.155002 2 65700 1631992 2317483
random 0.156002 1 65820 1632805 2315492
random 0.157002 5 65476 1627853 2316847
random 0.158002 2 65717 1629806 2314695
random 0.159002 2 65643 1630790 2314960
random 0.160002 2 65632 1630485 2314459
random 0.161002 11 65459 1624122 2318859
random 0.162002 3 65548 1629311 2315338
random 0.163002 3 65411 1615373 2321102
random 0.164002 5 65739 1629661 2315343
random 0.165002 10 64924 1612024 2301896
random 0.166002 2 64706 1605180 2280757
random 0.167002 2 64497 1604428 2281290
random 0.168002 2 64724 1605851 2279706
random 0.169002 13 65143 1613261 2294005
random 0.170002 2 65452 1623133 2304533
random 0.171002 2 65342 1622946 2304380
random 0.172002 2 65378 1623176 2304444
random 0.173002 9 65499 1621469 2309635
random 0.174002 1 65632 1625551 2307939
random 0.175002 3 65107 1611550 2313779
random 0.176002 2 65474 1625396 2308152
random 0.177002 4 65330 1623669 2309643
random 0.178002 2 65661 1630793 2314703
random 0.179002 2 65788 1630328 2315541
random 0.180002 2 65775 1630529 2314668
random 0.181002 2 65577 1628958 2312710
random 0.182002 2 65752 1632444 2308464
random 0.183002 2 65675 1631353 2309909
random 0.184002 2 65628 1632165 2309100
random 0.185002 4 65054 1616342 2294385
random 0.186002 2 64704 1605220 2280278
random 0.187002 3 64467 1592696 2285031
random 0.188002 2 64579 1605778 2280214
random 0.189002 2 65300 1614885 2295819
random 0.190002 3 65508 1626245 2311098
random 0.191002 2 65497 1626415 2310898
random 0.192002 1 65588 1627887 2309484
random 0.193002 3 65150 1613913 2295331
random 0.194002 2 64920 1610333 2274447
random 0.195002 2 64887 1610827 2273675
random 0.196002 2 64877 1610255 2274407
random 0.197002 2 65291 1617588 2294463
random 0.198002 2 65599 1630818 2314585
random 0.199002 2 65695 1630409 2315531
random 0.200002 4 65480 1616550 2319388
random 0.201002 25 62990 1562601 2242824
random 0.202002 11 59327 1474452 2095708
random 0.203002 10 59116 1471936 2091572
random 0.204002 8 59270 1473007 2091886
random 0.205003 12 59253 1469962 2093917
random 0.206004 15 59314 1475077 2092977
random 0.207003 4 59483 1482862 2081987
random 0.208002 4 59289 1472692 2091920
random 0.209003 8 58922 1458223 2076980
random 0.210003 7 58560 1450706 2062178
random 0.211002 19 58436 1446578 2059631
random 0.212002 3 58344 1449152 2060747
random 0.213004 4 58161 1440580 2064997
random 0.214003 22 59471 1479822 2103863
random 0.215003 3 59200 1465186 2082240
random 0.216006 6 59551 1478639 2102891
random 0.217006 5 58927 1460140 2076358
random 0.218008 9 65404 1622071 2296055
random 0.219010 7 58597 1452426 2110144
random 0.220003 4 58718 1452817 2055655
random 0.221002 8 58591 1449727 2054538
random 0.222002 4 59287 1470778 2080034
random 0.223002 3 59194 1469934 2082129
random 0.224002 2 59305 1470652 2082036
random 0.225002 2 60520 1501328 2129944
random 0.226002 5 64467 1599611 2271567
random 0.227002 2 59332 1472891 2093294
random 0.228002 2 59342 1473350 2091924
random 0.229002 2 59503 1471905 2091127
random 0.230003 3 59522 1478364 2098441
random 0.231002 2 63991 1585712 2262194
random 0.232002 2 65398 1620478 2300927
random 0.233002 2 63238 1569524 2231256
random 0.234002 4 65739 1630572 2312874
random 0.235002 4 65443 1617667 2320441
random 0.236002 2 65648 1630780 2313019
random 0.237002 4 64528 1600148 2272725
random 0.238002 3 65643 1630910 2312955
random 0.239002 2 65592 1631565 2313729
random 0.240002 2 65637 1631476 2313295
random 0.241002 11 63783 1583459 2252090
random 0.242002 2 65698 1630875 2310734
random 0.243002 2 63496 1576712 2236285
random 0.244002 2 65513 1630858 2306990
random 0.245002 2 64638 1604190 2272139
random 0.246002 2 65338 1623140 2303010
random 0.247002 2 65358 1624063 2302742
random 0.248002 12 65070 1609269 2309298
random 0.249002 28 63080 1565783 2283817
random 0.250002 2 64844 1605188 2279401
random 0.251002 2 64664 1605796 2279568
random 0.252002 2 64591 1605781 2280225
random 0.253002 7 63819 1582644 2247123
random 0.254002 2 64896 1611076 2271899
random 0.255002 2 65003 1610522 2274264
random 0.256002 2 64858 1611341 2272344
random 0.257002 7 64165 1593509 2256874
random 0.258002 2 65759 1631305 2308520
random 0.259002 2 65775 1631152 2309758
random 0.260002 2 60221 1494633 2114384
random 0.261002 14 61206 1519452 2162442
random 0.262002 2 65560 1627497 2307984
random 0.263002 3 65782 1622915 2310324
random 0.264002 3 65303 1620465 2309487
random 0.265002 28 63799 1586984 2288041
random 0.266002 1 65805 1631922 2307952
random 0.267002 3 65637 1629803 2304104
random 0.268002 2 65737 1632090 2308286
random 0.269002 6 64363 1596954 2273053
random 0.270002 2 65376 1621479 2300757
random 0.271002 2 65277 1622157 2301388
random 0.272002 2 65292 1622039 2300721
random 0.273002 28 64525 1597589 2274243
random 0.274002 3 65959 1635481 2309532
random 0.275002 2 65757 1634589 2310439
random 0.276002 4 65540 1620565 2314915
random 0.277002 6 64054 1590883 2262687
random 0.278002 3 64880 1610975 2272576
random 0.279002 2 64982 1610977 2273245
random 0.280002 2 64864 1611500 2272736
random 0.281002 2 63985 1587076 2265360
random 0.282002 2 65571 1629110 2306127
random 0.283002 2 65733 1629460 2306271
random 0.284002 2 65570 1628919 2307032
random 0.285002 21 64578 1599556 2281756
random 0.286002 3 65916 1633212 2309166
random 0.287002 2 65840 1634702 2309926
random 0.288002 2 66036 1634787 2308781
random 0.289002 12 63495 1571560 2308746
random 0.290002 3 65700 1630907 2313799
random 0.291002 1 65737 1631193 2314252
random 0.292002 3 65664 1630143 2315272
random 0.293002 4 64550 1603688 2280225
random 0.294002 3 65556 1629982 2314544
random 0.295002 2 65656 1630582 2314197
random 0.296002 2 65752 1630803 2314155
random 0.297002 10 64555 1599684 2285931
random 0.298002 2 65700 1630157 2313944
random 0.299002 2 65698 1630038 2314970
random 0.300002 2 65735 1629965 2314199
random 0.301002 30 63823 1577608 2296886
random 0.302002 2 65671 1630203 2314563
random 0.303002 2 65660 1631049 2314608
random 0.304002 3 65608 1630290 2315140
random 0.305002 29 62781 1558694 2231768
random 0.306002 3 64417 1604573 2280276
random 0.307002 2 63511 1579211 2245270
random 0.308002 2 64509 1603381 2279831
random 0.309002 20 63313 1572513 2255026
random 0.310002 4 64768 1605823 2278764
random 0.311002 2 64726 1606304 2278983
random 0.312002 2 64666 1605571 2279498
random 0.313002 24 64817 1610752 2300077
random 0.314002 3 65575 1631471 2310209
random 0.315002 3 65396 1616601 2309178
random 0.316002 2 65393 1622531 2304695
random 0.317002 6 65484 1624510 2308925
random 0.318002 2 65846 1631750 2312530
random 0.319002 2 65670 1631763 2312286
random 0.320002 2 65905 1633165 2310776
random 0.321002 31 65369 1622455 2320556
random 0.322002 2 65738 1630788 2314373
random 0.323002 2 65803 1629956 2316064
random 0.324002 2 65610 1630612 2315183
random 0.325002 20 65323 1621709 2320457
random 0.326002 3 65608 1628733 2305994
random 0.327002 3 65425 1616218 2309038
random 0.328002 2 65857 1630969 2309849
random 0.329002 15 65452 1622659 2314246
random 0.330002 2 65669 1630813 2314405
random 0.331002 2 65764 1630690 2315272
random 0.332002 1 65543 1631664 2313925
random 0.333002 15 65419 1623741 2317951
random 0.334002 2 65587 1630394 2314808
random 0.335002 2 65842 1631694 2314454
random 0.336002 2 65770 1629963 2313303
random 0.337002 11 65402 1624082 2318317
random 0.338002 3 65750 1629679 2315124
random 0.339002 4 65256 1616968 2319472
random 0.340002 2 65813 1629825 2315094
random 0.341002 16 65386 1622643 2314399
random 0.342002 2 65585 1629051 2305607
random 0.343002 2 65686 1629611 2304637
random 0.344002 2 65743 1629295 2304799
random 0.345002 11 63396 1574824 2278220
random 0.346002 2 65439 1630420 2314541
random 0.347002 2 65688 1631283 2314377
random 0.348002 2 65716 1630498 2314226
random 0.349002 16 65488 1624966 2316361
random 0.350002 3 65731 1634303 2309432
random 0.351002 4 65419 1619370 2316262
random 0.352002 1 65872 1634023 2309782
random 0.353002 3 65775 1629516 2306701
random 0.354002 2 65764 1629395 2309179
random 0.355002 2 65535 1630235 2309135
random 0.356002 2 65743 1629664 2309463
random 0.357002 12 65361 1623172 2314551
random 0.358002 2 65517 1629901 2304399
random 0.359002 2 65710 1631990 2309197
random 0.360002 2 65494 1630227 2304095
random 0.361003 21 65441 1621244 2320505
random 0.362002 3 64408 1598943 2270589
random 0.363002 4 65093 1611108 2313708
random 0.364002 1 65318 1623887 2303745
random 0.365002 12 65396 1620294 2312566
random 0.366002 2 65740 1629645 2315111
random 0.367002 2 65816 1630827 2314196
random 0.368002 2 65708 1629930 2314770
random 0.369002 11 65525 1623457 2318444
random 0.370002 3 65716 1630648 2314613
random 0.371002 2 65663 1631677 2314852
random 0.372002 2 65732 1629971 2315086
random 0.373002 8 65040 1615207 2297157
random 0.374002 2 64889 1609775 2274789
random 0.375002 4 64572 1596731 2279358
random 0.376002 2 65066 1611568 2272399
random 0.377002 15 64466 1601745 2280795
random 0.378002 3 64563 1604090 2281356
random 0.379002 2 64721 1605732 2280118
random 0.380002 2 64512 1604578 2281332
random 0.381002 12 64757 1609039 2292131
random 0.382002 2 65301 1621789 2301225
random 0.383002 2 65326 1620903 2302753
random 0.384002 2 65275 1621008 2302325
random 0.385002 13 65258 1617665 2313955
random 0.386002 4 65709 1631760 2312267
random 0.387002 2 65708 1633060 2310973
random 0.388002 3 65651 1618893 2316286
random 0.389002 3 65742 1629233 2312511
random 0.390002 1 65691 1631094 2313772
random 0.391002 3 65684 1630307 2315217
random 0.392002 2 65706 1631125 2313883
random 0.393002 19 65605 1626667 2310457
random 0.394002 4 65538 1630249 2305352
random 0.395002 2 65666 1632701 2308434
random 0.396002 2 65676 1631135 2310024
random 0.397002 14 65320 1621851 2310303
random 0.398002 2 65807 1630827 2304082
random 0.399002 3 65368 1616038 2310534
random 0.400002 3 65582 1625386 2307677
random 0.401002 8 65396 1622860 2309825
random 0.402002 2 65848 1633704 2310313
random 0.403002 2 65849 1633613 2310657
random 0.404002 2 65915 1634300 2309729
random 0.405002 14 65559 1626218 2315538
random 0.406002 2 65739 1630368 2315648
random 0.407002 2 64758 1605431 2277551
random 0.408002 2 65591 1630208 2313608
random 0.409002 10 64545 1600630 2286305
random 0.410002 3 65603 1630729 2313063
random 0.411002 3 65440 1617296 2319025
random 0.412002 2 65684 1631165 2313878
random 0.413002 13 65039 1612591 2298444
random 0.414002 3 64795 1609034 2275757
random 0.415002 2 64779 1610710 2273757
random 0.416002 2 64756 1610474 2273910
random 0.417002 15 65098 1616646 2294325
random 0.418002 2 65867 1630972 2313744
random 0.419002 2 65771 1630812 2314349
random 0.420002 2 65663 1630780 2314611
random 0.421002 4 65578 1626491 2313458
random 0.422002 2 65665 1628608 2305159
random 0.423002 2 64605 1604142 2268720
random 0.424002 3 65451 1617798 2313828
random 0.425002 3 65702 1629967 2307630
random 0.426002 2 65660 1629305 2304604
random 0.427002 2 65657 1629735 2304438
random 0.428002 2 65628 1630159 2304119
random 0.429002 10 65089 1613098 2295031
random 0.430002 2 64897 1611925 2272862
random 0.431002 1 64887 1611595 2272650
random 0.432002 3 64788 1609717 2275185
random 0.433002 10 65084 1613788 2297882
random 0.434002 2 65653 1629627 2314923
random 0.435002 2 65739 1630564 2315991
random 0.436002 3 65383 1616258 2318684
random 0.437002 5 65466 1626047 2313830
random 0.438002 3 65382 1625078 2308449
random 0.439002 2 65514 1625012 2308503
random 0.440002 2 65547 1622396 2304250
random 0.441002 9 64927 1610805 2293716
random 0.442002 2 65001 1610905 2273158
random 0.443002 2 64896 1610725 2273535
random 0.444002 2 64824 1611068 2273495
random 0.445002 8 64830 1609922 2291251
random 0.446002 2 65335 1620778 2302886
random 0.447002 2 65313 1621261 2301749
random 0.448002 3 65358 1616813 2304082
random 0.449002 11 64477 1600558 2295505
random 0.450002 2 64594 1604948 2281178
random 0.451002 3 64666 1604374 2281429
random 0.452002 2 64611 1604354 2281516
random 0.453002 7 64483 1601035 2281994
random 0.454002 2 64686 1605107 2280442
random 0.455002 2 64739 1605079 2280680
random 0.456002 1 64773 1604675 2280662
random 0.457002 11 64941 1611275 2301119
random 0.458002 3 65809 1630870 2314114
random 0.459002 2 65738 1630824 2314439
random 0.460002 2 65710 1630815 2314670
random 0.461002 3 65720 1628653 2310636
random 0.462002 5 65337 1612439 2302599
random 0.463002 1 65651 1627188 2304168
random 0.464002 3 65458 1625925 2305173
random 0.465002 7 65545 1626289 2305047
random 0.466002 2 65904 1633838 2310668
random 0.467002 2 65901 1635836 2309559
random 0.468002 14 65693 1634068 2310119
random 0.469002 2 65762 1631304 2313055
random 0.470002 2 65672 1632397 2316407
random 0.471002 2 65750 1632394 2316328
random 0.472002 2 65735 1632089 2316697
random 0.473002 4 65280 1613266 2319529
random 0.474002 3 65715 1630337 2314221
random 0.475002 2 65864 1630914 2315001
random 0.476002 2 65760 1631482 2316191
random 0.477002 2 65741 1628908 2308575
random 0.478002 2 65737 1629105 2305814
random 0.479002 2 65665 1628911 2305143
random 0.480002 2 65808 1630033 2304617
random 0.481002 2 65640 1629671 2307025
random 0.482002 2 65763 1634787 2309936
random 0.483002 2 65890 1634293 2309953
random 0.484002 2 65860 1634181 2309758
random 0.485002 3 65309 1617575 2314212
random 0.486002 2 65638 1629143 2306036
random 0.487002 2 65617 1631485 2310595
random 0.488002 3 65613 1628338 2305196
random 0.489002 15 65518 1625690 2311210
random 0.490002 2 65664 1632739 2310808
random 0.491002 2 65693 1632541 2311906
random 0.492002 2 65655 1632230 2311256
random 0.493002 10 65617 1627748 2314973
random 0.494002 2 65732 1632085 2316654
random 0.495002 2 65736 1632332 2316935
random 0.496002 3 65531 1617814 2322398
random 0.497002 3 65627 1628126 2311572
random 0.498002 2 65500 1629684 2306545
random 0.499002 2 65600 1630206 2305703
random 0.500002 2 65596 1629191 2306354
random 0.501012 12 65988 1632344 2334116
random 0.502002 2 63930 1584862 2249101
random 0.503002 4 65874 1630935 2314051
random 0.504002 7 65586 1629584 2315224
random 0.505002 4 65573 1627983 2312448
random 0.506002 2 65636 1629003 2313556
random 0.507002 4 60249 1496482 2124852
random 0.508004 7 59397 1473605 2092458
random 0.509002 4 60737 1505867 2142716
random 0.510002 229 56121 1405381 2264059
random 0.511003 43 61085 1515596 2146434
random 0.512002 13 65795 1630650 2303917
random 0.513003 35 61201 1518236 2215717
random 0.514006 13 58433 1449549 2085168
random 0.515003 4 63015 1562494 2220602
random 0.516002 4 64669 1606259 2265303
random 0.517002 6 62934 1555918 2233069
random 0.518002 1 65744 1630594 2312716
random 0.519002 8 65672 1629701 2315524
random 0.520002 2 65693 1630323 2314633
random 0.521002 21 63223 1563893 2238744
random 0.522002 2 64730 1605143 2278606
random 0.523002 2 64675 1604913 2281258
random 0.524002 2 64724 1605211 2280364
random 0.525003 22 61700 1532132 2186373
random 0.526003 3 63734 1580555 2245789
random 0.527002 9 64898 1610030 2283455
random 0.528002 2 65620 1630660 2313054
random 0.529002 19 61815 1533641 2227121
random 0.530003 5 59608 1480991 2094052
random 0.531002 2 65538 1625111 2298315
random 0.532002 2 65735 1632956 2306973
random 0.533004 6 63159 1560536 2237150
random 0.534002 2 65154 1619111 2297087
random 0.535002 3 65501 1622952 2302618
random 0.536002 2 65360 1623166 2302128
random 0.537002 1 64606 1603866 2273374
random 0.538002 3 65607 1634437 2308744
random 0.539002 2 65722 1635750 2308258
random 0.540002 2 65848 1635062 2308737
random 0.541002 8 64641 1605403 2273183
random 0.542002 2 65593 1627215 2299769
random 0.543002 2 63022 1566648 2216476
random 0.544002 2 65509 1626178 2299975
random 0.545002 5 64462 1600080 2266769
random 0.546002 3 65351 1621260 2313492
random 0.547002 13 65882 1635866 2309374
random 0.548002 4 65956 1634943 2309526
random 0.549002 5 64778 1604704 2272233
random 0.550002 6 65623 1630665 2307716
random 0.551002 8 65655 1630795 2308654
random 0.552002 2 65546 1630989 2309024
random 0.553002 2 64569 1600182 2269564
random 0.554002 2 65862 1630555 2312864
random 0.555002 2 65807 1631446 2313807
random 0.556002 2 65630 1630627 2314302
random 0.557002 2 64583 1601283 2270248
random 0.558002 3 65142 1611708 2312045
random 0.559002 2 65344 1622940 2304641
random 0.560002 2 64646 1603049 2276277
random 0.561002 2 64003 1589053 2256406
random 0.562002 2 64704 1605186 2279796
random 0.563002 3 64604 1605946 2279904
random 0.564002 2 64789 1605399 2280166
random 0.565002 3 64026 1590355 2256074
random 0.566002 6 65809 1633301 2311979
random 0.567002 2 65789 1633446 2312735
random 0.568002 2 65730 1633062 2311143
random 0.569002 2 64429 1595085 2255789
random 0.570002 2 64880 1610758 2273080
random 0.571002 2 65015 1610840 2273276
random 0.572002 3 64539 1596800 2279788
random 0.573002 2 64959 1608968 2272994
random 0.574002 6 64744 1609557 2274721
random 0.575002 2 64947 1609861 2274715
random 0.576002 2 64823 1610127 2274150
random 0.577002 6 64879 1608993 2273301
random 0.578002 2 64937 1610014 2274049
random 0.579002 2 64899 1610497 2273538
random 0.580002 2 64978 1610313 2274351
random 0.581002 3 65252 1620794 2294387
random 0.582002 2 65989 1634128 2309754
random 0.583002 2 65772 1634249 2315849
random 0.584002 2 65715 1634094 2310921
random 0.585002 3 65478 1618611 2320434
random 0.586002 3 65902 1634685 2308939
random 0.587002 2 65822 1634612 2310180
random 0.588002 1 65880 1634524 2309942
random 0.589002 3 65820 1633867 2308796
random 0.590002 2 65743 1631091 2316653
random 0.591002 2 65590 1628703 2313249
random 0.592002 2 65571 1629191 2312042
random 0.593002 2 65678 1630883 2312338
random 0.594002 2 65778 1633739 2309495
random 0.595002 2 65668 1634340 2310275
random 0.596002 4 65253 1613723 2317972
random 0.597002 2 64573 1603834 2276689
random 0.598002 2 65653 1632237 2313822
random 0.599002 2 65713 1633575 2314237
random 0.600002 1 65866 1633732 2314931
random 0.601002 3 65690 1631720 2312558
random 0.602002 2 65754 1633738 2309955
random 0.603002 2 65746 1633487 2310505
random 0.604002 2 65943 1633748 2309979
random 0.605002 2 65680 1630399 2310076
random 0.606002 2 64691 1605792 2278939
random 0.607002 2 64668 1605841 2279191
random 0.608002 3 64554 1596016 2280155
random 0.609002 2 64792 1608822 2273721
random 0.610002 2 64837 1610174 2273033
random 0.611002 2 63417 1573341 2221477
random 0.612002 2 64943 1611899 2273089
random 0.613002 2 63977 1589956 2252189
random 0.614002 2 65298 1622814 2304403
random 0.615002 2 65335 1622803 2305484
random 0.616002 2 65372 1623653 2304328
random 0.617002 2 65428 1622476 2303295
random 0.618002 2 65270 1623143 2304482
random 0.619002 2 65319 1623345 2304218
random 0.620002 2 65307 1623125 2304612
random 0.621002 3 65098 1608270 2304769
random 0.622002 3 65365 1622322 2305255
random 0.623002 2 65435 1623078 2304992
random 0.624002 2 65471 1622094 2304975
random 0.625002 2 65547 1627101 2308569
random 0.626002 2 65828 1633757 2315787
random 0.627002 2 65877 1633587 2317669
random 0.628002 2 65779 1633423 2316999
random 0.629002 2 65689 1630107 2309966
random 0.630002 2 65742 1631314 2309293
random 0.631002 2 65524 1629242 2305400
random 0.632002 2 65826 1630003 2304136
random 0.633002 3 64971 1605701 2293743
random 0.634002 2 64951 1610667 2273302
random 0.635002 3 64964 1610865 2275094
random 0.636002 2 64902 1609795 2272312
random 0.637002 2 63423 1575632 2231170
random 0.638002 2 65204 1621591 2301794
random 0.639002 2 65065 1616170 2295239
random 0.640002 2 65143 1615467 2295336
random 0.641002 2 64387 1598258 2265651
random 0.642002 2 65258 1621686 2294574
random 0.643002 2 65442 1623557 2296249
random 0.644002 2 65474 1623580 2296362
random 0.645002 2 64737 1601245 2270966
random 0.646002 3 65526 1618570 2319866
random 0.647002 2 65584 1628251 2310568
random 0.648002 2 65780 1629792 2313556
random 0.649002 2 64411 1596718 2260421
random 0.650002 3 64924 1609352 2274094
random 0.651002 2 64957 1610459 2273983
random 0.652002 2 64869 1611697 2272165
random 0.653002 2 64159 1593141 2253553
random 0.654002 2 65600 1629457 2312773
random 0.655002 2 65701 1629553 2313383
random 0.656002 2 64768 1606455 2280779
random 0.657002 2 65525 1624474 2303662
random 0.658002 2 65247 1624005 2296818
random 0.659002 3 65182 1607905 2301140
random 0.660002 3 65198 1621104 2296141
random 0.661002 2 65394 1623673 2306127
random 0.662002 2 65707 1630005 2313921
random 0.663002 2 65817 1631106 2313623
random 0.664002 2 65636 1629982 2315099
random 0.665002 2 65656 1630056 2312847
random 0.666002 2 65596 1629764 2314891
random 0.667002 2 65540 1630151 2315305
random 0.668002 2 65652 1630159 2315046
random 0.669002 2 65697 1627230 2310213
random 0.670002 2 65601 1626363 2306650
random 0.671002 3 65162 1609960 2308505
random 0.672002 2 65562 1626257 2307163
random 0.673002 2 65499 1624038 2307606
random 0.674002 2 65371 1626139 2306313
random 0.675002 2 65468 1625535 2308368
random 0.676002 3 65408 1625727 2307242
random 0.677002 2 65437 1624459 2307218
random 0.678002 2 65510 1625537 2307613
random 0.679002 2 65315 1625878 2307862
random 0.680002 2 65478 1625655 2307829
random 0.681002 2 65416 1624847 2307231
random 0.682002 2 65441 1624849 2308039
random 0.683002 4 65123 1610787 2314242
random 0.684002 1 65512 1625982 2307755
random 0.685002 3 65055 1614170 2293978
random 0.686002 1 64678 1607166 2277620
random 0.687002 3 64564 1605931 2279518
random 0.688002 2 64648 1606126 2279109
random 0.689002 2 65150 1618276 2294112
random 0.690002 2 65885 1632629 2312448
random 0.691002 2 65744 1632777 2311083
random 0.692002 2 65675 1632359 2311725
random 0.693002 2 65737 1630194 2311965
random 0.694002 2 65687 1631312 2316906
random 0.695002 3 65421 1617942 2322169
random 0.696002 3 65707 1631962 2316801
random 0.697002 2 65665 1631663 2311113
random 0.698002 2 65733 1631758 2308832
random 0.699002 2 65810 1632708 2308638
random 0.700002 2 65587 1631623 2309616
random 0.701002 2 65664 1627088 2300227
random 0.702002 2 65431 1625342 2297462
random 0.703002 2 65508 1625834 2298705
random 0.704002 2 65707 1627160 2303477
random 0.705002 2 65795 1629476 2309055
random 0.706002 2 65798 1631616 2317252
random 0.707002 3 65428 1618400 2322029
random 0.708002 2 65396 1623590 2304538
random 0.709002 13 58949 1460893 2076309
random 0.710003 7 61455 1525344 2163467
random 0.711002 5 63979 1590334 2257893
random 0.712002 4 58526 1452287 2062139
random 0.713002 11 58574 1450648 2053915
random 0.714002 9 58555 1453507 2057178
random 0.715002 1 58714 1455739 2056489
random 0.716002 2 58648 1455047 2057816
random 0.717002 2 61206 1520026 2149151
random 0.718002 3 64975 1609309 2272330
random 0.719002 1 64778 1612046 2272435
random 0.720002 3 64777 1610487 2274049
random 0.721002 9 64914 1610818 2272572
random 0.722002 2 64883 1609934 2273773
random 0.723002 2 64817 1609152 2275298
random 0.724002 2 64948 1609313 2275305
random 0.725002 2 65137 1617447 2286527
random 0.726002 4 65645 1627435 2299136
random 0.727002 2 65560 1627631 2300950
random 0.728002 2 65496 1627933 2299929
random 0.729002 2 65543 1626272 2299577
random 0.730002 8 65275 1613607 2304794
random 0.731002 1 65671 1628349 2299499
random 0.732002 3 65627 1627102 2301502
random 0.733002 2 65542 1626653 2298364
random 0.734002 2 65342 1623560 2291849
random 0.735002 2 65666 1628282 2300905
random 0.736002 2 65548 1626611 2299593
random 0.737002 2 63965 1588611 2246890
random 0.738002 2 65359 1626082 2299976
random 0.739002 2 65524 1627845 2300446
random 0.740002 2 65712 1627476 2300504
random 0.741002 2 65470 1625464 2298835
random 0.742002 3 65218 1614343 2303295
random 0.743002 3 65580 1627435 2298912
random 0.744002 2 65598 1627981 2298376
random 0.745002 2 65229 1620450 2291683
random 0.746002 2 65308 1620217 2290955
random 0.747002 2 65229 1619635 2291965
random 0.748002 2 65303 1619363 2291625
random 0.749002 4 65302 1622465 2294236
random 0.750002 2 65544 1627335 2299462
random 0.751002 2 65507 1626807 2300113
random 0.752002 2 65448 1626717 2300406
random 0.753002 2 65780 1628664 2303844
random 0.754002 4 65389 1617157 2315068
random 0.755002 2 65778 1630922 2315150
random 0.756002 1 65777 1631786 2309137
random 0.757002 3 65654 1630615 2308157
random 0.758002 1 65844 1631482 2308872
random 0.759002 3 65590 1629708 2304707
random 0.760002 2 65814 1629269 2304788
random 0.761002 1 65734 1631650 2310509
random 0.762002 3 65697 1631375 2314017
random 0.763002 2 65716 1631943 2312915
random 0.764002 2 65652 1631979 2314021
random 0.765002 4 65487 1616478 2319287
random 0.766002 1 65701 1630880 2314337
random 0.767002 2 65730 1630924 2314502
random 0.768002 3 65728 1630429 2314336
random 0.769002 2 65606 1626493 2310826
random 0.770002 2 65620 1625518 2306545
random 0.771002 2 65386 1625693 2308253
random 0.772002 2 65457 1625839 2307934
random 0.773002 3 65200 1613929 2291328
random 0.774002 2 64855 1606685 2277804
random 0.775002 2 64776 1607100 2278003
random 0.776002 2 64641 1606569 2278772
random 0.777002 2 64996 1612995 2290619
random 0.778002 3 65173 1611408 2312785
random 0.779002 2 65458 1624023 2303541
random 0.780002 3 65223 1622676 2304911
random 0.781002 2 65472 1624041 2307325
random 0.782002 2 65406 1621955 2304964
random 0.783002 2 65421 1625113 2308456
random 0.784002 2 65446 1624936 2308441
random 0.785002 2 65516 1624522 2306963
random 0.786002 4 65489 1629467 2313450
random 0.787002 2 65703 1630848 2314556
random 0.788002 2 65805 1629942 2314850
random 0.789002 2 65752 1629997 2313272
random 0.790002 4 65068 1610724 2314889
random 0.791002 2 65559 1625229 2306534
random 0.792002 2 65514 1625619 2307630
random 0.793002 2 65004 1615004 2292815
random 0.794002 2 64626 1605681 2278886
random 0.795002 2 64679 1606663 2279039
random 0.796002 2 64800 1607096 2277725
random 0.797002 2 64697 1605297 2277780
random 0.798002 2 64642 1606220 2278131
random 0.799002 2 64698 1607123 2277963
random 0.800002 2 64790 1606298 2278692
random 0.801002 6 62636 1551874 2202917
random 0.802002 2 64730 1605691 2278588
random 0.803002 2 64728 1605805 2279690
random 0.804002 3 64419 1592362 2284503
random 0.805002 6 65057 1614175 2292960
random 0.806002 1 65367 1623473 2303268
random 0.807002 3 65589 1625700 2308497
random 0.808002 2 65489 1625625 2307865
random 0.809002 2 65246 1620150 2300736
random 0.810002 2 65306 1621128 2301744
random 0.811002 2 65339 1621973 2301482
random 0.812002 2 65474 1621224 2302025
random 0.813002 2 65275 1623380 2303194
random 0.814002 2 65484 1627864 2306003
random 0.815002 2 65415 1625125 2302665
random 0.816002 3 64013 1582195 2266021
random 0.817002 2 65696 1629053 2306436
random 0.818002 3 64580 1603026 2271515
random 0.819002 2 65680 1631282 2308697
random 0.820002 2 65769 1629933 2308418
random 0.821002 2 65577 1627602 2308089
random 0.822002 2 65420 1624808 2308068
random 0.823002 2 65453 1625399 2310553
random 0.824002 2 65376 1624912 2308070
random 0.825002 2 65506 1625089 2305773
random 0.826002 2 65683 1626813 2302982
random 0.827002 2 65621 1627217 2303869
random 0.828002 4 65229 1610785 2304093
random 0.829002 2 65520 1624435 2302504
random 0.830002 1 65452 1622459 2303224
random 0.831002 3 65463 1622817 2305062
random 0.832002 2 65482 1623056 2303640
random 0.833002 5 65596 1628217 2307037
random 0.834002 2 65927 1633577 2309551
random 0.835002 2 65740 1634411 2312167
random 0.836002 2 65815 1632961 2309864
random 0.837002 2 65815 1633485 2311053
random 0.838002 2 65772 1633858 2314798
random 0.839002 2 65862 1634299 2314438
random 0.840002 3 65426 1620986 2319450
random 0.841002 2 65983 1633063 2314543
random 0.842002 3 65823 1634042 2316334
random 0.843002 2 65721 1633404 2319389
random 0.844002 2 65818 1633842 2320254
random 0.845002 2 65539 1626821 2307591
random 0.846002 2 65330 1623563 2295464
random 0.847002 2 65406 1623266 2296573
random 0.848002 2 65386 1623673 2297635
random 0.849002 2 65391 1622531 2295858
random 0.850002 2 65384 1623557 2295169
random 0.851002 3 65446 1622591 2297680
random 0.852002 3 64876 1612084 2300605
random 0.853002 3 65427 1622288 2296047
random 0.854002 2 65424 1623736 2296255
random 0.855002 2 65366 1622974 2296551
random 0.856002 2 65277 1623235 2296146
random 0.857002 2 65058 1612634 2288615
random 0.858002 2 64621 1604931 2279887
random 0.859002 2 64697 1604648 2281474
random 0.860002 3 64684 1605480 2280474
random 0.861002 2 64781 1607130 2276069
random 0.862002 2 64864 1610751 2272579
random 0.863002 2 64903 1610889 2273372
random 0.864002 2 65017 1610027 2273593
random 0.865002 3 64631 1595335 2279147
random 0.866002 3 64858 1611252 2272577
random 0.867002 2 65005 1610908 2273096
random 0.868002 1 64969 1611649 2272793
random 0.869002 3 65245 1615951 2282120
random 0.870002 2 65575 1628434 2305638
random 0.871002 2 65285 1621985 2294543
random 0.872002 2 65617 1628603 2303486
random 0.873002 2 65203 1616308 2291261
random 0.874002 2 64810 1605042 2279915
random 0.875002 2 64586 1604611 2281434
random 0.876002 2 64704 1604296 2281327
random 0.877002 2 64830 1607389 2274991
random 0.878002 4 64307 1586948 2289556
random 0.879002 1 64906 1611115 2273358
random 0.880002 3 64894 1610163 2274057
random 0.881002 2 64799 1609686 2272262
random 0.882002 2 64706 1610562 2273180
random 0.883002 2 64856 1611123 2273443
random 0.884002 2 64856 1611047 2272744
random 0.885002 2 65311 1617964 2296830
random 0.886002 2 64689 1606010 2278697
random 0.887002 2 64628 1606205 2278915
random 0.888002 2 64753 1606826 2278139
random 0.889002 15 65263 1618943 2293008
random 0.890002 4 65697 1634559 2308840
random 0.891002 3 65572 1620862 2314445
random 0.892002 3 65769 1634013 2310369
random 0.893002 2 65629 1626521 2302721
random 0.894002 2 65206 1620308 2301162
random 0.895002 2 65198 1617372 2295700
random 0.896002 2 65202 1617649 2295105
random 0.897002 2 65057 1617652 2291920
random 0.898002 2 65297 1620233 2289870
random 0.899002 2 65364 1618584 2290885
random 0.900002 2 65195 1619729 2290349
random 0.901002 2 65247 1618392 2292061
random 0.902002 2 65315 1622245 2302950
random 0.903002 2 65146 1617698 2295587
random 0.904002 3 64715 1604463 2302851
random 0.905002 9 65294 1622894 2306294
random 0.906002 2 65869 1633329 2316445
random 0.907002 1 65743 1633267 2317326
random 0.908002 3 65796 1631649 2318493
random 0.909002 2 65791 1631552 2316457
random 0.910002 2 65688 1633240 2316916
random 0.911002 2 65776 1633307 2316691
random 0.912002 2 65879 1633272 2316836
random 0.913002 2 65738 1630207 2312897
random 0.914002 2 65784 1632445 2316764
random 0.915002 3 65555 1618421 2323278
random 0.916002 3 65718 1632649 2317755
random 0.917002 2 65747 1631854 2316644
random 0.918002 2 65852 1632331 2317512
random 0.919002 2 65670 1632289 2318505
random 0.920002 2 64692 1605775 2279244
random 0.921002 2 65548 1629497 2314437
random 0.922002 2 65736 1628508 2311743
random 0.923002 2 65794 1631647 2317653
random 0.924002 2 65715 1631788 2317246
random 0.925002 2 65704 1628892 2310543
random 0.926002 2 65625 1631547 2308991
random 0.927002 5 65462 1616992 2315597
random 0.928002 2 65804 1632450 2307954
random 0.929002 2 65769 1628175 2303475
random 0.930002 2 65605 1625618 2297175
random 0.931002 2 65483 1624535 2300772
random 0.932002 2 65437 1624777 2300849
