attack_ntmp 0.001021 6815 44 357 2859127
attack_ntmp 0.002007 8097 247 136 3401089
attack_ntmp 0.003008 6516 1 4 2263711
attack_ntmp 0.004006 5663 1 9 2289072
attack_ntmp 0.005005 6291 265 156 2325173
attack_ntmp 0.006007 7868 5 10 2243599
attack_ntmp 0.007005 8644 240 130 2306445
attack_ntmp 0.008005 8303 252 142 2238424
attack_ntmp 0.009005 6432 1 7 2312277
attack_ntmp 0.010005 5446 3 6 2352684
attack_ntmp 0.011004 5355 255 137 2255807
attack_ntmp 0.012005 5012 2 8 2259232
attack_ntmp 0.013006 5226 249 133 2363828
attack_ntmp 0.014007 5499 14 10 2324660
attack_ntmp 0.015014 5218 3 12 2258129
attack_ntmp 0.016008 6968 317 137 2007540
attack_ntmp 0.017016 6639 3 8 2268634
attack_ntmp 0.018007 3168 1 4 2242806
attack_ntmp 0.019008 5962 267 146 2097365
attack_ntmp 0.020006 7245 4 8 2243707
attack_ntmp 0.021006 7352 249 145 2318013
attack_ntmp 0.022005 7112 0 7 2259002
attack_ntmp 0.023005 7427 244 142 2250474
attack_ntmp 0.024210 8187 12 14 2596095
attack_ntmp 0.025006 9288 158 127 1835863
attack_ntmp 0.026006 7312 2 8 2260413
attack_ntmp 0.027005 7664 272 144 2335265
attack_ntmp 0.028005 7200 0 6 2249982
attack_ntmp 0.029005 7758 249 145 2315870
attack_ntmp 0.030006 7350 0 6 2257867
attack_ntmp 0.031004 7176 258 140 2246115
attack_ntmp 0.032004 7020 1 6 2255739
attack_ntmp 0.033005 7318 244 145 2348015
attack_ntmp 0.034004 7324 248 148 2329935
attack_ntmp 0.035005 8384 1 4 2256922
attack_ntmp 0.036106 8611 250 155 2505707
attack_ntmp 0.037005 2026 2 6 2033239
attack_ntmp 0.038006 2606 2 4 2600095
attack_ntmp 0.039005 3687 2 5 2430195
attack_ntmp 0.040005 5644 228 128 2128536
attack_ntmp 0.041005 4602 6 9 2152719
attack_ntmp 0.042004 7248 1 8 2331201
attack_ntmp 0.043005 7934 241 141 2342631
attack_ntmp 0.044004 6962 4 7 2229495
attack_ntmp 0.045005 7350 251 138 2333851
attack_ntmp 0.046004 7284 1 6 2259023
attack_ntmp 0.047004 7181 250 151 2249516
attack_ntmp 0.048004 7348 2 6 2253610
attack_ntmp 0.049005 7223 264 144 2252236
attack_ntmp 0.050005 7369 276 136 2327295
attack_ntmp 0.051004 7336 1 3 2257503
attack_ntmp 0.052005 7142 254 143 2212814
attack_ntmp 0.053005 7158 0 4 2287941
attack_ntmp 0.054005 7509 258 144 2325843
attack_ntmp 0.055004 7384 1 5 2257042
attack_ntmp 0.056005 7598 247 135 2341495
attack_ntmp 0.057005 7441 1 5 2258718
attack_ntmp 0.058004 7339 239 147 2345359
attack_ntmp 0.059005 7062 2 7 2259448
attack_ntmp 0.060005 7400 260 142 2245152
attack_ntmp 0.061005 7194 2 5 2259124
attack_ntmp 0.062005 7206 243 138 2313904
attack_ntmp 0.063004 7400 1 4 2254564
attack_ntmp 0.064005 7095 247 147 2343455
attack_ntmp 0.065005 7159 1 5 2254416
attack_ntmp 0.066005 7544 247 149 2250588
attack_ntmp 0.067004 6901 1 4 2257084
attack_ntmp 0.068004 7253 241 146 2346313
attack_ntmp 0.069005 7081 2 6 2259539
attack_ntmp 0.070005 7051 243 146 2250590
attack_ntmp 0.071004 7205 1 5 2257521
attack_ntmp 0.072005 7143 256 140 2346301
attack_ntmp 0.073005 7078 2 6 2257086
attack_ntmp 0.074004 7029 284 136 2249952
attack_ntmp 0.075004 7010 1 4 2257626
attack_ntmp 0.076005 7057 254 138 2249439
attack_ntmp 0.077005 7310 2 4 2258033
attack_ntmp 0.078005 7164 247 149 2311945
attack_ntmp 0.079004 6914 0 7 2259449
attack_ntmp 0.080005 7031 252 151 2300320
attack_ntmp 0.081005 7102 3 5 2259053
attack_ntmp 0.082005 7541 238 152 2322187
attack_ntmp 0.083004 7136 0 6 2256911
attack_ntmp 0.084005 7148 270 138 2224370
attack_ntmp 0.085005 7232 2 6 2257969
attack_ntmp 0.086005 7393 276 145 2152376
attack_ntmp 0.087005 7194 0 6 2276262
attack_ntmp 0.088005 7240 269 141 2344814
attack_ntmp 0.089005 7532 2 7 2360528
attack_ntmp 0.090005 7511 246 144 2329629
attack_ntmp 0.091005 7202 246 140 2250093
attack_ntmp 0.092005 7297 1 8 2251301
attack_ntmp 0.093005 7356 253 137 2345822
attack_ntmp 0.094005 7296 0 6 2357707
attack_ntmp 0.095005 7301 257 145 2333314
attack_ntmp 0.096004 7284 1 6 2253318
attack_ntmp 0.097005 7352 252 148 2250973
attack_ntmp 0.098005 7358 0 5 2257570
attack_ntmp 0.099004 7323 273 137 2249155
attack_ntmp 0.100005 7205 1 7 2252029
attack_ntmp 0.101005 7402 245 141 2341655
attack_ntmp 0.102004 7514 0 5 2254366
attack_ntmp 0.103004 7621 243 142 2350512
attack_ntmp 0.104006 7391 4 15 2267530
attack_ntmp 0.105005 9328 205 128 2246049
attack_ntmp 0.106005 7521 1 5 2255839
attack_ntmp 0.107005 7872 267 141 2249352
attack_ntmp 0.108005 7610 2 7 2251459
attack_ntmp 0.109005 7567 256 142 2331796
attack_ntmp 0.110005 7496 267 135 2249658
attack_ntmp 0.111004 7563 0 6 2318075
attack_ntmp 0.112005 7528 265 143 2246308
attack_ntmp 0.113005 7576 1 6 2341936
attack_ntmp 0.114005 7352 257 145 2248829
attack_ntmp 0.115004 7536 0 5 2257345
attack_ntmp 0.116004 7602 252 144 2246738
attack_ntmp 0.117005 7246 3 4 2259532
attack_ntmp 0.118004 7701 280 141 2310761
attack_ntmp 0.119004 7300 1 4 2258824
attack_ntmp 0.120005 7458 256 141 2245059
attack_ntmp 0.121005 7574 1 6 2256803
attack_ntmp 0.122005 7809 250 131 2248241
attack_ntmp 0.123004 7574 0 5 2256253
attack_ntmp 0.124004 7497 257 140 2288817
attack_ntmp 0.125005 7611 234 148 2251307
attack_ntmp 0.126004 7401 1 7 2320148
attack_ntmp 0.127004 7457 252 146 2247588
attack_ntmp 0.128004 7789 4 9 2342313
attack_ntmp 0.129005 7934 256 136 2344726
attack_ntmp 0.130005 7692 1 5 2257987
attack_ntmp 0.131004 7693 242 155 2308761
attack_ntmp 0.132005 7756 2 7 2252437
attack_ntmp 0.133005 7294 267 140 2329635
attack_ntmp 0.134005 7508 0 6 2257298
attack_ntmp 0.135004 7344 276 140 2347538
attack_ntmp 0.136004 7512 1 5 2272910
attack_ntmp 0.137005 7483 272 134 2252153
attack_ntmp 0.138005 7647 254 128 2310615
attack_ntmp 0.139004 7227 0 5 2256008
attack_ntmp 0.140005 7207 277 147 2346473
attack_ntmp 0.141005 7420 1 6 2256289
attack_ntmp 0.142004 7398 256 149 2346853
attack_ntmp 0.143004 7418 1 5 2272982
attack_ntmp 0.144005 7267 279 147 2247684
attack_ntmp 0.145005 7626 1 5 2258048
attack_ntmp 0.146004 7210 253 133 2314257
attack_ntmp 0.147005 7530 0 6 2258518
attack_ntmp 0.148005 7379 246 143 2303634
attack_ntmp 0.149005 7422 1 5 2258870
attack_ntmp 0.150005 7464 266 129 2324230
attack_ntmp 0.151005 7316 1 5 2257641
attack_ntmp 0.152005 7235 265 138 2201795
attack_ntmp 0.153005 7332 1 4 2258376
attack_ntmp 0.154005 7437 253 151 2252127
attack_ntmp 0.155004 7408 1 6 2257971
attack_ntmp 0.156004 7404 255 141 2289162
attack_ntmp 0.157005 7550 264 141 2249982
attack_ntmp 0.158004 7466 1 4 2255357
attack_ntmp 0.159005 7293 268 134 2249725
attack_ntmp 0.160004 7354 0 8 2345126
attack_ntmp 0.161005 7500 256 144 2343967
attack_ntmp 0.162004 7180 2 5 2255290
attack_ntmp 0.163004 7314 267 145 2324115
attack_ntmp 0.164004 7366 2 7 2253877
attack_ntmp 0.165005 7325 244 132 2251193
attack_ntmp 0.166004 7590 2 6 2256189
attack_ntmp 0.167004 7433 254 146 2250542
attack_ntmp 0.168004 7278 2 7 2253379
attack_ntmp 0.169005 7235 267 137 2349733
attack_ntmp 0.170005 7454 0 6 2272656
attack_ntmp 0.171004 7528 252 142 2250702
attack_ntmp 0.172004 7262 0 7 2255704
attack_ntmp 0.173006 7406 248 135 2332904
attack_ntmp 0.174004 7438 1 6 2254766
attack_ntmp 0.175004 7373 258 143 2249700
attack_ntmp 0.176013 7151 3 14 2285207
attack_ntmp 0.177007 7638 290 132 2304234
attack_ntmp 0.178004 7432 295 138 2245608
attack_ntmp 0.179003 7694 0 3 2352465
attack_ntmp 0.180004 7398 262 141 2340983
attack_ntmp 0.181004 7526 0 3 2276352
attack_ntmp 0.182003 7443 289 138 2342298
attack_ntmp 0.183003 7459 0 4 2277473
attack_ntmp 0.184004 7343 282 143 2341852
attack_ntmp 0.185004 7372 3 13 2268450
attack_ntmp 0.186003 7404 289 134 2242178
attack_ntmp 0.187003 7346 0 4 2261161
attack_ntmp 0.188003 7372 282 138 2333408
attack_ntmp 0.189004 7419 0 4 2256331
attack_ntmp 0.190003 7329 286 138 2310486
attack_ntmp 0.191004 7271 0 4 2265172
attack_ntmp 0.192004 7221 281 143 2340747
attack_ntmp 0.193003 7446 0 4 2253046
attack_ntmp 0.194003 7400 292 140 2310529
attack_ntmp 0.195003 7394 0 4 2255100
attack_ntmp 0.196003 7268 281 145 2296814
attack_ntmp 0.197004 7339 289 139 2247624
attack_ntmp 0.198003 7561 0 4 2345532
attack_ntmp 0.199003 7441 305 139 2343237
attack_ntmp 0.200003 7521 3 9 2351583
attack_ntmp 0.201004 7334 293 135 2346323
attack_ntmp 0.202006 7473 0 2 2286300
attack_ntmp 0.203007 7001 274 132 2347102
attack_ntmp 0.204009 6775 6 25 2267830
attack_ntmp 0.205005 15063 99 99 2339073
attack_ntmp 0.206004 6213 1 84 3367687
attack_ntmp 0.207004 7016 0 434 3415388
attack_ntmp 0.208016 16621 41 139 2944899
attack_ntmp 0.209022 5276 4 29 2881274
attack_ntmp 0.210007 14014 68 88 2039017
attack_ntmp 0.211004 7184 0 5 2524564
attack_ntmp 0.212008 8756 308 140 2333072
attack_ntmp 0.213005 8614 3 22 2233937
attack_ntmp 0.214004 9247 263 130 2237841
attack_ntmp 0.215006 3186 5 44 2322691
attack_ntmp 0.216005 2531 4 6 2334462
attack_ntmp 0.217006 6976 183 95 2353539
attack_ntmp 0.218005 4494 3 14 2358520
attack_ntmp 0.219006 2277 0 19 2145997
attack_ntmp 0.220005 5722 3 34 2908062
attack_ntmp 0.221005 16007 41 342 3235798
attack_ntmp 0.222008 6659 2 139 2873724
attack_ntmp 0.223010 15565 58 34 2972177
attack_ntmp 0.224004 4114 3 9 2333084
attack_ntmp 0.225005 9470 280 131 2738998
attack_ntmp 0.226005 7666 4 29 2387384
attack_ntmp 0.227004 8413 292 131 2250727
attack_ntmp 0.228004 7009 5 9 2176913
attack_ntmp 0.229004 9181 297 143 2340442
attack_ntmp 0.230005 9254 3 14 2354217
attack_ntmp 0.231005 7037 271 157 2297742
attack_ntmp 0.232004 2349 7 15 2221745
attack_ntmp 0.233004 2672 0 4 2332087
attack_ntmp 0.234004 7465 238 135 2346400
attack_ntmp 0.235003 3424 0 4 2362104
attack_ntmp 0.236004 6266 7 9 2224223
attack_ntmp 0.237004 8636 309 150 2335275
attack_ntmp 0.238003 7222 0 4 2255531
attack_ntmp 0.239003 7552 287 140 2313157
attack_ntmp 0.240004 7623 5 7 2247890
attack_ntmp 0.241005 7912 282 137 2314037
attack_ntmp 0.242004 7451 4 22 2242302
attack_ntmp 0.243005 8198 282 148 2349238
attack_ntmp 0.244004 7140 7 9 2170677
attack_ntmp 0.245004 8429 287 132 2343525
attack_ntmp 0.246004 7202 280 138 2343395
attack_ntmp 0.247004 7514 0 4 2354604
attack_ntmp 0.248004 7269 291 147 2337376
attack_ntmp 0.249004 7566 0 4 2355021
attack_ntmp 0.250003 7277 272 140 2341022
attack_ntmp 0.251003 7512 0 4 2277417
attack_ntmp 0.252004 7365 286 138 2331816
attack_ntmp 0.253004 7554 0 4 2354622
attack_ntmp 0.254003 7216 297 134 2325891
attack_ntmp 0.255003 7267 0 4 2254365
attack_ntmp 0.256004 7037 274 138 2339761
attack_ntmp 0.257004 7306 0 4 2278533
attack_ntmp 0.258003 7645 298 135 2343739
attack_ntmp 0.259003 7197 1 5 2262671
attack_ntmp 0.260003 7338 328 145 2339539
attack_ntmp 0.261004 7204 0 4 2266777
attack_ntmp 0.262004 7745 286 140 2343064
attack_ntmp 0.263003 7411 0 4 2264293
attack_ntmp 0.264004 7345 289 139 2341728
attack_ntmp 0.265004 7203 284 140 2252905
attack_ntmp 0.266003 7350 0 4 2353351
attack_ntmp 0.267003 7315 278 146 2344520
attack_ntmp 0.268003 7498 4 4 2322481
attack_ntmp 0.269004 7270 288 138 2346215
attack_ntmp 0.270003 7340 0 3 2351818
attack_ntmp 0.271003 7283 284 143 2343141
attack_ntmp 0.272003 7387 6 8 2351277
attack_ntmp 0.273004 7247 284 134 2346106
attack_ntmp 0.274003 7455 0 4 2352916
attack_ntmp 0.275004 7283 268 140 2330821
attack_ntmp 0.276003 7544 4 8 2251491
attack_ntmp 0.277004 7586 276 139 2334880
attack_ntmp 0.278003 7385 0 3 2277252
attack_ntmp 0.279003 7429 324 134 2344525
attack_ntmp 0.280003 7254 3 6 2294660
attack_ntmp 0.281004 7376 285 142 2338985
attack_ntmp 0.282003 7684 0 3 2253496
attack_ntmp 0.283003 7391 277 142 2311050
attack_ntmp 0.284003 7606 288 141 2239935
attack_ntmp 0.285003 7441 4 13 2321955
attack_ntmp 0.286004 7654 280 132 2246710
attack_ntmp 0.287003 7236 0 3 2345237
attack_ntmp 0.288003 7369 288 143 2342325
attack_ntmp 0.289003 7374 0 3 2351726
attack_ntmp 0.290003 7459 286 141 2343212
attack_ntmp 0.291003 7520 0 4 2353823
attack_ntmp 0.292003 7244 285 141 2341112
attack_ntmp 0.293004 7414 0 4 2279675
attack_ntmp 0.294003 7137 296 139 2343065
attack_ntmp 0.295004 7413 0 4 2277640
attack_ntmp 0.296003 7441 267 142 2340648
attack_ntmp 0.297004 7398 0 4 2282988
attack_ntmp 0.298003 7309 288 138 2338888
attack_ntmp 0.299003 7670 0 4 2275420
attack_ntmp 0.300003 7410 260 145 2303408
attack_ntmp 0.301004 7520 0 4 2255388
attack_ntmp 0.302003 7420 283 135 2325941
attack_ntmp 0.303003 7102 279 136 2245291
attack_ntmp 0.304003 7445 2 9 2328273
attack_ntmp 0.305003 7168 293 137 2343054
attack_ntmp 0.306004 7584 0 4 2357095
attack_ntmp 0.307003 7357 268 134 2340606
attack_ntmp 0.308005 7354 3 9 2260206
attack_ntmp 0.309004 7351 286 135 2340755
attack_ntmp 0.310003 7480 0 4 2275836
attack_ntmp 0.311003 7411 285 144 2343167
attack_ntmp 0.312004 7139 10 6 2220963
attack_ntmp 0.313004 7637 189 133 2341781
attack_ntmp 0.314003 7588 0 4 2270924
attack_ntmp 0.315004 7266 289 132 2330292
attack_ntmp 0.316004 7435 1 6 2248305
attack_ntmp 0.317004 7474 278 142 2319752
attack_ntmp 0.318003 7420 0 4 2254429
attack_ntmp 0.319003 7273 270 146 2320780
attack_ntmp 0.320004 7543 23 8 2251691
attack_ntmp 0.321004 7334 544 132 2338164
attack_ntmp 0.322004 7544 273 140 2342607
attack_ntmp 0.323004 7402 0 4 2355378
attack_ntmp 0.324004 7574 279 144 2336778
attack_ntmp 0.325004 7652 0 4 2354964
attack_ntmp 0.326003 7396 283 137 2341341
attack_ntmp 0.327003 7390 0 4 2272948
attack_ntmp 0.328004 7481 290 145 2341243
attack_ntmp 0.329004 7709 0 4 2276206
attack_ntmp 0.330003 7452 278 138 2343491
attack_ntmp 0.331003 7399 0 3 2259006
attack_ntmp 0.332004 7364 281 141 2304349
attack_ntmp 0.333004 7352 0 3 2253088
attack_ntmp 0.334003 7353 275 142 2325731
attack_ntmp 0.335003 7422 0 4 2255539
attack_ntmp 0.336004 7471 289 139 2308124
attack_ntmp 0.337004 7247 277 144 2253427
attack_ntmp 0.338003 7348 0 4 2354022
attack_ntmp 0.339003 7419 273 135 2339344
attack_ntmp 0.340004 7400 1 6 2348396
attack_ntmp 0.341004 7161 313 138 2346345
attack_ntmp 0.342004 7437 0 4 2275222
attack_ntmp 0.343003 7293 286 141 2342210
attack_ntmp 0.344008 7426 1 6 2306806
attack_ntmp 0.345004 7103 286 140 2329232
attack_ntmp 0.346004 7444 0 4 2273178
attack_ntmp 0.347003 7328 275 137 2343207
attack_ntmp 0.348004 7472 3 8 2250433
attack_ntmp 0.349004 7407 306 133 2311046
attack_ntmp 0.350003 7630 0 4 2251015
attack_ntmp 0.351003 7418 256 142 2311588
attack_ntmp 0.352003 7404 1 6 2250833
attack_ntmp 0.353004 7355 287 135 2311674
attack_ntmp 0.354003 7467 278 137 2244923
attack_ntmp 0.355003 7388 0 4 2318559
attack_ntmp 0.356003 7276 292 144 2242677
attack_ntmp 0.357004 7704 0 4 2328302
attack_ntmp 0.358003 7449 274 138 2343464
attack_ntmp 0.359004 7328 0 4 2275412
attack_ntmp 0.360003 7429 305 138 2336994
attack_ntmp 0.361003 7553 0 4 2260674
attack_ntmp 0.362003 7481 293 141 2342953
attack_ntmp 0.363003 7527 0 4 2261834
attack_ntmp 0.364003 7683 279 142 2340389
attack_ntmp 0.365004 7598 0 4 2276011
attack_ntmp 0.366003 7719 289 131 2341466
attack_ntmp 0.367003 7512 0 4 2274764
attack_ntmp 0.368003 7363 272 142 2334639
attack_ntmp 0.369004 7301 283 146 2343411
attack_ntmp 0.370003 7316 0 4 2351327
attack_ntmp 0.371003 7463 258 138 2342936
attack_ntmp 0.372004 7766 4 9 2346120
attack_ntmp 0.373004 7605 281 133 2339856
attack_ntmp 0.374003 7582 0 4 2254081
attack_ntmp 0.375003 7379 274 136 2310368
attack_ntmp 0.376003 7534 1 6 2258485
attack_ntmp 0.377004 7397 275 141 2346115
attack_ntmp 0.378003 7254 0 4 2273686
attack_ntmp 0.379003 7544 289 139 2341421
attack_ntmp 0.380004 7579 1 7 2299801
attack_ntmp 0.381004 7611 284 134 2341766
attack_ntmp 0.382003 7414 281 132 2268120
attack_ntmp 0.383003 7468 3 3 2352465
attack_ntmp 0.384004 7357 308 135 2339700
attack_ntmp 0.385004 7534 4 14 2349809
attack_ntmp 0.386004 7513 269 140 2238507
attack_ntmp 0.387003 7724 0 4 2250558
attack_ntmp 0.388004 7635 258 139 2341816
attack_ntmp 0.389004 7694 0 4 2272440
attack_ntmp 0.390003 7820 294 136 2342349
attack_ntmp 0.391004 7420 0 4 2277909
attack_ntmp 0.392004 7649 279 134 2341474
attack_ntmp 0.393004 7310 0 2 2276364
attack_ntmp 0.394003 7417 296 136 2340613
attack_ntmp 0.395003 7491 0 3 2266185
attack_ntmp 0.396003 7613 283 146 2341374
attack_ntmp 0.397004 7347 297 140 2345041
attack_ntmp 0.398003 7258 0 3 2351375
attack_ntmp 0.399003 7359 277 140 2345146
attack_ntmp 0.400004 7250 1 7 2350221
attack_ntmp 0.401004 7327 285 138 2341322
attack_ntmp 0.402003 7452 0 4 2354376
attack_ntmp 0.403003 7307 280 140 2339822
attack_ntmp 0.404004 7400 1 6 2247278
attack_ntmp 0.405004 7381 276 140 2309811
attack_ntmp 0.406003 7337 0 4 2267195
attack_ntmp 0.407003 7351 279 132 2337259
attack_ntmp 0.408004 7226 1 6 2253009
attack_ntmp 0.409004 7341 289 143 2309119
attack_ntmp 0.410005 7360 0 4 2256020
attack_ntmp 0.411003 7356 255 148 2310616
attack_ntmp 0.412003 7378 1 6 2247701
attack_ntmp 0.413004 7359 262 143 2313693
attack_ntmp 0.414004 7444 0 4 2252463
attack_ntmp 0.415003 7312 277 134 2321579
attack_ntmp 0.416003 7249 292 140 2241446
attack_ntmp 0.417004 7416 0 4 2345872
attack_ntmp 0.418003 7339 280 138 2343243
attack_ntmp 0.419003 7388 0 4 2353405
attack_ntmp 0.420004 7429 264 143 2342128
attack_ntmp 0.421003 7320 0 4 2258502
attack_ntmp 0.422003 7275 271 143 2342604
attack_ntmp 0.423003 7440 0 4 2271910
attack_ntmp 0.424004 7329 288 145 2342003
attack_ntmp 0.425004 7362 0 4 2267999
attack_ntmp 0.426003 7112 303 138 2337212
attack_ntmp 0.427003 7530 0 3 2253659
attack_ntmp 0.428003 7499 269 139 2309269
attack_ntmp 0.429004 7360 0 4 2252713
attack_ntmp 0.430003 7400 272 136 2326229
attack_ntmp 0.431003 7416 0 4 2254837
attack_ntmp 0.432003 7254 268 142 2295706
attack_ntmp 0.433004 7358 0 3 2255596
attack_ntmp 0.434003 7238 286 137 2319098
attack_ntmp 0.435003 6981 265 136 2245532
attack_ntmp 0.436004 7494 1 7 2302634
attack_ntmp 0.437004 7439 289 143 2245567
attack_ntmp 0.438003 7386 0 4 2321838
attack_ntmp 0.439003 7417 266 142 2343250
attack_ntmp 0.440004 7415 1 7 2270492
attack_ntmp 0.441004 7165 268 141 2344074
attack_ntmp 0.442003 7145 0 4 2272568
attack_ntmp 0.443003 7407 282 133 2342123
attack_ntmp 0.444003 7479 1 6 2270796
attack_ntmp 0.445004 7465 286 130 2343919
attack_ntmp 0.446003 7385 0 4 2274400
attack_ntmp 0.447003 7337 287 139 2343159
attack_ntmp 0.448004 7507 1 7 2271243
attack_ntmp 0.449004 7423 281 137 2344683
attack_ntmp 0.450003 7227 0 3 2264519
attack_ntmp 0.451004 7306 276 166 2324920
attack_ntmp 0.452004 7428 4 18 2270858
attack_ntmp 0.453004 7672 316 135 2241276
attack_ntmp 0.454003 7637 297 140 2318085
attack_ntmp 0.455003 7336 0 4 2351808
attack_ntmp 0.456004 7531 277 140 2340816
attack_ntmp 0.457004 7580 0 4 2354587
attack_ntmp 0.458003 7349 296 133 2342842
attack_ntmp 0.459003 7408 0 4 2256530
attack_ntmp 0.460003 7320 271 143 2310616
attack_ntmp 0.461004 7486 0 4 2252168
attack_ntmp 0.462003 7474 274 135 2312658
attack_ntmp 0.463003 7490 0 4 2252907
attack_ntmp 0.464003 7489 294 136 2309777
attack_ntmp 0.465004 7366 0 5 2253858
attack_ntmp 0.466003 7584 278 136 2308765
attack_ntmp 0.467003 7532 0 4 2255645
attack_ntmp 0.468004 7550 287 133 2280794
attack_ntmp 0.469004 7516 287 143 2243980
attack_ntmp 0.470003 7460 0 4 2340868
attack_ntmp 0.471003 7413 280 137 2345163
attack_ntmp 0.472003 7652 1 7 2347485
attack_ntmp 0.473004 7520 279 127 2344985
attack_ntmp 0.474003 7776 0 3 2351307
attack_ntmp 0.475003 7491 278 139 2325260
attack_ntmp 0.476004 7358 1 7 2253905
attack_ntmp 0.477004 7461 271 142 2327130
attack_ntmp 0.478003 7526 0 4 2251586
attack_ntmp 0.479004 7208 274 145 2313396
attack_ntmp 0.480003 7703 1 7 2280379
attack_ntmp 0.481004 7283 273 135 2344519
attack_ntmp 0.482003 7249 280 128 2348157
attack_ntmp 0.483003 7238 8 5 2351055
attack_ntmp 0.484004 7603 282 143 2341594
attack_ntmp 0.485003 7691 3 12 2346832
attack_ntmp 0.486004 7667 278 137 2245418
attack_ntmp 0.487003 7541 0 4 2252579
attack_ntmp 0.488004 7572 278 144 2339811
attack_ntmp 0.489004 7442 0 4 2273666
attack_ntmp 0.490003 7350 272 131 2344457
attack_ntmp 0.491003 7441 0 3 2267253
attack_ntmp 0.492003 7482 288 141 2340266
attack_ntmp 0.493004 7427 0 4 2255441
attack_ntmp 0.494003 7414 276 127 2312434
attack_ntmp 0.495003 7557 0 4 2266111
attack_ntmp 0.496004 7486 283 140 2337267
attack_ntmp 0.497004 7237 289 138 2243388
attack_ntmp 0.498003 7814 0 4 2324441
attack_ntmp 0.499003 7591 285 135 2345131
attack_ntmp 0.500004 7501 1 5 2296227
attack_ntmp 0.501004 7177 273 144 2345143
attack_ntmp 0.502004 7439 0 4 2255334
attack_ntmp 0.503003 7439 260 137 2342310
attack_ntmp 0.504003 7702 1 6 2351707
attack_ntmp 0.505004 7389 284 135 2345894
attack_ntmp 0.506004 7342 0 3 2272615
attack_ntmp 0.507003 7433 278 139 2343837
attack_ntmp 0.508003 7504 1 6 2273598
attack_ntmp 0.509004 7461 276 138 2343725
attack_ntmp 0.510004 8047 267 147 2255096
attack_ntmp 0.511004 8967 0 4 2335287
attack_ntmp 0.512007 7233 268 142 2255191
attack_ntmp 0.513005 7707 0 81 2234701
attack_ntmp 0.514005 15271 106 90 2234606
attack_ntmp 0.515009 7010 3 47 2337642
attack_ntmp 0.516005 11624 121 158 2216695
attack_ntmp 0.517005 2748 0 4 2265440
attack_ntmp 0.518004 4187 0 4 2325034
attack_ntmp 0.519004 3629 3 9 2363098
attack_ntmp 0.520004 9884 279 151 2338267
attack_ntmp 0.521004 7858 278 129 2346158
attack_ntmp 0.522003 7722 6 6 2346670
attack_ntmp 0.523003 7577 271 139 2342688
attack_ntmp 0.524004 7752 4 21 2349573
attack_ntmp 0.525005 7717 274 133 2340808
attack_ntmp 0.526005 7331 2 28 2256419
attack_ntmp 0.527003 8066 283 132 2240196
attack_ntmp 0.528004 7361 1 6 2281423
attack_ntmp 0.529004 8634 243 169 2323627
attack_ntmp 0.530004 8767 2 21 2263754
attack_ntmp 0.531005 9437 255 154 2343684
attack_ntmp 0.532004 3527 2 6 2338388
attack_ntmp 0.533004 2886 0 4 2365158
attack_ntmp 0.534004 4696 283 130 2349674
attack_ntmp 0.535004 5296 3 10 2293927
attack_ntmp 0.536004 7776 249 144 2308254
attack_ntmp 0.537005 7540 0 3 2354706
attack_ntmp 0.538004 7353 277 139 2342187
attack_ntmp 0.539004 7340 0 4 2260547
attack_ntmp 0.540004 7400 318 136 2333855
attack_ntmp 0.541004 7520 0 4 2255649
attack_ntmp 0.542004 7418 293 154 2316343
attack_ntmp 0.543004 7327 0 3 2251982
attack_ntmp 0.544004 7628 289 153 2285460
attack_ntmp 0.545004 7242 0 4 2259766
attack_ntmp 0.546003 7898 281 139 2343988
attack_ntmp 0.547003 7406 0 6 2274900
attack_ntmp 0.548004 7485 278 140 2339142
attack_ntmp 0.549004 7389 0 4 2281471
attack_ntmp 0.550003 7400 296 126 2324929
attack_ntmp 0.551004 7302 0 5 2254269
attack_ntmp 0.552004 7328 282 142 2307173
attack_ntmp 0.553006 12535 179 190 2248820
attack_ntmp 0.554004 7053 3 14 2244651
attack_ntmp 0.555003 8079 300 128 2316775
attack_ntmp 0.556004 7213 2 8 2339962
attack_ntmp 0.557004 7659 288 143 2341239
attack_ntmp 0.558003 7390 0 4 2354225
attack_ntmp 0.559004 7044 265 143 2346523
attack_ntmp 0.560004 7272 2 7 2347161
attack_ntmp 0.561004 7599 287 128 2345333
attack_ntmp 0.562004 7804 3 14 2350273
attack_ntmp 0.563004 8782 270 141 2327104
attack_ntmp 0.564004 7303 6 68 2238916
attack_ntmp 0.565004 10627 232 134 2239603
attack_ntmp 0.566004 7387 0 4 2260175
attack_ntmp 0.567003 7870 286 137 2342255
attack_ntmp 0.568004 7380 1 5 2260160
attack_ntmp 0.569004 7504 269 133 2342216
attack_ntmp 0.570003 7396 0 3 2262821
attack_ntmp 0.571003 7317 289 138 2342776
attack_ntmp 0.572004 7372 277 141 2340170
attack_ntmp 0.573004 7309 0 5 2355349
attack_ntmp 0.574003 7207 278 139 2343720
attack_ntmp 0.575004 7532 0 4 2352499
attack_ntmp 0.576004 7792 259 170 2332014
attack_ntmp 0.577004 7242 0 4 2253169
attack_ntmp 0.578003 7185 277 137 2311870
attack_ntmp 0.579003 7305 0 4 2253946
attack_ntmp 0.580004 7392 339 136 2309334
attack_ntmp 0.581004 7112 0 4 2266947
attack_ntmp 0.582004 7313 285 138 2338841
attack_ntmp 0.583003 7243 0 4 2253212
attack_ntmp 0.584004 7035 284 143 2308768
attack_ntmp 0.585004 7061 3 14 2267447
attack_ntmp 0.586004 7484 267 132 2334946
attack_ntmp 0.587003 7064 0 4 2251993
attack_ntmp 0.588004 7384 298 134 2306682
attack_ntmp 0.589004 7116 0 4 2255892
attack_ntmp 0.590004 7227 287 135 2311832
attack_ntmp 0.591003 7252 0 4 2255408
attack_ntmp 0.592004 7321 293 142 2293102
attack_ntmp 0.593004 7210 0 4 2255158
attack_ntmp 0.594004 7515 298 135 2310239
attack_ntmp 0.595003 7382 0 4 2254708
attack_ntmp 0.596004 7481 265 140 2287181
attack_ntmp 0.597004 7320 0 4 2256037
attack_ntmp 0.598003 7368 275 139 2310579
attack_ntmp 0.599003 7240 273 149 2246131
attack_ntmp 0.600004 7528 4 7 2303046
attack_ntmp 0.601004 7411 296 130 2244952
attack_ntmp 0.602003 7618 0 4 2346310
attack_ntmp 0.603003 7133 299 134 2339047
attack_ntmp 0.604004 7573 4 10 2282205
attack_ntmp 0.605004 7277 286 131 2345943
attack_ntmp 0.606004 7260 0 3 2254301
attack_ntmp 0.607003 7123 277 141 2311051
attack_ntmp 0.608004 7206 3 7 2250137
attack_ntmp 0.609004 6828 306 135 2290569
attack_ntmp 0.610004 7225 0 3 2265015
attack_ntmp 0.611003 7265 277 135 2340176
attack_ntmp 0.612004 7227 1 5 2284985
attack_ntmp 0.613005 7045 285 135 2346538
attack_ntmp 0.614004 7272 0 4 2259844
attack_ntmp 0.615004 7153 273 140 2342629
attack_ntmp 0.616004 7093 1 6 2274610
attack_ntmp 0.617004 7285 282 143 2325239
attack_ntmp 0.618003 7143 0 4 2253814
attack_ntmp 0.619003 7291 258 145 2328739
attack_ntmp 0.620004 7234 1 7 2254090
attack_ntmp 0.621004 7143 287 136 2321580
attack_ntmp 0.622004 7230 0 4 2253978
attack_ntmp 0.623003 7185 297 135 2323065
attack_ntmp 0.624004 7442 1 6 2252165
attack_ntmp 0.625004 7245 290 134 2324599
attack_ntmp 0.626003 7376 254 144 2241730
attack_ntmp 0.627003 7489 0 4 2333659
attack_ntmp 0.628004 7361 293 139 2239446
attack_ntmp 0.629004 7640 0 4 2351245
attack_ntmp 0.630004 7339 268 139 2342884
attack_ntmp 0.631003 7358 0 4 2265020
attack_ntmp 0.632003 7518 280 139 2335046
attack_ntmp 0.633004 7538 0 4 2264420
attack_ntmp 0.634003 7445 280 148 2341612
attack_ntmp 0.635003 7248 0 3 2264220
attack_ntmp 0.636004 7353 278 135 2342847
attack_ntmp 0.637004 7132 0 4 2265254
attack_ntmp 0.638003 7153 298 133 2343625
attack_ntmp 0.639003 7537 0 4 2265103
attack_ntmp 0.640004 7583 265 148 2341017
attack_ntmp 0.641004 7586 0 3 2277599
attack_ntmp 0.642003 7397 268 138 2342709
attack_ntmp 0.643003 7355 281 136 2343383
attack_ntmp 0.644004 7454 1 3 2352835
attack_ntmp 0.645004 7593 297 136 2342157
attack_ntmp 0.646003 7426 0 4 2352771
attack_ntmp 0.647003 7460 285 134 2344940
attack_ntmp 0.648004 7631 1 6 2273177
attack_ntmp 0.649003 7671 270 141 2341646
attack_ntmp 0.650004 7575 0 4 2279699
attack_ntmp 0.651003 7674 279 138 2324924
attack_ntmp 0.652004 7807 1 6 2250152
attack_ntmp 0.653004 7411 280 131 2327524
attack_ntmp 0.654003 7250 0 4 2252193
attack_ntmp 0.655003 7480 276 136 2325419
attack_ntmp 0.656004 7468 284 139 2242126
attack_ntmp 0.657004 7877 0 5 2329600
attack_ntmp 0.658004 7763 277 141 2242061
attack_ntmp 0.659003 7509 0 4 2347736
attack_ntmp 0.660004 7586 291 138 2328709
attack_ntmp 0.661004 7452 0 4 2255500
attack_ntmp 0.662004 7363 287 135 2322763
attack_ntmp 0.663003 7602 0 3 2255191
attack_ntmp 0.664004 7492 273 140 2320643
attack_ntmp 0.665004 7690 0 4 2254892
attack_ntmp 0.666003 7472 275 138 2326433
attack_ntmp 0.667003 7524 0 4 2252209
attack_ntmp 0.668004 7801 281 151 2299326
attack_ntmp 0.669004 7724 283 136 2243839
attack_ntmp 0.670004 7846 0 4 2341418
attack_ntmp 0.671003 7795 250 150 2342394
attack_ntmp 0.672004 7781 1 7 2252188
attack_ntmp 0.673004 7518 282 138 2311256
attack_ntmp 0.674003 7510 0 4 2253800
attack_ntmp 0.675003 7596 274 136 2309612
attack_ntmp 0.676004 7609 1 6 2251565
attack_ntmp 0.677004 7393 277 136 2312380
attack_ntmp 0.678003 7607 287 127 2259611
attack_ntmp 0.679003 7514 6 5 2347246
attack_ntmp 0.680004 7569 297 135 2340540
attack_ntmp 0.681005 7498 0 4 2355140
attack_ntmp 0.682003 7421 288 134 2341580
attack_ntmp 0.683003 7562 0 4 2275716
attack_ntmp 0.684004 7507 276 143 2340661
attack_ntmp 0.685004 7336 3 11 2278294
attack_ntmp 0.686004 7797 283 144 2343033
attack_ntmp 0.687004 7601 0 3 2276791
attack_ntmp 0.688004 7382 295 138 2301006
attack_ntmp 0.689004 7580 0 4 2257416
attack_ntmp 0.690003 7572 279 136 2316379
attack_ntmp 0.691003 7458 0 4 2254852
attack_ntmp 0.692004 7116 299 136 2294625
attack_ntmp 0.693004 7244 286 140 2245211
attack_ntmp 0.694003 7612 0 3 2332650
attack_ntmp 0.695003 7347 286 134 2243061
attack_ntmp 0.696003 7469 1 5 2343484
attack_ntmp 0.697004 7405 293 136 2346135
attack_ntmp 0.698003 7316 0 3 2355959
attack_ntmp 0.699003 7225 275 135 2343386
attack_ntmp 0.700004 7208 1 7 2353243
attack_ntmp 0.701004 7279 277 135 2330647
attack_ntmp 0.702003 7588 0 4 2255345
attack_ntmp 0.703003 7237 265 137 2323349
attack_ntmp 0.704003 7894 1 6 2250891
attack_ntmp 0.705004 7376 276 134 2313049
attack_ntmp 0.706003 7214 0 4 2254950
attack_ntmp 0.707003 7399 288 137 2309824
attack_ntmp 0.708003 7558 1 5 2285884
attack_ntmp 0.709004 7395 298 139 2346229
attack_ntmp 0.710003 7491 267 132 2247838
attack_ntmp 0.711003 7534 0 4 2356396
attack_ntmp 0.712004 7349 289 137 2338608
attack_ntmp 0.713006 7264 0 4 2364695
attack_ntmp 0.714008 7508 285 161 2329427
attack_ntmp 0.715010 7413 3 54 2249502
attack_ntmp 0.716004 8111 265 143 2253521
attack_ntmp 0.717004 7617 0 4 2354231
attack_ntmp 0.718003 7800 255 148 2340956
attack_ntmp 0.719003 7686 0 3 2274367
attack_ntmp 0.720003 7471 295 135 2340842
attack_ntmp 0.721004 7348 0 4 2266969
attack_ntmp 0.722003 7335 287 145 2340007
attack_ntmp 0.723003 7488 0 4 2265009
attack_ntmp 0.724004 7281 254 144 2338892
attack_ntmp 0.725004 7378 0 4 2255275
attack_ntmp 0.726003 7116 280 146 2310982
attack_ntmp 0.727003 7183 275 130 2257728
attack_ntmp 0.728004 7232 1 5 2351569
attack_ntmp 0.729004 7334 286 134 2344927
attack_ntmp 0.730003 7256 0 4 2354668
attack_ntmp 0.731003 7159 305 147 2341088
attack_ntmp 0.732004 7394 1 6 2350581
attack_ntmp 0.733004 7585 278 139 2317644
attack_ntmp 0.734003 7421 0 4 2278265
attack_ntmp 0.735003 7419 293 144 2342390
attack_ntmp 0.736003 7292 1 7 2351053
attack_ntmp 0.737004 7146 345 129 2345297
attack_ntmp 0.738003 7403 0 4 2264975
attack_ntmp 0.739003 7413 279 140 2339687
attack_ntmp 0.740004 7652 1 5 2252687
attack_ntmp 0.741004 7500 283 130 2310216
attack_ntmp 0.742003 7381 0 4 2260007
attack_ntmp 0.743003 7281 280 135 2343957
attack_ntmp 0.744003 7334 1 4 2274622
attack_ntmp 0.745004 7285 289 133 2345159
attack_ntmp 0.746003 7288 0 4 2351468
attack_ntmp 0.747003 7161 282 139 2345002
attack_ntmp 0.748004 7353 295 142 2340207
attack_ntmp 0.749004 7374 0 4 2354181
attack_ntmp 0.750003 7395 291 134 2342900
attack_ntmp 0.751003 7416 0 4 2355113
attack_ntmp 0.752003 7309 285 135 2342150
attack_ntmp 0.753004 7478 0 3 2356390
attack_ntmp 0.754004 7497 293 134 2342774
attack_ntmp 0.755003 7376 0 4 2354634
attack_ntmp 0.756004 7319 279 149 2332819
attack_ntmp 0.757004 7446 0 4 2256985
attack_ntmp 0.758003 7527 292 132 2309214
attack_ntmp 0.759003 7542 0 4 2254259
attack_ntmp 0.760004 7707 273 138 2312222
attack_ntmp 0.761004 7594 0 4 2260317
attack_ntmp 0.762003 7695 287 140 2340465
attack_ntmp 0.763003 7421 277 140 2343297
attack_ntmp 0.764004 7624 1 5 2351214
attack_ntmp 0.765004 7665 273 132 2343750
attack_ntmp 0.766003 7642 1 4 2342682
attack_ntmp 0.767004 7539 290 136 2341210
attack_ntmp 0.768004 7532 1 6 2272170
attack_ntmp 0.769004 7753 275 139 2342887
attack_ntmp 0.770003 7559 0 4 2276913
attack_ntmp 0.771003 7411 267 137 2342319
attack_ntmp 0.772004 7544 1 5 2279798
attack_ntmp 0.773004 7414 297 132 2327098
attack_ntmp 0.774004 7508 0 4 2252045
attack_ntmp 0.775003 7402 295 136 2308350
attack_ntmp 0.776004 7432 284 138 2272157
attack_ntmp 0.777005 7364 0 4 2356396
attack_ntmp 0.778003 7273 278 142 2341188
attack_ntmp 0.779003 7288 0 4 2276269
attack_ntmp 0.780003 7207 288 139 2340833
attack_ntmp 0.781004 7436 0 4 2355890
attack_ntmp 0.782004 7533 280 138 2340099
attack_ntmp 0.783003 7392 0 4 2353629
attack_ntmp 0.784004 7478 305 130 2302648
attack_ntmp 0.785004 7340 0 3 2254740
attack_ntmp 0.786004 7461 283 141 2324108
attack_ntmp 0.787003 7495 0 4 2251792
attack_ntmp 0.788004 7310 280 141 2292817
attack_ntmp 0.789004 7494 0 4 2255168
attack_ntmp 0.790004 7114 261 144 2310600
attack_ntmp 0.791004 7159 0 4 2255398
attack_ntmp 0.792004 7113 277 148 2308745
attack_ntmp 0.793004 7232 0 3 2257205
attack_ntmp 0.794003 7149 282 136 2311214
attack_ntmp 0.795003 7238 0 4 2253176
attack_ntmp 0.796004 7403 288 134 2311677
attack_ntmp 0.797004 7157 280 142 2242279
attack_ntmp 0.798003 7395 0 4 2321094
attack_ntmp 0.799003 7283 277 134 2244407
attack_ntmp 0.800004 7295 1 6 2343396
attack_ntmp 0.801004 7283 272 141 2343545
attack_ntmp 0.802004 7610 0 4 2352453
attack_ntmp 0.803003 7439 278 131 2344247
attack_ntmp 0.804004 7443 1 6 2271439
attack_ntmp 0.805004 7416 275 146 2344737
attack_ntmp 0.806004 7287 0 4 2273373
attack_ntmp 0.807003 7321 298 140 2344442
attack_ntmp 0.808004 7735 1 6 2275978
attack_ntmp 0.809004 7417 278 139 2340823
attack_ntmp 0.810003 7455 0 3 2278417
attack_ntmp 0.811003 7307 266 138 2328219
attack_ntmp 0.812004 7492 1 6 2250653
attack_ntmp 0.813004 7444 276 142 2313251
attack_ntmp 0.814004 7409 285 137 2243555
attack_ntmp 0.815003 7340 0 4 2327579
attack_ntmp 0.816004 7410 279 144 2342334
attack_ntmp 0.817004 7496 0 4 2355352
attack_ntmp 0.818004 7393 269 144 2341048
attack_ntmp 0.819003 7213 0 4 2277910
attack_ntmp 0.820004 7325 365 142 2334677
attack_ntmp 0.821005 7502 0 4 2352942
attack_ntmp 0.822003 7287 295 141 2329457
attack_ntmp 0.823003 7356 0 4 2252362
attack_ntmp 0.824004 7393 286 143 2307593
attack_ntmp 0.825004 7356 0 3 2254916
attack_ntmp 0.826003 7319 288 143 2310134
attack_ntmp 0.827003 7404 0 4 2254115
attack_ntmp 0.828004 7209 288 138 2338922
attack_ntmp 0.829004 7571 0 4 2274983
attack_ntmp 0.830004 7518 288 132 2342203
attack_ntmp 0.831003 7403 0 2 2276016
attack_ntmp 0.832004 7323 338 134 2340657
attack_ntmp 0.833004 7475 265 146 2346068
attack_ntmp 0.834003 7350 0 4 2353322
attack_ntmp 0.835003 7303 266 139 2342656
attack_ntmp 0.836003 7424 1 6 2351499
attack_ntmp 0.837004 7437 265 144 2345349
attack_ntmp 0.838003 7560 0 4 2351866
attack_ntmp 0.839003 7373 283 135 2344086
attack_ntmp 0.840004 7386 1 5 2351298
attack_ntmp 0.841004 7232 285 135 2324794
attack_ntmp 0.842004 7396 0 4 2253693
attack_ntmp 0.843003 7421 294 134 2319747
attack_ntmp 0.844004 7524 1 7 2252343
attack_ntmp 0.845004 7470 290 134 2313517
attack_ntmp 0.846004 7518 0 4 2265023
attack_ntmp 0.847003 7259 276 132 2342891
attack_ntmp 0.848004 7488 267 143 2243086
attack_ntmp 0.849004 7456 9 5 2323370
attack_ntmp 0.850003 7267 283 131 2342873
attack_ntmp 0.851003 7508 0 5 2352350
attack_ntmp 0.852004 7675 285 141 2337239
attack_ntmp 0.853004 7439 0 4 2280293
attack_ntmp 0.854003 7633 284 137 2335217
attack_ntmp 0.855003 7638 0 4 2350584
attack_ntmp 0.856004 7586 283 137 2335279
attack_ntmp 0.857004 7458 0 4 2261929
attack_ntmp 0.858004 7445 276 138 2343607
attack_ntmp 0.859003 7580 0 4 2266566
attack_ntmp 0.860004 7662 284 141 2340597
attack_ntmp 0.861004 7438 0 4 2251997
attack_ntmp 0.862003 7125 291 132 2311339
attack_ntmp 0.863003 7207 264 134 2344221
attack_ntmp 0.864004 7460 1 6 2350290
attack_ntmp 0.865004 7279 299 140 2345703
attack_ntmp 0.866003 7526 0 4 2350080
attack_ntmp 0.867003 7383 263 141 2343131
attack_ntmp 0.868004 7356 1 6 2350356
attack_ntmp 0.869004 7089 291 134 2345339
attack_ntmp 0.870004 7788 0 4 2353751
attack_ntmp 0.871003 7288 297 130 2338102
attack_ntmp 0.872004 7379 1 7 2284395
attack_ntmp 0.873004 7433 278 130 2339836
attack_ntmp 0.874003 7275 0 4 2260751
attack_ntmp 0.875003 7517 272 144 2343763
attack_ntmp 0.876004 7298 1 6 2288887
attack_ntmp 0.877004 7511 296 142 2342379
attack_ntmp 0.878003 7444 0 4 2274133
attack_ntmp 0.879003 7173 286 141 2344197
attack_ntmp 0.880004 7436 279 140 2344160
attack_ntmp 0.881004 7374 9 5 2351829
attack_ntmp 0.882004 7523 286 134 2341285
attack_ntmp 0.883004 7488 0 5 2355557
attack_ntmp 0.884004 7427 277 136 2338226
attack_ntmp 0.885004 7470 0 4 2274187
attack_ntmp 0.886004 7535 275 138 2344492
attack_ntmp 0.887004 7646 0 4 2275937
attack_ntmp 0.888003 7459 298 138 2321139
attack_ntmp 0.889004 7538 0 4 2254404
attack_ntmp 0.890003 7346 287 126 2310975
attack_ntmp 0.891003 7618 0 4 2252082
attack_ntmp 0.892003 7416 284 129 2309777
attack_ntmp 0.893004 7698 0 4 2252743
attack_ntmp 0.894003 7436 285 135 2307469
attack_ntmp 0.895003 7470 265 136 2245549
attack_ntmp 0.896004 7521 1 6 2319701
attack_ntmp 0.897004 7302 289 139 2343147
attack_ntmp 0.898004 7298 0 2 2355066
attack_ntmp 0.899003 7557 271 140 2340690
attack_ntmp 0.900004 7764 1 6 2349711
attack_ntmp 0.901004 7393 294 138 2331949
attack_ntmp 0.902003 7418 0 4 2254567
attack_ntmp 0.903003 7252 292 132 2312960
attack_ntmp 0.904004 7604 1 7 2250647
attack_ntmp 0.905004 7444 271 136 2310639
attack_ntmp 0.906003 7522 0 4 2255662
attack_ntmp 0.907003 7329 293 145 2306052
attack_ntmp 0.908004 7500 1 6 2285191
attack_ntmp 0.909004 7357 286 136 2343627
attack_ntmp 0.910004 7373 265 140 2342473
attack_ntmp 0.911003 7726 0 4 2353213
attack_ntmp 0.912004 7537 281 137 2336972
attack_ntmp 0.913004 7429 0 4 2354292
attack_ntmp 0.914004 7501 308 131 2342262
attack_ntmp 0.915003 7565 0 4 2259424
attack_ntmp 0.916004 7455 296 143 2340329
attack_ntmp 0.917004 7561 0 4 2261250
attack_ntmp 0.918003 7603 280 142 2343250
attack_ntmp 0.919003 7725 0 4 2275652
attack_ntmp 0.920009 7471 281 140 2363677
attack_ntmp 0.921006 7684 0 4 2231233
attack_ntmp 0.922004 7444 286 139 2315837
attack_ntmp 0.923003 7523 276 139 2241728
attack_ntmp 0.924004 7522 1 6 2304573
attack_ntmp 0.925004 7501 285 127 2243173
attack_ntmp 0.926003 7305 0 4 2342184
attack_ntmp 0.927003 7229 279 138 2342449
attack_ntmp 0.928004 7338 1 6 2273814
attack_ntmp 0.929004 7327 293 129 2344564
attack_ntmp 0.930003 7345 0 4 2273381
attack_ntmp 0.931003 7239 279 146 2344533
attack_ntmp 0.932004 7325 1 7 2274638
attack_ntmp 0.933004 7405 282 141 2325727
attack_ntmp 0.934003 7364 0 3 2252964
attack_ntmp 0.935003 7379 273 135 2324607
attack_ntmp 0.936004 7474 1 6 2252317
attack_ntmp 0.937004 7406 281 143 2335438
attack_ntmp 0.938003 7206 0 4 2274482
attack_ntmp 0.939004 7498 292 127 2343616
attack_ntmp 0.940004 7237 1 6 2351397
attack_ntmp 0.941004 7309 292 131 2345539
attack_ntmp 0.942003 7233 285 139 2341754
attack_ntmp 0.943003 7438 0 4 2336967
attack_ntmp 0.944004 7266 300 138 2243040
attack_ntmp 0.945004 7400 0 4 2344478
attack_ntmp 0.946003 7181 282 143 2340808
attack_ntmp 0.947003 7248 0 4 2353420
attack_ntmp 0.948004 7399 303 140 2341449
attack_ntmp 0.949004 7452 0 4 2259347
attack_ntmp 0.950003 7203 272 142 2342983
attack_ntmp 0.951003 7269 0 4 2276486
attack_ntmp 0.952004 7543 265 147 2301410
attack_ntmp 0.953004 7176 0 4 2255185
attack_ntmp 0.954003 7314 284 138 2326166
attack_ntmp 0.955003 7262 0 4 2255489
attack_ntmp 0.956004 7339 274 139 2284132
attack_ntmp 0.957004 7352 0 4 2253147
attack_ntmp 0.958003 7436 284 142 2311555
attack_ntmp 0.959003 7342 0 4 2252601
attack_ntmp 0.960004 7423 276 139 2309891
attack_ntmp 0.961004 7466 0 3 2260741
attack_ntmp 0.962003 7385 272 136 2341790
attack_ntmp 0.963003 7333 272 135 2340276
attack_ntmp 0.964004 7484 1 6 2353409
attack_ntmp 0.965004 7305 300 132 2342627
attack_ntmp 0.966003 7432 0 6 2277815
attack_ntmp 0.967003 7172 281 139 2339148
attack_ntmp 0.968004 7523 1 7 2275485
attack_ntmp 0.969004 7347 284 135 2336707
attack_ntmp 0.970003 7398 0 4 2353797
attack_ntmp 0.971003 7252 276 141 2328766
attack_ntmp 0.972004 7410 1 6 2250038
attack_ntmp 0.973004 7154 277 132 2323106
attack_ntmp 0.974003 7132 0 4 2252167
attack_ntmp 0.975003 7332 260 146 2311478
attack_ntmp 0.976004 7168 1 7 2251069
attack_ntmp 0.977004 7235 289 138 2316250
attack_ntmp 0.978003 7227 0 4 2259528
attack_ntmp 0.979003 7327 289 135 2343062
attack_ntmp 0.980004 7237 1 7 2273811
attack_ntmp 0.981004 7472 292 139 2329051
attack_ntmp 0.982003 7466 0 3 2253520
attack_ntmp 0.983004 7526 289 138 2311659
attack_ntmp 0.984004 7420 279 136 2240936
attack_ntmp 0.985004 7319 0 4 2320215
attack_ntmp 0.986004 7457 287 142 2327077
attack_ntmp 0.987003 7580 0 3 2252728
attack_ntmp 0.988004 7669 322 135 2317108
attack_ntmp 0.989004 7548 0 3 2353211
attack_ntmp 0.990003 7286 275 136 2338790
attack_ntmp 0.991004 7583 0 4 2267143
attack_ntmp 0.992004 7455 279 139 2340616
attack_ntmp 0.993004 7525 0 4 2263442
attack_ntmp 0.994003 7391 289 135 2341896
attack_ntmp 0.995003 7451 3 10 2274938
attack_ntmp 0.996004 7823 285 135 2337079
attack_ntmp 0.997004 7649 278 132 2343871
attack_ntmp 0.998003 7716 0 4 2352377
attack_ntmp 0.999003 7455 279 134 2342430
attack_ntmp 1.000004 7558 1 7 2351356
attack_ntmp 1.001004 7529 271 140 2339103
attack_ntmp 1.002003 7598 0 4 2252156
attack_ntmp 1.003003 7489 268 136 2309635
attack_ntmp 1.004004 7537 1 5 2282204
attack_ntmp 1.005004 7515 278 139 2343212
attack_ntmp 1.006003 7549 0 4 2261529
attack_ntmp 1.007004 7343 276 131 2342276
attack_ntmp 1.008004 7378 1 7 2284192
attack_ntmp 1.009004 7285 283 140 2343877
attack_ntmp 1.010003 7483 287 132 2347534
attack_ntmp 1.011003 7520 9 5 2349740
attack_ntmp 1.012004 7501 292 146 2338843
attack_ntmp 1.013004 7424 0 4 2355022
attack_ntmp 1.014003 7539 267 136 2342287
attack_ntmp 1.015003 7756 0 4 2350853
attack_ntmp 1.016004 7999 274 140 2270235
attack_ntmp 1.017004 7496 0 4 2251450
attack_ntmp 1.018003 7532 296 130 2309887
attack_ntmp 1.019003 7375 0 2 2260754
attack_ntmp 1.020004 7351 291 142 2340458
attack_ntmp 1.021004 7594 0 4 2273055
attack_ntmp 1.022004 7480 277 140 2343310
attack_ntmp 1.023003 7578 279 133 2274091
attack_ntmp 1.024004 7646 8 11 2344035
attack_ntmp 1.025004 7483 289 136 2342959
attack_ntmp 1.026003 7528 0 3 2353234
attack_ntmp 1.027003 7620 272 140 2343224
attack_ntmp 1.028004 7560 1 7 2351229
attack_ntmp 1.029004 7525 298 134 2339056
attack_ntmp 1.030004 7364 0 4 2251036
attack_ntmp 1.031003 7227 289 144 2310297
attack_ntmp 1.032004 7486 1 7 2286307
attack_ntmp 1.033004 7475 275 135 2342274
attack_ntmp 1.034003 7612 0 3 2276342
attack_ntmp 1.035003 7445 261 141 2341717
attack_ntmp 1.036004 7517 1 6 2269013
attack_ntmp 1.037004 7242 268 144 2329729
attack_ntmp 1.038003 7431 284 139 2241773
attack_ntmp 1.039003 7538 0 4 2343270
attack_ntmp 1.040004 7309 289 133 2337776
attack_ntmp 1.041004 7550 0 4 2355765
attack_ntmp 1.042003 7379 273 138 2342165
attack_ntmp 1.043003 7392 0 4 2274530
attack_ntmp 1.044004 7433 295 144 2341336
attack_ntmp 1.045004 7502 0 4 2276916
attack_ntmp 1.046003 7262 256 137 2325337
attack_ntmp 1.047003 7540 0 4 2252134
attack_ntmp 1.048004 7511 278 141 2338897
attack_ntmp 1.049004 7585 0 4 2276933
attack_ntmp 1.050003 7472 292 132 2340868
attack_ntmp 1.051004 7633 0 5 2267446
attack_ntmp 1.052004 7509 286 141 2342168
attack_ntmp 1.053004 7475 277 142 2344479
attack_ntmp 1.054003 7614 0 4 2352223
attack_ntmp 1.055004 7190 295 136 2344872
attack_ntmp 1.056004 7564 1 6 2353027
attack_ntmp 1.057004 7749 279 137 2342163
attack_ntmp 1.058003 7768 0 4 2351084
attack_ntmp 1.059003 7523 270 141 2334520
attack_ntmp 1.060004 7506 1 6 2250010
attack_ntmp 1.061004 7505 266 145 2310854
attack_ntmp 1.062003 7480 0 4 2252611
attack_ntmp 1.063003 7401 276 130 2311638
attack_ntmp 1.064004 7304 1 7 2254017
attack_ntmp 1.065004 7220 285 137 2311589
attack_ntmp 1.066003 7330 0 4 2253938
attack_ntmp 1.067003 7244 278 136 2315063
attack_ntmp 1.068004 7409 288 140 2239832
attack_ntmp 1.069004 7503 0 4 2328445
attack_ntmp 1.070004 7368 273 136 2343998
attack_ntmp 1.071003 7404 0 4 2351949
attack_ntmp 1.072004 7717 301 135 2339448
attack_ntmp 1.073004 7353 0 4 2277836
attack_ntmp 1.074004 7403 274 143 2342216
attack_ntmp 1.075004 7458 0 4 2275665
attack_ntmp 1.076004 7051 290 141 2340382
attack_ntmp 1.077004 7161 0 4 2276977
attack_ntmp 1.078003 7205 277 138 2343422
attack_ntmp 1.079004 7431 0 4 2278792
attack_ntmp 1.080004 7356 283 139 2301475
attack_ntmp 1.081004 7344 0 5 2252319
attack_ntmp 1.082003 7341 255 143 2322140
attack_ntmp 1.083003 7254 0 3 2255461
attack_ntmp 1.084004 7309 277 135 2305959
attack_ntmp 1.085004 7396 0 4 2252083
attack_ntmp 1.086004 7297 278 139 2309193
attack_ntmp 1.087004 7611 295 140 2242208
attack_ntmp 1.088004 7186 1 4 2328659
attack_ntmp 1.089004 7395 292 138 2341352
attack_ntmp 1.090003 7462 0 4 2352774
attack_ntmp 1.091003 7247 269 144 2342293
attack_ntmp 1.092004 7298 1 6 2351243
attack_ntmp 1.093004 7562 286 135 2345282
attack_ntmp 1.094003 7504 0 4 2352890
attack_ntmp 1.095003 7340 281 137 2329748
attack_ntmp 1.096004 7360 1 6 2252113
attack_ntmp 1.097004 7418 285 140 2321115
attack_ntmp 1.098004 7290 0 4 2255063
attack_ntmp 1.099003 7275 293 141 2319908
attack_ntmp 1.100004 7348 1 6 2251302
attack_ntmp 1.101004 7265 275 145 2327445
attack_ntmp 1.102004 7242 0 4 2254117
attack_ntmp 1.103003 7431 262 141 2311420
attack_ntmp 1.104004 7410 1 5 2254057
attack_ntmp 1.105004 7393 269 143 2310787
attack_ntmp 1.106003 7397 297 139 2243614
attack_ntmp 1.107003 7535 0 4 2329795
attack_ntmp 1.108004 7283 280 140 2243148
attack_ntmp 1.109004 7236 0 4 2334064
attack_ntmp 1.110003 7303 280 144 2340655
attack_ntmp 1.111004 7480 0 4 2353263
attack_ntmp 1.112004 7273 284 139 2342635
attack_ntmp 1.113004 7472 0 4 2353272
attack_ntmp 1.114003 7180 266 138 2336975
attack_ntmp 1.115003 7520 0 4 2254963
attack_ntmp 1.116004 7351 275 141 2308448
attack_ntmp 1.117004 7400 0 4 2252857
attack_ntmp 1.118003 7332 300 136 2308150
attack_ntmp 1.119003 7506 0 3 2264304
attack_ntmp 1.120004 7313 277 145 2339801
attack_ntmp 1.121004 7360 0 3 2252320
attack_ntmp 1.122004 7474 280 131 2323504
attack_ntmp 1.123004 7431 51 5 2265478
attack_ntmp 1.124004 7650 46 6 2340955
attack_ntmp 1.125004 7227 291 138 2345224
attack_ntmp 1.126004 7332 0 3 2353819
attack_ntmp 1.127003 7311 281 139 2343639
attack_ntmp 1.128004 7329 1 6 2277885
attack_ntmp 1.129004 7434 289 133 2338633
attack_ntmp 1.130003 7302 0 4 2273818
attack_ntmp 1.131003 7124 301 134 2342686
attack_ntmp 1.132004 7156 1 6 2273802
attack_ntmp 1.133004 7285 282 133 2344800
attack_ntmp 1.134003 7127 0 4 2265393
attack_ntmp 1.135004 7022 273 136 2340935
attack_ntmp 1.136004 7144 1 5 2252264
attack_ntmp 1.137004 7139 281 139 2311360
attack_ntmp 1.138003 7458 0 4 2267033
attack_ntmp 1.139003 7237 276 139 2343379
attack_ntmp 1.140004 7344 1 6 2289526
attack_ntmp 1.141004 7285 287 140 2342442
attack_ntmp 1.142003 7146 0 4 2266131
attack_ntmp 1.143003 6887 268 137 2346344
attack_ntmp 1.144004 7115 1 7 2285384
attack_ntmp 1.145004 6969 298 142 2341984
attack_ntmp 1.146003 7352 0 4 2264600
attack_ntmp 1.147003 7192 260 143 2344339
attack_ntmp 1.148004 7296 1 5 2274160
attack_ntmp 1.149004 7337 271 143 2345249
attack_ntmp 1.150003 7327 0 4 2263717
attack_ntmp 1.151003 7555 277 136 2343215
attack_ntmp 1.152004 7315 289 143 2342366
attack_ntmp 1.153004 7674 0 3 2353564
attack_ntmp 1.154004 8558 257 187 2324990
attack_ntmp 1.155005 7307 3 33 2253305
attack_ntmp 1.156004 11445 201 122 2292595
attack_ntmp 1.157004 7455 0 4 2266366
attack_ntmp 1.158003 7787 264 131 2340076
attack_ntmp 1.159003 7208 0 4 2261598
attack_ntmp 1.160004 7214 288 155 2323251
attack_ntmp 1.161004 7418 0 4 2254449
attack_ntmp 1.162003 7731 281 130 2323857
attack_ntmp 1.163004 8753 3 24 2249640
attack_ntmp 1.164004 9174 284 152 2244765
attack_ntmp 1.165005 10310 249 159 2332535
attack_ntmp 1.166004 7393 0 4 2250181
attack_ntmp 1.167004 7831 284 135 2319147
attack_ntmp 1.168004 7525 3 6 2346441
attack_ntmp 1.169004 7574 292 128 2328367
attack_ntmp 1.170003 7696 0 3 2252432
attack_ntmp 1.171003 7652 272 139 2322842
attack_ntmp 1.172004 7552 4 22 2273219
attack_ntmp 1.173004 7958 282 131 2327481
attack_ntmp 1.174003 7782 0 4 2254333
attack_ntmp 1.175003 7623 275 139 2310472
attack_ntmp 1.176004 8321 280 172 2238296
attack_ntmp 1.177004 7762 0 4 2252525
attack_ntmp 1.178004 7782 303 138 2335095
attack_ntmp 1.179003 7538 0 4 2352959
attack_ntmp 1.180004 7571 288 136 2340479
attack_ntmp 1.181004 7646 0 4 2353104
attack_ntmp 1.182003 7693 284 140 2324186
attack_ntmp 1.183003 7504 0 3 2253451
attack_ntmp 1.184004 7561 258 150 2343673
attack_ntmp 1.185004 7538 0 4 2275922
attack_ntmp 1.186003 7492 314 134 2342340
attack_ntmp 1.187004 7508 0 3 2274801
attack_ntmp 1.188004 7868 319 134 2339408
attack_ntmp 1.189004 7784 275 140 2341923
attack_ntmp 1.190003 7717 0 4 2274215
attack_ntmp 1.191003 7563 282 143 2343162
attack_ntmp 1.192004 7417 3 9 2296211
attack_ntmp 1.193004 7740 289 131 2327280
attack_ntmp 1.194003 7758 0 4 2252007
attack_ntmp 1.195003 7694 297 139 2324138
attack_ntmp 1.196004 7696 2 10 2246987
attack_ntmp 1.197004 7639 284 138 2321049
attack_ntmp 1.198003 7382 0 4 2254208
attack_ntmp 1.199003 7157 337 126 2319246
attack_ntmp 1.200004 7456 277 139 2240026
attack_ntmp 1.201004 7211 0 4 2335670
attack_ntmp 1.202003 7412 291 138 2242615
attack_ntmp 1.203003 7540 0 4 2346632
attack_ntmp 1.204004 7426 282 145 2338852
attack_ntmp 1.205004 7506 0 3 2356433
attack_ntmp 1.206003 7278 292 133 2339327
attack_ntmp 1.207003 7684 0 4 2353059
attack_ntmp 1.208004 7186 302 137 2267690
attack_ntmp 1.209004 7712 0 4 2267166
attack_ntmp 1.210004 7923 294 132 2343837
attack_ntmp 1.211003 7526 0 4 2262597
attack_ntmp 1.212004 7757 279 140 2339412
attack_ntmp 1.213004 7407 0 4 2267025
attack_ntmp 1.214003 7623 271 139 2344676
attack_ntmp 1.215004 7243 271 136 2251253
attack_ntmp 1.216004 7456 4 8 2347265
attack_ntmp 1.217005 7812 283 138 2345625
attack_ntmp 1.218003 7550 0 4 2349611
attack_ntmp 1.219003 7610 291 136 2342866
attack_ntmp 1.220004 7410 2 5 2271342
attack_ntmp 1.221004 7320 274 143 2324276
attack_ntmp 1.222003 7300 0 4 2255254
attack_ntmp 1.223003 7321 290 136 2320692
attack_ntmp 1.224004 7114 2 8 2245784
attack_ntmp 1.225004 7228 291 129 2323442
attack_ntmp 1.226004 7328 0 4 2257562
attack_ntmp 1.227003 7282 278 136 2342885
attack_ntmp 1.228004 7811 3 7 2271751
attack_ntmp 1.229004 7477 312 123 2329230
attack_ntmp 1.230003 7378 0 4 2251238
attack_ntmp 1.231003 7232 276 137 2322232
attack_ntmp 1.232004 7256 264 137 2242381
attack_ntmp 1.233004 7522 0 3 2334920
attack_ntmp 1.234003 7314 277 142 2243736
attack_ntmp 1.235003 7288 0 4 2351098
attack_ntmp 1.236004 7514 276 136 2341864
attack_ntmp 1.237004 7320 0 4 2355156
attack_ntmp 1.238004 7313 286 133 2338400
attack_ntmp 1.239003 7318 0 4 2255143
attack_ntmp 1.240004 7379 282 135 2309483
attack_ntmp 1.241004 7768 0 4 2252803
attack_ntmp 1.242003 7547 284 146 2311830
attack_ntmp 1.243003 7768 0 3 2252256
attack_ntmp 1.244004 7419 293 136 2307813
attack_ntmp 1.245004 7500 0 4 2257116
attack_ntmp 1.246004 7123 255 146 2309513
attack_ntmp 1.247003 7378 0 4 2254583
attack_ntmp 1.248004 7178 269 142 2297005
attack_ntmp 1.249004 7217 263 133 2245228
attack_ntmp 1.250003 7470 0 4 2352257
attack_ntmp 1.251003 7019 290 136 2346231
attack_ntmp 1.252004 7406 1 4 2350698
attack_ntmp 1.253004 7331 272 139 2346517
attack_ntmp 1.254003 7344 0 3 2352368
attack_ntmp 1.255003 7575 275 135 2343983
attack_ntmp 1.256004 7432 1 6 2352585
attack_ntmp 1.257004 7343 279 135 2328723
attack_ntmp 1.258003 7358 0 4 2255346
attack_ntmp 1.259003 7177 277 138 2325509
attack_ntmp 1.260004 7312 1 6 2252029
attack_ntmp 1.261005 7341 295 141 2327307
attack_ntmp 1.262003 7348 0 4 2253051
attack_ntmp 1.263003 7565 276 141 2309825
attack_ntmp 1.264006 7508 1 7 2258417
attack_ntmp 1.265004 7292 268 150 2313187
attack_ntmp 1.266004 7521 0 4 2262611
attack_ntmp 1.267003 7627 280 137 2339375
attack_ntmp 1.268004 7271 295 149 2341831
attack_ntmp 1.269004 7650 0 4 2350221
attack_ntmp 1.270003 7435 268 140 2343429
attack_ntmp 1.271003 7459 0 4 2274554
attack_ntmp 1.272004 7159 284 143 2343427
attack_ntmp 1.273004 7363 0 3 2267898
attack_ntmp 1.274003 7331 292 137 2342602
attack_ntmp 1.275003 7295 0 4 2261712
attack_ntmp 1.276004 7126 303 141 2341815
attack_ntmp 1.277004 7094 0 3 2279219
attack_ntmp 1.278003 7318 315 136 2339935
attack_ntmp 1.279003 7536 0 4 2264990
attack_ntmp 1.280004 7324 260 138 2339291
attack_ntmp 1.281004 7755 0 4 2262285
attack_ntmp 1.282003 7787 276 133 2342218
attack_ntmp 1.283003 7547 0 4 2273448
attack_ntmp 1.284004 7663 274 138 2338326
attack_ntmp 1.285004 7639 284 137 2344737
attack_ntmp 1.286003 7616 3 12 2351160
attack_ntmp 1.287004 7793 266 137 2342519
attack_ntmp 1.288004 7654 1 6 2352650
attack_ntmp 1.289004 7307 288 141 2325251
attack_ntmp 1.290003 7276 0 4 2254325
attack_ntmp 1.291003 7287 284 137 2320524
attack_ntmp 1.292004 7548 1 5 2252330
attack_ntmp 1.293004 7644 273 140 2335458
attack_ntmp 1.294003 7528 0 4 2274481
attack_ntmp 1.295003 7545 261 142 2342451
attack_ntmp 1.296004 7479 1 5 2274068
attack_ntmp 1.297004 7459 280 138 2327870
attack_ntmp 1.298003 7390 292 129 2245622
attack_ntmp 1.299003 7586 0 2 2354736
attack_ntmp 1.300004 7393 290 138 2342095
attack_ntmp 1.301004 7474 0 4 2350358
attack_ntmp 1.302003 7310 265 140 2339472
attack_ntmp 1.303003 7270 0 4 2255334
attack_ntmp 1.304004 7425 271 142 2309215
attack_ntmp 1.305003 7694 0 4 2251373
attack_ntmp 1.306003 7524 280 139 2310037
attack_ntmp 1.307003 7438 0 4 2254961
attack_ntmp 1.308004 7248 271 143 2296152
attack_ntmp 1.309004 7376 0 4 2251253
attack_ntmp 1.310003 7463 288 135 2331091
attack_ntmp 1.311003 7590 0 4 2254060
attack_ntmp 1.312004 7472 267 144 2308118
attack_ntmp 1.313004 7375 288 142 2243827
attack_ntmp 1.314003 7397 0 4 2324116
attack_ntmp 1.315004 7387 275 141 2344183
attack_ntmp 1.316004 7075 1 5 2280843
attack_ntmp 1.317004 7202 278 140 2332574
attack_ntmp 1.318003 7316 0 4 2353869
attack_ntmp 1.319003 7505 259 139 2343352
attack_ntmp 1.320004 7542 1 3 2351538
attack_ntmp 1.321004 7266 276 137 2332659
attack_ntmp 1.322003 7300 0 3 2253077
attack_ntmp 1.323003 7389 293 132 2323306
attack_ntmp 1.324004 7292 1 7 2254428
attack_ntmp 1.325004 7404 276 132 2311585
attack_ntmp 1.326004 7350 0 4 2255255
attack_ntmp 1.327003 7269 261 138 2309616
attack_ntmp 1.328004 7654 1 7 2281886
attack_ntmp 1.329004 7235 296 135 2344845
attack_ntmp 1.330003 7394 0 4 2272642
attack_ntmp 1.331003 7415 286 132 2344808
attack_ntmp 1.332004 7409 287 139 2338217
attack_ntmp 1.333004 7596 0 4 2353994
attack_ntmp 1.334003 7571 274 136 2340783
attack_ntmp 1.335003 7435 0 3 2274605
attack_ntmp 1.336004 7234 278 146 2340000
attack_ntmp 1.337004 7393 0 4 2275647
attack_ntmp 1.338003 7353 296 137 2342158
attack_ntmp 1.339003 7518 0 4 2265266
attack_ntmp 1.340004 7520 271 142 2339102
attack_ntmp 1.341003 7530 0 3 2273753
attack_ntmp 1.342003 7129 277 142 2344894
attack_ntmp 1.343004 7318 0 4 2279419
attack_ntmp 1.344004 7147 272 139 2302896
attack_ntmp 1.345004 7404 0 4 2251456
attack_ntmp 1.346003 7307 285 136 2336484
attack_ntmp 1.347003 7396 0 4 2273763
attack_ntmp 1.348004 7401 273 142 2341044
attack_ntmp 1.349004 7351 274 141 2344834
attack_ntmp 1.350003 7342 0 4 2353216
attack_ntmp 1.351003 7359 283 129 2342782
attack_ntmp 1.352004 7472 1 6 2350721
attack_ntmp 1.353004 7199 285 132 2345322
attack_ntmp 1.354003 7548 0 4 2279901
attack_ntmp 1.355003 7232 285 136 2333145
attack_ntmp 1.356004 7518 1 6 2350812
attack_ntmp 1.357004 7491 280 140 2344181
attack_ntmp 1.358003 7474 0 4 2273531
attack_ntmp 1.359003 7223 283 143 2327764
attack_ntmp 1.360004 7324 1 6 2251019
attack_ntmp 1.361004 7403 298 134 2320911
attack_ntmp 1.362003 7667 0 4 2246796
attack_ntmp 1.363003 7367 260 143 2324529
attack_ntmp 1.364004 7406 1 7 2253239
attack_ntmp 1.365004 7082 277 143 2326030
attack_ntmp 1.366003 7578 0 4 2252728
attack_ntmp 1.367003 7305 275 139 2322491
attack_ntmp 1.368007 7219 287 140 2254566
attack_ntmp 1.369005 7484 0 3 2339350
attack_ntmp 1.370004 7359 274 142 2338986
attack_ntmp 1.371004 7622 0 4 2354267
attack_ntmp 1.372004 7281 303 138 2341114
attack_ntmp 1.373004 7557 0 4 2274962
attack_ntmp 1.374004 7489 275 137 2336211
attack_ntmp 1.375003 7457 0 4 2285124
attack_ntmp 1.376004 7196 286 135 2310805
attack_ntmp 1.377004 7573 0 4 2265989
attack_ntmp 1.378004 7323 261 139 2341083
attack_ntmp 1.379003 7691 0 4 2260132
attack_ntmp 1.380004 7529 276 142 2339467
attack_ntmp 1.381004 7424 0 4 2275654
attack_ntmp 1.382004 7451 282 139 2342964
attack_ntmp 1.383003 7470 287 135 2340651
attack_ntmp 1.384004 7308 1 5 2351723
attack_ntmp 1.385004 7489 280 139 2344399
attack_ntmp 1.386004 7489 3 11 2350339
attack_ntmp 1.387004 7471 282 132 2343314
attack_ntmp 1.388004 7632 1 7 2350563
attack_ntmp 1.389004 7219 271 142 2342197
attack_ntmp 1.390004 7424 0 4 2271877
attack_ntmp 1.391003 7640 273 141 2322446
attack_ntmp 1.392004 7366 1 6 2252356
attack_ntmp 1.393004 7317 272 132 2322330
attack_ntmp 1.394004 7470 0 4 2253271
attack_ntmp 1.395003 7201 275 136 2325496
attack_ntmp 1.396004 7698 1 6 2252150
attack_ntmp 1.397004 7206 297 131 2310299
attack_ntmp 1.398004 7330 0 4 2254725
attack_ntmp 1.399003 7333 281 132 2309859
attack_ntmp 1.400004 7342 273 140 2273320
attack_ntmp 1.401004 7528 0 4 2353176
attack_ntmp 1.402004 7513 269 140 2342186
attack_ntmp 1.403003 7329 0 4 2271487
attack_ntmp 1.404004 7259 292 138 2343108
attack_ntmp 1.405004 7692 0 4 2350567
attack_ntmp 1.406004 7535 275 141 2343203
attack_ntmp 1.407004 7500 0 4 2278191
attack_ntmp 1.408004 7414 276 146 2293603
attack_ntmp 1.409004 7334 0 3 2255306
attack_ntmp 1.410004 7387 299 138 2312079
attack_ntmp 1.411003 7342 0 4 2252826
attack_ntmp 1.412004 7579 289 143 2312038
attack_ntmp 1.413004 7514 0 3 2259827
attack_ntmp 1.414004 7641 286 140 2341876
attack_ntmp 1.415004 7437 275 132 2342228
attack_ntmp 1.416004 7382 1 6 2348008
attack_ntmp 1.417004 7617 287 138 2343990
attack_ntmp 1.418004 7710 0 4 2352522
attack_ntmp 1.419003 7489 267 136 2335152
attack_ntmp 1.420004 7668 1 6 2250243
attack_ntmp 1.421004 7297 296 141 2308798
attack_ntmp 1.422004 7346 0 4 2264754
attack_ntmp 1.423004 7438 273 144 2339472
attack_ntmp 1.424004 7381 1 6 2271252
attack_ntmp 1.425004 7427 292 136 2342739
attack_ntmp 1.426004 7250 0 3 2277866
attack_ntmp 1.427004 7402 272 141 2324396
attack_ntmp 1.428004 7616 1 6 2251478
attack_ntmp 1.429004 7456 281 144 2308611
attack_ntmp 1.430004 7253 270 139 2244172
attack_ntmp 1.431004 7658 0 4 2334711
attack_ntmp 1.432004 7513 305 134 2237708
attack_ntmp 1.433004 7371 0 4 2258791
attack_ntmp 1.434004 7447 273 132 2343365
attack_ntmp 1.435003 7424 0 4 2277536
attack_ntmp 1.436004 7650 288 145 2294620
attack_ntmp 1.437004 7544 0 4 2254344
attack_ntmp 1.438004 7452 280 142 2311369
attack_ntmp 1.439003 7454 0 4 2255234
attack_ntmp 1.440004 7403 270 144 2313011
attack_ntmp 1.441004 7390 0 4 2262155
attack_ntmp 1.442004 7531 279 141 2343139
attack_ntmp 1.443003 7576 15 4 2265108
attack_ntmp 1.444004 7499 481 141 2338544
attack_ntmp 1.445004 7578 273 139 2340865
attack_ntmp 1.446004 7582 0 4 2354518
attack_ntmp 1.447003 7389 276 145 2339811
attack_ntmp 1.448004 7732 1 6 2350184
attack_ntmp 1.449004 7611 271 142 2335322
attack_ntmp 1.450005 7420 0 4 2255263
attack_ntmp 1.451003 7404 259 131 2305845
attack_ntmp 1.452004 7536 1 6 2249895
attack_ntmp 1.453004 7179 285 136 2312208
attack_ntmp 1.454004 7400 0 4 2265076
attack_ntmp 1.455003 7277 285 136 2342572
attack_ntmp 1.456004 7535 1 6 2297628
attack_ntmp 1.457004 7272 287 134 2344951
attack_ntmp 1.458004 7490 273 132 2254243
attack_ntmp 1.459003 7250 9 6 2351397
attack_ntmp 1.460004 7478 309 140 2339135
attack_ntmp 1.461004 7341 0 4 2352016
attack_ntmp 1.462004 7387 271 135 2341495
attack_ntmp 1.463003 7728 0 4 2354194
attack_ntmp 1.464004 7235 290 136 2339380
attack_ntmp 1.465004 7298 0 3 2279293
attack_ntmp 1.466004 7467 293 130 2339045
attack_ntmp 1.467003 7468 0 4 2353240
attack_ntmp 1.468004 7191 277 149 2329586
attack_ntmp 1.469004 7500 0 4 2252259
attack_ntmp 1.470004 7224 270 134 2312747
attack_ntmp 1.471003 7552 0 4 2254500
attack_ntmp 1.472004 7483 285 138 2308492
attack_ntmp 1.473004 7365 0 4 2264353
attack_ntmp 1.474004 7425 291 131 2342815
attack_ntmp 1.475003 7417 13 4 2258555
attack_ntmp 1.476004 7353 454 135 2339831
attack_ntmp 1.477004 7331 280 142 2343539
attack_ntmp 1.478004 7294 0 4 2353893
attack_ntmp 1.479003 7246 268 140 2344539
attack_ntmp 1.480004 7542 1 6 2350572
attack_ntmp 1.481004 7455 278 139 2340840
attack_ntmp 1.482004 7598 0 4 2262526
attack_ntmp 1.483004 7561 286 136 2340329
attack_ntmp 1.484004 7602 1 6 2297749
attack_ntmp 1.485004 7499 282 139 2340100
attack_ntmp 1.486004 7505 3 9 2262342
attack_ntmp 1.487004 7560 278 137 2343041
attack_ntmp 1.488004 7609 1 7 2269640
attack_ntmp 1.489005 7368 280 137 2341649
attack_ntmp 1.490004 7525 267 111 2272690
attack_ntmp 1.491003 7423 8 5 2345387
attack_ntmp 1.492004 7260 295 145 2341378
attack_ntmp 1.493004 7466 0 4 2352863
attack_ntmp 1.494004 7483 282 143 2341135
attack_ntmp 1.495003 7328 0 4 2354228
attack_ntmp 1.496004 7329 288 143 2341496
attack_ntmp 1.497004 7423 0 3 2261201
attack_ntmp 1.498004 7492 273 143 2340994
attack_ntmp 1.499003 7307 0 4 2265049
attack_ntmp 1.500004 7383 267 140 2341760
attack_ntmp 1.501004 7523 0 3 2276855
attack_ntmp 1.502004 7440 283 135 2326325
attack_ntmp 1.503003 7307 0 4 2250464
attack_ntmp 1.504004 7377 269 142 2302887
attack_ntmp 1.505004 7428 0 4 2253062
attack_ntmp 1.506004 7499 296 134 2334123
attack_ntmp 1.507003 7451 289 138 2342322
attack_ntmp 1.508004 7493 1 6 2311213
attack_ntmp 1.509004 7149 268 135 2247488
attack_ntmp 1.510004 7312 0 4 2327952
attack_ntmp 1.511003 7363 269 138 2341188
attack_ntmp 1.512004 7718 1 6 2349171
attack_ntmp 1.513004 7445 302 140 2344892
attack_ntmp 1.514004 7563 0 4 2253753
attack_ntmp 1.515003 7553 269 139 2313378
attack_ntmp 1.516004 7582 1 6 2249681
attack_ntmp 1.517004 7313 308 133 2314609
attack_ntmp 1.518004 7426 0 3 2261222
attack_ntmp 1.519004 7441 286 139 2341376
attack_ntmp 1.520004 7658 1 5 2248384
attack_ntmp 1.521004 7501 297 143 2311279
attack_ntmp 1.522004 7373 292 139 2241200
attack_ntmp 1.523003 7803 0 4 2322928
attack_ntmp 1.524004 7611 272 146 2339194
attack_ntmp 1.525004 7748 0 3 2353241
attack_ntmp 1.526004 7313 258 137 2342472
attack_ntmp 1.527004 7522 0 4 2354094
attack_ntmp 1.528004 7625 263 143 2330152
attack_ntmp 1.529004 7624 0 4 2252047
attack_ntmp 1.530004 7523 282 139 2308362
attack_ntmp 1.531004 7344 0 5 2262522
attack_ntmp 1.532004 7449 270 139 2338769
attack_ntmp 1.533004 7495 0 4 2259864
attack_ntmp 1.534004 7433 295 134 2341529
attack_ntmp 1.535003 7314 254 128 2272853
attack_ntmp 1.536004 7492 8 8 2343129
attack_ntmp 1.537004 7369 283 142 2339827
attack_ntmp 1.538004 7666 0 4 2352515
attack_ntmp 1.539003 7452 281 137 2342347
attack_ntmp 1.540004 7574 1 7 2349821
attack_ntmp 1.541004 7631 285 140 2335059
attack_ntmp 1.542004 7380 0 4 2251262
attack_ntmp 1.543003 7503 301 130 2311691
attack_ntmp 1.544004 7474 1 6 2283225
attack_ntmp 1.545004 7607 280 135 2341813
attack_ntmp 1.546004 7564 0 4 2272758
attack_ntmp 1.547004 7375 264 138 2341699
attack_ntmp 1.548004 7714 1 5 2270141
attack_ntmp 1.549004 7375 301 132 2328609
attack_ntmp 1.550004 7433 266 141 2243566
attack_ntmp 1.551003 7620 0 2 2329938
attack_ntmp 1.552004 7397 290 134 2340999
attack_ntmp 1.553004 7414 0 4 2270753
attack_ntmp 1.554004 7456 293 142 2343839
attack_ntmp 1.555003 7428 0 4 2352646
attack_ntmp 1.556004 7558 282 141 2301735
attack_ntmp 1.557004 7742 0 4 2254445
attack_ntmp 1.558004 7432 289 137 2319714
attack_ntmp 1.559003 7412 0 3 2255569
attack_ntmp 1.560004 7270 283 138 2297753
attack_ntmp 1.561005 7530 0 4 2253347
attack_ntmp 1.562004 7331 303 131 2340862
attack_ntmp 1.563003 7582 54 5 2352252
attack_ntmp 1.564004 7480 8 12 2303995
attack_ntmp 1.565004 7489 277 136 2244837
attack_ntmp 1.566004 7442 0 4 2335724
attack_ntmp 1.567003 7537 279 142 2342978
attack_ntmp 1.568004 7382 1 5 2350117
attack_ntmp 1.569004 7533 282 143 2345173
attack_ntmp 1.570004 7501 0 5 2269861
attack_ntmp 1.571003 7409 285 143 2344376
attack_ntmp 1.572004 7587 1 6 2272307
attack_ntmp 1.573004 7429 287 144 2340703
attack_ntmp 1.574004 7784 0 4 2276626
attack_ntmp 1.575004 7665 284 135 2341482
attack_ntmp 1.576004 7624 50 6 2283531
attack_ntmp 1.577005 7587 279 6 2344621
attack_ntmp 1.578004 7343 273 141 2340343
attack_ntmp 1.579003 7820 0 3 2353052
attack_ntmp 1.580004 7497 284 141 2340807
attack_ntmp 1.581004 7638 0 3 2274807
attack_ntmp 1.582004 7543 290 135 2341697
attack_ntmp 1.583004 7386 0 4 2279170
attack_ntmp 1.584004 7533 290 141 2294754
attack_ntmp 1.585004 7516 0 4 2256687
attack_ntmp 1.586004 7398 275 146 2323631
attack_ntmp 1.587004 7547 3 12 2250602
attack_ntmp 1.588004 7516 289 137 2240063
attack_ntmp 1.589004 7528 0 4 2256970
attack_ntmp 1.590004 7281 285 131 2308164
attack_ntmp 1.591003 7395 252 147 2245738
attack_ntmp 1.592004 7427 1 6 2328183
attack_ntmp 1.593004 7258 289 133 2344570
attack_ntmp 1.594004 7396 0 4 2353548
attack_ntmp 1.595003 7494 271 143 2341817
attack_ntmp 1.596004 7743 1 6 2254411
attack_ntmp 1.597004 7272 266 138 2312455
attack_ntmp 1.598004 7442 0 4 2250950
attack_ntmp 1.599003 7362 288 140 2308188
attack_ntmp 1.600004 7408 1 6 2250285
attack_ntmp 1.601004 7273 294 135 2310574
attack_ntmp 1.602004 7563 0 4 2283387
attack_ntmp 1.603003 7156 272 140 2340865
attack_ntmp 1.604004 7352 1 6 2273779
attack_ntmp 1.605004 7353 292 139 2345720
attack_ntmp 1.606004 7251 0 4 2275929
attack_ntmp 1.607003 7401 273 140 2341124
attack_ntmp 1.608004 7203 285 135 2344393
attack_ntmp 1.609004 7405 6 7 2353228
attack_ntmp 1.610004 7421 293 134 2341777
attack_ntmp 1.611004 7382 0 3 2354563
attack_ntmp 1.612004 7410 276 144 2337278
attack_ntmp 1.613004 7453 0 4 2355702
attack_ntmp 1.614004 7207 269 137 2343346
attack_ntmp 1.615004 7520 0 4 2354526
attack_ntmp 1.616004 7539 273 147 2339757
attack_ntmp 1.617004 7538 0 4 2354519
attack_ntmp 1.618004 7534 311 134 2341194
attack_ntmp 1.619003 7345 0 4 2274956
attack_ntmp 1.620004 7351 279 138 2303179
attack_ntmp 1.621004 7648 0 4 2255036
attack_ntmp 1.622004 7474 288 127 2327872
attack_ntmp 1.623004 7464 0 4 2255888
attack_ntmp 1.624004 7163 283 140 2322045
attack_ntmp 1.625004 7189 282 133 2246452
attack_ntmp 1.626004 7213 0 4 2319757
attack_ntmp 1.627004 7359 277 140 2244972
attack_ntmp 1.628004 7354 1 6 2325113
attack_ntmp 1.629004 7347 279 138 2345001
attack_ntmp 1.630004 7173 0 4 2275895
attack_ntmp 1.631003 7409 290 133 2342668
attack_ntmp 1.632004 7485 1 6 2272374
attack_ntmp 1.633004 7629 285 138 2342884
attack_ntmp 1.634004 7295 0 4 2270991
attack_ntmp 1.635005 7560 302 136 2345887
attack_ntmp 1.636004 7494 1 7 2270551
attack_ntmp 1.637004 7297 278 140 2327471
attack_ntmp 1.638004 7272 0 4 2253663
attack_ntmp 1.639003 7369 298 133 2311500
attack_ntmp 1.640004 7300 1 5 2252692
attack_ntmp 1.641004 7190 278 148 2310621
attack_ntmp 1.642004 7352 0 3 2253758
attack_ntmp 1.643003 7216 287 142 2312567
attack_ntmp 1.644004 7487 287 137 2241841
attack_ntmp 1.645004 7584 0 4 2328109
attack_ntmp 1.646004 7336 286 141 2341359
attack_ntmp 1.647004 7708 0 3 2354693
attack_ntmp 1.648004 7405 306 131 2338998
attack_ntmp 1.649004 7664 0 4 2276250
attack_ntmp 1.650004 7231 290 141 2342940
attack_ntmp 1.651003 7324 0 4 2284002
attack_ntmp 1.652004 7431 278 136 2293752
attack_ntmp 1.653004 7305 0 4 2255352
attack_ntmp 1.654004 7115 288 136 2310412
attack_ntmp 1.655003 7128 0 4 2254664
attack_ntmp 1.656005 7115 267 139 2301617
attack_ntmp 1.657004 7065 0 3 2251704
attack_ntmp 1.658004 6788 291 131 2347212
attack_ntmp 1.659003 6842 0 3 2274855
attack_ntmp 1.660004 6916 278 139 2342294
attack_ntmp 1.661004 7058 0 3 2278389
attack_ntmp 1.662004 7246 273 146 2342748
attack_ntmp 1.663003 7197 0 2 2274479
attack_ntmp 1.664004 7111 281 140 2339781
attack_ntmp 1.665004 7319 0 4 2277796
attack_ntmp 1.666004 7241 279 138 2343673
attack_ntmp 1.667003 7212 0 2 2282659
attack_ntmp 1.668004 7048 285 143 2296403
attack_ntmp 1.669004 7306 0 4 2255744
attack_ntmp 1.670004 7193 292 134 2309962
attack_ntmp 1.671003 7340 0 4 2254787
attack_ntmp 1.672004 7069 284 135 2306756
attack_ntmp 1.673005 7258 0 3 2254855
attack_ntmp 1.674004 7152 284 138 2309951
attack_ntmp 1.675003 7325 282 135 2343569
attack_ntmp 1.676004 7410 1 6 2350702
attack_ntmp 1.677004 7301 279 135 2344344
attack_ntmp 1.678004 7256 0 4 2352078
attack_ntmp 1.679004 7355 270 139 2345128
attack_ntmp 1.680004 7386 1 7 2271804
attack_ntmp 1.681004 7501 266 133 2345052
attack_ntmp 1.682004 7322 0 4 2351768
attack_ntmp 1.683004 7153 290 136 2343907
attack_ntmp 1.684004 7175 1 5 2270540
attack_ntmp 1.685004 7107 276 136 2344909
attack_ntmp 1.686004 7242 0 4 2278788
attack_ntmp 1.687004 7527 296 145 2343700
attack_ntmp 1.688004 7619 1 5 2274612
attack_ntmp 1.689004 7488 288 136 2327326
attack_ntmp 1.690004 7485 0 4 2250806
attack_ntmp 1.691003 7553 284 139 2327714
attack_ntmp 1.692004 7602 1 7 2250551
attack_ntmp 1.693004 7628 300 133 2325201
attack_ntmp 1.694004 7406 260 137 2244723
attack_ntmp 1.695003 7492 0 2 2322613
attack_ntmp 1.696004 7379 278 141 2341401
attack_ntmp 1.697004 7671 0 4 2281659
attack_ntmp 1.698004 7648 286 133 2334726
attack_ntmp 1.699003 7742 0 4 2353586
attack_ntmp 1.700004 7631 279 138 2340399
attack_ntmp 1.701004 7345 0 4 2278124
attack_ntmp 1.702004 7309 285 138 2337819
attack_ntmp 1.703003 7685 0 4 2277086
attack_ntmp 1.704004 7374 264 140 2325095
attack_ntmp 1.705004 7456 0 3 2254695
attack_ntmp 1.706004 7518 273 141 2308935
attack_ntmp 1.707003 7577 285 139 2242535
attack_ntmp 1.708004 7736 1 6 2327815
attack_ntmp 1.709004 7638 282 140 2341947
attack_ntmp 1.710004 7460 0 4 2275004
attack_ntmp 1.711003 7431 294 132 2341764
attack_ntmp 1.712004 7642 1 6 2269889
attack_ntmp 1.713004 7839 277 135 2325462
attack_ntmp 1.714004 7712 0 4 2253635
attack_ntmp 1.715004 7519 276 142 2327189
attack_ntmp 1.716004 7806 1 7 2251013
attack_ntmp 1.717004 7584 281 142 2326112
attack_ntmp 1.718003 7576 278 130 2242167
attack_ntmp 1.719003 7532 0 4 2326376
attack_ntmp 1.720004 7907 296 135 2340609
attack_ntmp 1.721004 7735 0 4 2275086
attack_ntmp 1.722004 7642 276 141 2342112
attack_ntmp 1.723004 7614 0 3 2278384
attack_ntmp 1.724004 7578 270 146 2341030
attack_ntmp 1.725004 7448 0 4 2276620
attack_ntmp 1.726003 7523 287 132 2334737
attack_ntmp 1.727003 7548 0 3 2277308
attack_ntmp 1.728004 7602 286 135 2339388
attack_ntmp 1.729005 7374 280 143 2346254
attack_ntmp 1.730004 7744 0 4 2350623
attack_ntmp 1.731003 7523 263 129 2342367
attack_ntmp 1.732003 7610 1 5 2351298
attack_ntmp 1.733004 7397 297 141 2338871
attack_ntmp 1.734004 7807 0 4 2261526
attack_ntmp 1.735004 7472 283 137 2339825
attack_ntmp 1.736004 7658 1 6 2250857
attack_ntmp 1.737004 7595 273 137 2332910
attack_ntmp 1.738004 7325 0 4 2266739
attack_ntmp 1.739003 7465 288 135 2343130
attack_ntmp 1.740003 7626 1 6 2284511
attack_ntmp 1.741005 7559 293 142 2346949
attack_ntmp 1.742003 7257 272 137 2340461
attack_ntmp 1.743003 7478 0 4 2354365
attack_ntmp 1.744004 7409 284 139 2341555
attack_ntmp 1.745004 7376 0 4 2357239
attack_ntmp 1.746004 7277 275 141 2341989
attack_ntmp 1.747003 7454 0 4 2353402
attack_ntmp 1.748004 7315 287 147 2342773
attack_ntmp 1.749004 7498 0 4 2275144
attack_ntmp 1.750004 7247 267 136 2344833
attack_ntmp 1.751003 7706 0 2 2277683
attack_ntmp 1.752004 7523 297 131 2341116
attack_ntmp 1.753004 7627 0 4 2276884
attack_ntmp 1.754004 7552 284 147 2330056
attack_ntmp 1.755003 11444 199 169 2245288
attack_ntmp 1.756004 7837 2 73 2298549
attack_ntmp 1.757005 12842 217 127 2493463
attack_ntmp 1.758003 8389 0 4 2404203
attack_ntmp 1.759004 7795 278 143 2334922
attack_ntmp 1.760004 8003 5 24 2243560
attack_ntmp 1.761004 9354 279 138 2303469
attack_ntmp 1.762005 8643 313 139 2249987
attack_ntmp 1.763003 9489 3 29 2346057
attack_ntmp 1.764004 9178 281 165 2384888
attack_ntmp 1.765004 7808 3 27 2520479
attack_ntmp 1.766004 10472 271 119 2241279
attack_ntmp 1.767003 7942 279 136 2333349
attack_ntmp 1.768003 7394 2 9 2345611
attack_ntmp 1.769004 7443 264 139 2345734
attack_ntmp 1.770003 7578 0 4 2353021
attack_ntmp 1.771004 7501 271 145 2345489
attack_ntmp 1.772004 7245 5 21 2347362
attack_ntmp 1.773004 7674 277 127 2331780
attack_ntmp 1.774004 7364 0 4 2251126
attack_ntmp 1.775003 7306 297 140 2311551
attack_ntmp 1.776004 7417 7 30 2246835
attack_ntmp 1.777004 7987 262 134 2243948
attack_ntmp 1.778004 7235 0 3 2255813
attack_ntmp 1.779003 7312 278 136 2312441
attack_ntmp 1.780004 7412 2 7 2249879
attack_ntmp 1.781004 7391 300 132 2314129
attack_ntmp 1.782003 7448 0 4 2252260
attack_ntmp 1.783003 7381 273 138 2311239
attack_ntmp 1.784004 7529 1 8 2283254
attack_ntmp 1.785005 7338 281 131 2346384
attack_ntmp 1.786003 7527 278 128 2340410
attack_ntmp 1.787003 7544 3 13 2345942
attack_ntmp 1.788004 7923 292 133 2240187
attack_ntmp 1.789004 7318 0 4 2256158
attack_ntmp 1.790004 7322 272 142 2339730
attack_ntmp 1.791003 7370 0 4 2276456
attack_ntmp 1.792004 7156 287 144 2338006
attack_ntmp 1.793004 7268 0 4 2282738
attack_ntmp 1.794003 7267 281 128 2339578
attack_ntmp 1.795003 7428 0 3 2354443
attack_ntmp 1.796004 7435 283 151 2301563
attack_ntmp 1.797004 7394 0 3 2254192
attack_ntmp 1.798003 7570 274 142 2321610
attack_ntmp 1.799003 7366 0 4 2254928
attack_ntmp 1.800004 7285 289 140 2331982
attack_ntmp 1.801004 7570 0 4 2278683
attack_ntmp 1.802004 7646 333 131 2341765
attack_ntmp 1.803003 7418 292 132 2343796
attack_ntmp 1.804004 7287 3 6 2350004
attack_ntmp 1.805004 7322 302 134 2344907
attack_ntmp 1.806003 7720 0 4 2352719
attack_ntmp 1.807003 7553 290 137 2343575
attack_ntmp 1.808004 7618 3 9 2347921
attack_ntmp 1.809004 7358 294 145 2331592
attack_ntmp 1.810003 7726 0 4 2254045
attack_ntmp 1.811003 7645 272 138 2308880
attack_ntmp 1.812004 7646 4 8 2249718
attack_ntmp 1.813004 7473 297 139 2314108
attack_ntmp 1.814003 7652 0 4 2261440
attack_ntmp 1.815003 7524 280 132 2340233
attack_ntmp 1.816004 7341 33 7 2271393
attack_ntmp 1.817004 7579 502 133 2343004
attack_ntmp 1.818004 7592 276 137 2340696
attack_ntmp 1.819003 7620 0 3 2352563
attack_ntmp 1.820004 7599 279 141 2339078
attack_ntmp 1.821004 7448 0 3 2354431
attack_ntmp 1.822003 7456 279 141 2331132
attack_ntmp 1.823003 7470 0 4 2253524
attack_ntmp 1.824003 7125 295 128 2322590
attack_ntmp 1.825004 7472 0 4 2256997
attack_ntmp 1.826003 7244 303 140 2307214
attack_ntmp 1.827003 7474 0 4 2253526
attack_ntmp 1.828004 7181 298 137 2281951
attack_ntmp 1.829004 7478 0 4 2255755
attack_ntmp 1.830004 7065 288 145 2323246
attack_ntmp 1.831003 7426 0 4 2253784
attack_ntmp 1.832004 7093 270 141 2340786
attack_ntmp 1.833003 7402 0 3 2352081
attack_ntmp 1.834003 7277 297 125 2330044
attack_ntmp 1.835003 7337 270 139 2244643
attack_ntmp 1.836003 7480 1 4 2323702
attack_ntmp 1.837004 7367 322 141 2343957
attack_ntmp 1.838004 7447 0 4 2255238
attack_ntmp 1.839003 7163 295 134 2341612
attack_ntmp 1.840004 7362 1 7 2278418
attack_ntmp 1.841005 7353 310 133 2339897
attack_ntmp 1.842004 7300 0 4 2348027
attack_ntmp 1.843003 7203 289 136 2343947
attack_ntmp 1.844003 7470 3 10 2349352
attack_ntmp 1.845004 7411 291 134 2329182
attack_ntmp 1.846003 7264 0 4 2253448
attack_ntmp 1.847003 7120 291 134 2327119
attack_ntmp 1.848004 7444 1 6 2249394
attack_ntmp 1.849004 7431 308 133 2312232
attack_ntmp 1.850003 7368 0 4 2253460
attack_ntmp 1.851003 7288 307 144 2312545
attack_ntmp 1.852004 7268 1 6 2252362
attack_ntmp 1.853004 7284 285 136 2312840
attack_ntmp 1.854003 7462 0 3 2251364
attack_ntmp 1.855003 7377 277 144 2311673
attack_ntmp 1.856004 7409 268 146 2238108
attack_ntmp 1.857004 7559 0 4 2320594
attack_ntmp 1.858003 7627 266 134 2342518
attack_ntmp 1.859003 7285 0 4 2275392
attack_ntmp 1.860004 7371 279 141 2341236
attack_ntmp 1.861004 7348 0 4 2277679
attack_ntmp 1.862003 7570 280 145 2324563
attack_ntmp 1.863003 7372 0 3 2254662
attack_ntmp 1.864003 7352 282 139 2298983
attack_ntmp 1.865004 7296 0 4 2252356
attack_ntmp 1.866003 7513 283 135 2321479
attack_ntmp 1.867003 7150 0 4 2255692
attack_ntmp 1.868003 7357 333 147 2292769
attack_ntmp 1.869004 7290 0 4 2255590
attack_ntmp 1.870004 7240 259 143 2322836
attack_ntmp 1.871003 7306 0 4 2255874
attack_ntmp 1.872004 7144 267 141 2298258
attack_ntmp 1.873004 7252 0 4 2257175
attack_ntmp 1.874003 7137 297 137 2308210
attack_ntmp 1.875003 7235 289 138 2244433
attack_ntmp 1.876003 7302 3 9 2321059
attack_ntmp 1.877004 7469 280 139 2343485
attack_ntmp 1.878003 7534 0 4 2352112
attack_ntmp 1.879003 7447 255 141 2344898
attack_ntmp 1.880004 7361 1 6 2272990
attack_ntmp 1.881004 7248 277 140 2346910
attack_ntmp 1.882004 7642 0 4 2351760
attack_ntmp 1.883003 7311 272 140 2341206
attack_ntmp 1.884004 7545 1 6 2278632
attack_ntmp 1.885004 7292 284 137 2324898
attack_ntmp 1.886003 7458 0 4 2255237
attack_ntmp 1.887004 7266 277 144 2312733
attack_ntmp 1.888004 7560 1 6 2251793
attack_ntmp 1.889004 7662 277 133 2307312
attack_ntmp 1.890003 7130 0 4 2261387
attack_ntmp 1.891003 7459 292 129 2345378
attack_ntmp 1.892004 7223 268 138 2338383
attack_ntmp 1.893004 7452 0 4 2356825
attack_ntmp 1.894003 7391 286 138 2341127
attack_ntmp 1.895003 7342 0 4 2354897
attack_ntmp 1.896004 7510 296 138 2339527
attack_ntmp 1.897003 7780 0 4 2352374
attack_ntmp 1.898003 7389 278 139 2332499
attack_ntmp 1.899003 7552 0 5 2253905
attack_ntmp 1.900003 7395 295 132 2309932
attack_ntmp 1.901004 7602 0 4 2255619
attack_ntmp 1.902003 7404 282 141 2306232
attack_ntmp 1.903003 7449 0 3 2262743
