1 0.001015 4975 41 484 2716578
1 0.002005 8036 198 235 2952930
1 0.003008 5248 0 63 2446047
1 0.004011 4015 242 245 2358458
1 0.005009 3896 0 21 2239575
1 0.006005 4975 254 285 2275908
1 0.007003 4970 290 249 2235309
1 0.008003 4952 1 57 2314874
1 0.009009 4425 294 233 2295567
1 0.010006 3431 0 31 2325902
1 0.011009 3260 277 237 2339668
1 0.012212 4401 2 29 2801212
1 0.013009 2778 270 209 1836806
1 0.014011 4164 3 109 2331911
1 0.015009 3818 263 221 2306106
1 0.016005 4611 4 90 2310999
1 0.017006 3543 290 232 2343664
1 0.018006 3244 3 27 2325666
1 0.019005 4488 287 287 2319776
1 0.020003 4597 1 48 2391362
1 0.021003 4482 295 245 2325939
1 0.022002 4546 0 52 2333743
1 0.023003 4455 284 256 2285853
1 0.024003 4452 286 193 2241954
1 0.025004 4596 3 100 2339436
1 0.026003 4598 276 233 2260296
1 0.027003 5088 0 72 2337051
1 0.028006 3634 284 256 2335794
1 0.029006 2026 0 15 2424530
1 0.030003 2181 0 15 3117115
1 0.031002 3186 271 216 2335881
1 0.032007 2466 4 33 2285255
1 0.033006 4464 283 237 2312181
1 0.034003 4522 0 52 2324527
1 0.035003 4541 263 251 2329842
1 0.036003 4537 1 44 2331453
1 0.037003 4584 283 270 2322724
1 0.038003 4572 261 260 2250157
1 0.039003 4632 0 64 2338505
1 0.040003 5908 238 237 2321686
1 0.041003 4489 0 39 2335243
1 0.042002 4723 285 244 2308189
1 0.043003 4298 3 83 2259945
1 0.044003 5651 309 232 2316233
1 0.045003 4729 282 247 2306608
1 0.046004 4556 3 37 2271129
1 0.047003 4495 291 231 2305636
1 0.048003 4513 3 52 2254151
1 0.049003 4552 280 225 2327359
1 0.050002 4477 292 233 2246458
1 0.051002 4590 0 54 2339271
1 0.052003 4432 295 264 2323186
1 0.053003 4568 0 44 2336786
1 0.054003 4507 289 231 2308722
1 0.055002 4553 0 34 2232838
1 0.056005 4396 266 266 2317026
1 0.057003 4385 297 228 2316693
1 0.058002 4492 0 39 2336192
1 0.059002 4537 256 244 2329087
1 0.060003 4610 2 62 2332928
1 0.061003 4421 284 243 2298155
1 0.062002 4486 0 42 2249589
1 0.063002 4433 282 253 2300867
1 0.064003 4482 292 236 2226650
1 0.065003 4621 0 40 2305189
1 0.066002 4446 283 234 2230354
1 0.067002 4561 0 44 2257892
1 0.068003 4469 262 238 2319817
1 0.069003 4508 267 256 2253271
1 0.070002 4577 0 41 2325417
1 0.071002 4560 273 242 2247566
1 0.072003 4516 4 56 2336095
1 0.073003 4417 300 235 2294353
1 0.074002 4617 247 170 2245635
1 0.075003 4700 9 112 2341115
1 0.076003 4499 283 245 2243398
1 0.077002 4638 0 48 2338106
1 0.078002 4589 267 260 2306268
1 0.079002 4612 0 58 2259774
1 0.080003 4499 280 252 2314677
1 0.081004 4550 282 240 2252379
1 0.082002 4556 0 43 2336605
1 0.083003 4502 261 251 2327474
1 0.084003 4682 1 50 2337044
1 0.085003 4557 261 256 2301023
1 0.086002 4533 258 240 2223683
1 0.087002 4570 0 44 2327855
1 0.088003 4611 271 242 2327131
1 0.089003 4649 0 53 2257304
1 0.090002 4503 266 266 2325003
1 0.091002 4535 269 231 2249130
1 0.092003 4682 1 44 2281624
1 0.093003 4462 257 230 2229722
1 0.094002 4711 0 52 2336953
1 0.095002 4535 265 248 2312793
1 0.096003 4581 1 48 2286576
1 0.097002 4558 273 243 2311320
1 0.098002 4510 264 241 2250456
1 0.099002 4722 0 52 2335841
1 0.100003 4633 260 265 2323837
1 0.101003 4661 0 56 2337786
1 0.102002 4482 240 251 2305838
1 0.103002 4424 271 249 2226675
1 0.104003 4643 1 43 2326304
1 0.105002 4534 279 258 2328313
1 0.106002 4632 0 50 2337486
1 0.107002 4470 264 253 2326296
1 0.108003 4697 1 60 2337612
1 0.109002 4587 273 255 2326515
1 0.110002 4566 227 265 2242989
1 0.111002 4631 0 55 2337940
1 0.112003 4632 254 262 2324738
1 0.113003 4681 0 59 2340908
1 0.114002 4539 245 248 2307190
1 0.115003 4610 0 38 2236939
1 0.116004 4554 267 265 2305356
1 0.117003 4505 268 241 2237840
1 0.118003 4631 0 51 2306870
1 0.119003 4434 270 236 2229619
1 0.120003 4603 1 54 2249254
1 0.121002 4578 275 243 2328052
1 0.122003 4506 274 252 2247022
1 0.123002 4625 0 56 2341651
1 0.124003 4694 249 273 2326206
1 0.125003 4588 0 43 2340243
1 0.126002 4558 242 246 2308868
1 0.127002 4548 0 42 2266380
1 0.128003 4613 266 259 2300790
1 0.129003 4494 269 245 2225678
1 0.130002 4643 0 37 2324059
1 0.131002 4699 268 264 2326955
1 0.132003 4625 1 61 2337355
1 0.133002 4571 270 243 2290836
1 0.134002 4427 264 246 2246658
1 0.135002 4678 0 48 2338882
1 0.136003 4585 343 260 2322959
1 0.137003 4664 0 51 2338210
1 0.138002 4435 261 249 2303441
1 0.139002 4559 0 43 2236413
1 0.140003 4496 304 199 2323478
1 0.141003 4605 279 260 2325630
1 0.142003 4697 0 41 2339319
1 0.143002 4612 253 263 2322899
1 0.144003 4617 3 50 2282983
1 0.145003 4628 272 244 2324530
1 0.146002 4596 278 258 2327606
1 0.147002 4611 0 51 2322193
1 0.148003 4547 278 252 2276467
1 0.149003 4719 0 54 2340737
1 0.150002 4639 283 250 2299556
1 0.151002 4557 0 46 2238844
1 0.152003 4585 267 231 2309925
1 0.153003 4660 262 246 2328322
1 0.154002 4694 0 57 2336145
1 0.155002 4642 302 263 2328339
1 0.156003 4600 1 57 2334013
1 0.157003 4548 270 248 2302652
1 0.158002 4492 241 257 2221915
1 0.159002 4768 0 55 2304368
1 0.160003 4558 259 244 2225116
1 0.161002 4557 0 52 2252286
1 0.162002 4598 272 249 2297174
1 0.163002 4412 235 262 2236699
1 0.164003 4622 1 43 2308638
1 0.165003 4539 268 246 2228378
1 0.166002 4659 0 50 2326405
1 0.167002 4519 248 260 2325413
1 0.168003 4585 1 51 2336541
1 0.169003 4423 284 228 2304505
1 0.170002 4425 249 249 2227199
1 0.171002 4552 0 58 2306621
1 0.172003 4522 276 260 2224948
1 0.173003 4474 0 34 2256794
1 0.174002 4763 292 246 2310865
1 0.175002 4571 254 260 2250389
1 0.176003 4837 1 56 2335617
1 0.177003 4610 252 250 2329702
1 0.178003 4700 0 47 2336877
1 0.179002 4622 289 241 2299298
1 0.180003 4575 265 192 2229082
1 0.181004 4552 6 120 2308977
1 0.182002 4640 321 241 2225798
1 0.183003 4817 0 51 2326988
1 0.184003 4684 300 260 2325763
1 0.185002 4507 0 38 2257687
1 0.186002 4668 286 266 2294785
1 0.187002 4493 269 244 2235982
1 0.188003 4693 1 65 2338167
1 0.189002 4594 261 252 2304450
1 0.190002 4630 0 45 2238795
1 0.191002 4584 284 239 2293703
1 0.192003 4495 256 249 2222219
1 0.193003 4693 0 48 2329269
1 0.194002 4540 286 246 2326726
1 0.195002 4700 0 53 2258705
1 0.196002 4678 241 259 2326235
1 0.197003 4598 295 244 2250193
1 0.198002 4630 0 52 2296888
1 0.199002 4573 264 258 2241679
1 0.200003 4631 1 52 2336223
1 0.201003 4495 255 260 2308276
1 0.202003 4691 235 245 2229682
1 0.203004 5057 0 48 2320048
1 0.204003 4853 251 283 2311158
1 0.205005 4406 0 164 2479464
1 0.206004 13538 39 194 3151873
1 0.207002 4207 1 188 3201104
1 0.208003 14085 65 287 3153294
1 0.209007 4260 5 109 3224470
1 0.210006 13064 53 172 2724598
1 0.211004 4743 3 81 2824538
1 0.212004 5658 278 344 3206027
1 0.213003 1980 3 72 2716139
1 0.214004 2211 0 27 3118581
1 0.215004 6358 221 200 2306423
1 0.216005 2657 4 50 2247953
1 0.217004 3879 21 135 2393399
1 0.218003 12959 4 191 2908739
1 0.219003 4443 0 151 3235629
1 0.220003 14285 78 241 3171798
1 0.221011 13996 48 188 3184383
1 0.222003 2803 3 46 2656475
1 0.223003 7154 268 274 3212187
1 0.224003 4734 1 85 2756443
1 0.225003 4780 272 252 2479411
1 0.226003 4729 3 71 2347059
1 0.227003 5220 277 244 2325181
1 0.228003 4752 4 110 2382704
1 0.229003 4402 244 221 2398562
1 0.230004 2191 0 22 3071822
1 0.231004 2853 0 18 2352485
1 0.232003 3613 282 210 2321809
1 0.233003 3530 3 47 2255750
1 0.234003 4692 264 251 2323544
1 0.235002 4627 0 42 2342739
1 0.236003 4550 300 239 2310522
1 0.237003 4577 0 57 2257306
1 0.238003 4592 274 238 2328506
1 0.239002 4643 276 233 2246019
1 0.240003 4677 5 98 2336317
1 0.241003 5529 261 242 2324278
1 0.242003 4658 0 60 2336226
1 0.243002 4585 271 243 2328019
1 0.244003 4601 1 56 2330602
1 0.245003 4531 289 264 2299743
1 0.246003 4423 247 251 2228952
1 0.247002 4661 0 54 2304384
1 0.248003 4493 265 243 2222806
1 0.249003 4681 0 51 2252220
1 0.250003 4580 250 253 2296754
1 0.251002 4560 0 45 2248047
1 0.252003 4459 260 242 2269353
1 0.253003 4516 270 242 2234828
1 0.254002 4736 0 58 2338193
1 0.255002 4635 249 254 2324634
1 0.256003 4543 3 62 2259910
1 0.257003 4649 267 265 2321714
1 0.258002 4523 260 248 2248635
1 0.259002 4699 0 48 2338857
1 0.260003 4518 288 260 2326375
1 0.261003 4605 0 54 2337562
1 0.262003 4513 307 233 2324158
1 0.263002 4677 0 53 2337216
1 0.264004 4547 259 259 2266322
1 0.265003 4490 275 242 2239382
1 0.266003 4610 0 47 2309148
1 0.267002 4411 258 261 2224876
1 0.268003 4609 4 91 2327673
1 0.269003 4467 290 240 2330282
1 0.270002 4381 0 43 2256852
1 0.271002 4514 276 248 2329017
1 0.272003 4491 286 247 2242252
1 0.273003 4560 0 54 2335311
1 0.274003 4615 266 243 2328085
1 0.275002 4663 0 43 2336575
1 0.276003 4504 276 242 2310246
1 0.277003 4519 0 51 2260036
1 0.278003 4586 294 252 2310879
1 0.279002 4433 270 240 2249090
1 0.280003 4633 2 62 2332108
1 0.281003 4446 299 261 2325188
1 0.282003 4716 0 67 2339830
1 0.283002 4583 268 254 2300648
1 0.284003 4601 287 245 2221698
1 0.285003 4753 0 69 2302612
1 0.286002 4585 304 255 2227455
1 0.287002 4650 0 58 2329885
1 0.288003 4644 262 260 2323755
1 0.289003 4633 0 46 2257927
1 0.290002 4659 381 254 2330688
1 0.291003 4539 259 240 2250839
1 0.292003 4650 1 57 2333709
1 0.293003 4618 266 257 2304042
1 0.294002 4641 0 51 2244895
1 0.295002 4426 268 256 2304378
1 0.296003 4452 282 252 2224980
1 0.297003 4663 0 61 2326899
1 0.298003 4803 263 259 2327545
1 0.299002 4749 0 69 2338107
1 0.300003 4740 250 278 2330625
1 0.301002 4684 247 207 2246599
1 0.302002 4722 7 122 2338574
1 0.303002 4580 267 242 2250645
1 0.304003 4810 1 62 2331859
1 0.305003 4665 259 241 2301740
1 0.306002 4679 0 53 2245303
1 0.307003 4738 266 267 2302146
1 0.308003 4699 273 252 2227146
1 0.309003 4819 0 69 2325773
1 0.310003 4758 258 260 2313830
1 0.311002 4654 0 66 2257453
1 0.312003 4438 257 255 2326496
1 0.313003 4726 297 248 2248050
1 0.314003 4826 0 68 2338572
1 0.315002 4730 267 253 2299451
1 0.316003 4677 1 67 2231602
1 0.317003 4710 270 233 2320675
1 0.318002 4747 253 264 2326515
1 0.319002 4743 0 69 2307288
1 0.320003 4544 250 248 2224112
1 0.321003 4762 0 55 2258077
1 0.322003 4756 280 260 2311338
1 0.323002 4582 260 245 2227674
1 0.324003 4753 1 63 2321763
1 0.325003 4627 260 238 2325854
1 0.326002 4799 0 58 2253157
1 0.327002 4723 294 263 2329507
1 0.328003 4647 253 253 2248089
1 0.329003 4864 0 47 2341210
1 0.330003 4682 282 239 2325699
1 0.331003 4917 0 66 2337494
1 0.332003 4722 263 275 2318993
1 0.333002 4750 263 270 2245272
1 0.334002 4839 0 71 2336829
1 0.335002 4758 256 269 2326185
1 0.336003 4843 1 68 2268820
1 0.337003 4710 270 265 2367846
1 0.338002 4623 258 240 2234503
1 0.339002 4782 0 48 2333916
1 0.340003 4634 279 240 2303735
1 0.341003 4709 0 53 2242478
1 0.342002 4668 262 226 2296012
1 0.343002 4644 263 250 2238899
1 0.344003 4776 3 55 2277707
1 0.345003 4641 270 251 2228214
1 0.346003 4808 0 56 2262456
1 0.347002 4842 252 261 2307200
1 0.348003 4709 287 265 2275817
1 0.349003 4657 0 47 2341043
1 0.350003 4815 247 262 2326009
1 0.351002 4900 0 68 2257705
1 0.352003 4683 268 253 2324971
1 0.353003 4647 275 261 2250584
1 0.354003 4971 0 58 2335261
1 0.355002 4805 269 249 2328546
1 0.356003 4649 1 66 2330297
1 0.357003 4637 285 252 2302069
1 0.358003 4694 299 259 2226919
1 0.359002 4638 0 50 2302264
1 0.360003 4720 286 242 2272041
1 0.361003 4806 0 57 2334589
1 0.362003 4747 262 252 2298313
1 0.363002 4557 249 257 2231783
1 0.364003 4756 1 62 2333250
1 0.365003 4670 250 271 2314906
1 0.366003 4683 0 62 2264975
1 0.367002 4595 259 258 2301301
1 0.368003 4686 258 249 2226495
1 0.369003 4758 0 67 2304050
1 0.370003 4577 262 259 2240988
1 0.371002 4770 0 63 2338223
1 0.372003 4601 269 265 2301577
1 0.373003 4639 269 242 2227601
1 0.374002 4659 0 59 2299386
1 0.375002 4652 275 258 2257462
1 0.376003 4688 1 50 2335550
1 0.377003 4589 258 257 2328348
1 0.378003 4663 0 70 2257799
1 0.379002 4678 276 246 2325728
1 0.380003 4596 270 276 2248016
1 0.381003 4727 0 66 2336187
1 0.382003 4571 261 258 2329469
1 0.383002 4805 0 56 2336754
1 0.384003 4590 250 261 2270614
1 0.385003 4697 284 240 2238419
1 0.386003 4618 0 58 2337042
1 0.387002 4693 264 271 2310683
1 0.388003 4729 1 60 2284572
1 0.389003 4544 296 242 2308419
1 0.390003 4484 263 191 2255692
1 0.391002 4646 6 113 2327966
1 0.392003 4588 273 267 2272563
1 0.393003 4673 0 68 2339914
1 0.394003 4642 269 248 2299261
1 0.395002 4712 0 57 2245714
1 0.396003 4501 265 259 2268919
1 0.397003 4457 270 257 2240559
1 0.398003 4775 0 55 2329968
1 0.399002 4703 256 259 2329197
1 0.400003 4817 1 72 2334113
1 0.401003 4584 279 241 2325357
1 0.402003 4717 0 56 2256924
1 0.403003 4741 266 261 2328114
1 0.404003 4630 258 254 2242887
1 0.405003 4648 0 54 2336713
1 0.406003 4622 272 272 2329561
1 0.407003 4695 0 55 2339813
1 0.408003 4744 262 256 2319963
1 0.409003 4467 276 249 2251977
1 0.410003 4670 0 61 2322915
1 0.411003 4592 248 251 2248989
1 0.412003 4727 1 53 2335683
1 0.413003 4640 269 263 2299615
1 0.414003 4647 0 54 2237355
1 0.415003 4644 260 259 2293190
1 0.416003 4738 264 247 2222490
1 0.417003 4759 0 51 2318027
1 0.418003 4620 240 249 2326158
1 0.419002 4723 0 66 2337835
1 0.420003 4710 261 252 2264916
1 0.421003 4794 0 61 2246219
1 0.422003 4636 258 253 2302872
1 0.423003 4568 237 248 2231939
1 0.424003 4763 1 53 2319207
1 0.425003 4692 279 249 2329515
1 0.426003 4791 0 51 2339103
1 0.427002 4626 272 239 2296536
1 0.428003 4651 1 52 2232260
1 0.429003 4559 279 242 2295260
1 0.430003 4473 282 246 2223697
1 0.431002 4761 0 57 2320224
1 0.432003 4626 283 241 2324443
1 0.433003 4664 0 48 2340112
1 0.434003 4503 250 265 2302591
1 0.435003 4676 0 55 2236623
1 0.436003 4631 276 266 2290872
1 0.437003 4637 276 249 2230538
1 0.438003 4689 0 70 2305147
1 0.439003 4545 261 273 2227060
1 0.440003 4574 1 36 2244435
1 0.441003 4751 282 260 2294122
1 0.442003 4699 0 64 2237342
1 0.443002 4629 260 242 2298128
1 0.444003 4564 273 259 2225546
1 0.445003 4658 0 73 2301883
1 0.446003 4551 281 260 2225352
1 0.447003 4618 0 72 2253117
1 0.448003 4575 264 243 2329189
1 0.449003 4643 0 64 2258130
1 0.450003 4607 251 273 2297692
1 0.451002 4486 232 241 2225654
1 0.452003 4652 1 54 2275875
1 0.453003 4582 284 241 2226910
1 0.454003 4654 0 51 2257874
1 0.455002 4577 242 257 2325441
1 0.456003 4553 1 56 2255757
1 0.457003 4685 283 241 2294909
1 0.458003 4562 283 246 2238838
1 0.459002 4594 0 53 2302101
1 0.460003 4663 268 234 2232355
1 0.461003 4764 0 62 2338647
1 0.462003 4489 277 246 2305842
1 0.463002 4611 0 63 2265947
1 0.464003 4631 257 249 2302190
1 0.465003 4602 270 253 2227119
1 0.466003 4754 0 72 2327986
1 0.467002 4704 260 278 2325084
1 0.468007 4645 1 60 2272743
1 0.469003 4650 287 260 2270156
1 0.470003 4596 261 260 2239991
1 0.471002 4648 0 59 2305188
1 0.472003 4431 262 251 2234850
1 0.473003 4527 0 49 2338781
1 0.474003 4653 245 241 2310954
1 0.475002 4617 0 45 2263648
1 0.476003 4628 258 261 2322057
1 0.477003 4660 276 241 2248105
1 0.478003 4737 0 61 2335458
1 0.479002 4559 257 250 2332960
1 0.480003 4800 1 46 2336528
1 0.481003 4623 267 239 2328240
1 0.482003 4777 0 53 2335801
1 0.483002 4700 251 258 2303795
1 0.484003 4649 281 251 2224816
1 0.485003 4687 0 54 2305964
1 0.486003 4528 280 251 2250657
1 0.487002 4708 0 52 2337450
1 0.488003 4729 278 262 2324027
1 0.489003 4766 0 57 2335570
1 0.490003 4564 276 260 2301216
1 0.491002 4621 252 173 2230945
1 0.492003 4671 9 115 2301443
1 0.493003 4561 264 258 2252799
1 0.494003 4689 0 61 2339096
1 0.495003 4768 235 273 2323757
1 0.496003 4783 1 60 2331232
1 0.497003 4595 277 252 2296105
1 0.498003 4504 258 251 2228532
1 0.499002 4593 0 51 2304939
1 0.500003 4579 274 247 2224284
1 0.501003 4673 0 45 2244185
1 0.502003 4727 274 258 2276804
1 0.503003 4636 0 56 2238721
1 0.504003 4598 271 252 2290922
1 0.505003 4672 261 238 2225743
1 0.506003 4609 0 56 2325349
1 0.507002 4587 255 246 2328740
1 0.508003 4688 1 42 2253899
1 0.509003 4643 252 254 2328409
1 0.510003 4688 0 58 2256857
1 0.511002 4774 291 260 2284660
1 0.512003 6623 243 256 2227152
1 0.513003 4977 3 51 2443200
1 0.514003 7104 265 267 2878465
1 0.515003 5052 3 106 2421576
1 0.516003 11967 101 223 2314517
1 0.517003 4127 3 57 2394463
1 0.518004 9300 122 187 2249440
1 0.519004 2590 0 21 2256562
1 0.520003 2922 2 41 2324664
1 0.521004 8788 199 244 2333590
1 0.522003 4546 0 43 2257577
1 0.523003 4891 299 237 2275633
1 0.524003 5254 275 259 2220072
1 0.525003 4558 0 48 2322799
1 0.526003 4609 290 206 2324304
1 0.527003 5043 3 58 2337650
1 0.528003 6432 287 274 2320052
1 0.529004 3434 0 40 2344403
1 0.530003 2825 292 214 2336299
1 0.531002 3112 0 22 2347886
1 0.532003 2724 3 20 2257896
1 0.533003 4491 283 243 2331918
1 0.534003 4544 0 58 2335828
1 0.535002 4521 259 251 2299813
1 0.536003 4529 4 36 2227645
1 0.537003 4452 312 247 2292491
1 0.538003 4523 297 250 2228635
1 0.539002 4588 2 55 2304609
1 0.540004 4911 277 256 2230156
1 0.541003 4641 0 39 2237279
1 0.542004 8837 181 228 2298215
1 0.543004 4717 3 73 2235118
1 0.544004 7619 281 231 2315398
1 0.545003 7978 279 237 2308904
1 0.546003 4628 0 53 2231795
1 0.547002 4954 273 253 2228806
1 0.548003 4477 1 55 2314458
1 0.549003 4629 281 239 2324745
1 0.550003 4594 0 51 2342224
1 0.551002 4523 265 232 2326818
1 0.552003 4639 4 75 2273352
1 0.553003 4522 293 240 2311472
1 0.554003 4517 262 254 2256022
1 0.555003 4664 0 56 2338829
1 0.556003 4570 300 240 2319649
1 0.557003 4513 0 47 2337140
1 0.558003 4875 282 240 2330863
1 0.559002 4558 0 39 2336114
1 0.560004 4602 275 226 2281528
1 0.561003 4542 0 57 2234523
1 0.562003 4585 291 270 2305030
1 0.563002 4499 263 249 2247193
1 0.564003 4673 1 54 2337102
1 0.565003 4645 280 258 2325806
1 0.566003 4622 0 55 2340053
1 0.567002 4621 263 247 2324200
1 0.568003 4565 3 54 2257583
1 0.569003 4519 293 255 2292260
1 0.570003 4653 24 51 2246020
1 0.571002 4582 25 103 2334075
1 0.572003 4545 267 286 2322852
1 0.573003 4605 2 63 2336313
1 0.574003 4587 253 279 2326552
1 0.575003 4567 0 40 2255330
1 0.576003 4586 279 253 2267503
1 0.577003 4546 0 52 2246393
1 0.578003 4578 286 252 2325265
1 0.579002 4552 283 243 2326340
1 0.580003 4597 2 55 2334293
1 0.581003 4576 285 239 2327112
1 0.582003 4586 0 51 2255595
1 0.583002 4540 267 246 2293929
1 0.584003 4560 2 55 2244811
1 0.585003 4577 272 247 2299135
1 0.586003 4469 265 259 2228205
1 0.587002 4555 0 54 2301263
1 0.588003 4550 282 241 2274756
1 0.589003 4610 0 43 2333702
1 0.590003 4519 255 236 2325427
1 0.591002 4558 0 35 2334618
1 0.592003 4498 352 241 2298353
1 0.593003 4650 0 59 2236003
1 0.594003 4570 289 245 2297630
1 0.595002 4441 271 247 2251719
1 0.596003 4625 2 50 2327833
1 0.597003 4636 273 257 2329382
1 0.598003 4733 0 66 2335683
1 0.599002 4604 250 252 2305249
1 0.600003 4627 1 68 2232311
1 0.601003 4585 275 251 2296819
1 0.602003 4575 289 254 2252723
1 0.603002 4701 0 59 2337042
1 0.604003 4610 282 252 2244820
1 0.605003 4704 0 74 2308111
1 0.606003 4326 268 234 2230768
1 0.607002 4678 0 47 2256827
1 0.608003 4588 252 245 2320246
1 0.609003 4687 70 58 2256715
1 0.610003 4630 8 126 2300406
1 0.611002 4595 285 252 2228888
1 0.612003 4521 2 54 2325346
1 0.613003 4685 288 259 2329090
1 0.614003 4565 0 41 2258758
1 0.615002 4572 288 249 2304834
1 0.616003 4607 1 44 2234548
1 0.617003 4568 286 240 2300597
1 0.618003 4629 254 257 2250120
1 0.619002 4677 0 41 2333881
1 0.620003 4662 274 264 2317988
1 0.621003 4674 0 51 2337079
1 0.622003 4590 259 255 2304596
1 0.623002 4527 0 50 2239162
1 0.624003 4573 258 255 2313767
1 0.625003 4620 267 263 2326097
1 0.626003 4668 0 32 2312181
1 0.627002 4570 271 238 2232741
1 0.628003 4582 1 66 2323826
1 0.629003 4602 269 257 2325619
1 0.630003 4599 0 46 2339079
1 0.631002 4542 245 251 2292646
1 0.632003 4544 1 46 2240970
1 0.633003 4607 252 243 2300553
1 0.634003 4542 269 250 2232507
1 0.635002 4697 0 50 2307470
1 0.636003 4493 248 240 2226386
1 0.637003 4706 0 62 2329883
1 0.638003 4542 285 258 2326734
1 0.639002 4610 0 35 2254948
1 0.640003 4521 264 253 2273002
1 0.641003 4577 277 252 2235010
1 0.642003 4724 0 57 2311604
1 0.643002 4516 276 238 2237923
1 0.644003 4697 1 53 2334850
1 0.645003 4642 263 252 2327834
1 0.646003 4587 0 57 2257657
1 0.647002 4665 273 247 2322869
1 0.648003 4584 276 245 2246807
1 0.649003 4654 0 44 2304416
1 0.650003 4559 260 249 2240696
1 0.651002 4773 0 56 2334900
1 0.652003 4565 252 242 2303639
1 0.653003 4601 0 49 2238450
1 0.654003 4540 280 253 2297275
1 0.655002 4604 0 37 2250142
1 0.656003 4535 358 234 2266698
1 0.657003 4537 253 228 2235599
1 0.658003 4626 0 48 2309252
1 0.659002 4528 271 235 2228548
1 0.660003 4527 1 51 2273680
1 0.661003 4630 271 250 2422606
1 0.662003 4678 0 44 2268011
1 0.663002 4646 250 259 2327516
1 0.664003 4653 275 252 2248950
1 0.665003 4779 0 56 2338989
1 0.666003 4582 253 243 2323549
1 0.667002 4695 0 60 2336659
1 0.668003 4587 245 253 2315117
1 0.669003 4658 0 41 2259007
1 0.670003 4577 255 243 2327584
1 0.671002 4405 302 247 2245516
1 0.672003 4619 1 50 2314910
1 0.673003 4509 275 249 2248677
1 0.674003 4729 0 58 2335414
1 0.675003 4649 248 238 2323552
1 0.676003 4722 1 37 2333172
1 0.677003 4595 271 243 2328671
1 0.678003 4550 255 239 2324154
1 0.679002 4646 0 40 2323070
1 0.680003 4559 275 239 2275142
1 0.681003 4739 0 69 2340185
1 0.682003 4625 265 261 2325999
1 0.683002 4707 0 60 2335542
1 0.684003 4559 265 241 2268078
1 0.685003 4508 266 240 2244002
1 0.686003 4657 0 65 2335878
1 0.687002 4659 271 250 2324256
1 0.688007 4812 1 57 2348675
1 0.689004 4597 293 234 2304423
1 0.690003 4569 0 65 2262846
1 0.691003 4626 244 252 2311146
1 0.692003 4547 269 253 2226423
1 0.693003 4704 0 57 2300921
1 0.694003 4595 257 255 2247651
1 0.695002 4695 0 50 2300758
1 0.696003 4619 275 260 2223941
1 0.697003 4651 0 39 2261044
1 0.698003 4529 284 245 2309114
1 0.699002 4672 0 35 2261427
1 0.700003 4585 8 125 2331614
1 0.701003 4551 274 250 2247122
1 0.702003 4708 0 62 2341535
1 0.703002 4554 245 252 2327577
1 0.704003 4669 1 55 2335889
1 0.705003 4547 262 271 2327519
1 0.706003 4695 0 48 2257174
1 0.707002 4566 251 248 2297281
1 0.708003 4650 285 234 2238033
1 0.709003 4757 0 71 2307696
1 0.710003 4582 255 244 2233449
1 0.711002 4723 0 48 2339439
1 0.712003 4599 263 268 2323128
1 0.713003 4698 0 52 2262234
1 0.714003 4870 260 261 2328674
1 0.715004 4970 247 214 2265014
1 0.716003 5211 4 80 2374045
1 0.717004 5485 285 311 2425603
1 0.718003 4837 290 236 2469303
1 0.719003 4662 0 64 2305766
1 0.720003 4545 255 263 2228407
1 0.721003 4694 0 54 2335011
1 0.722003 4592 265 257 2305077
1 0.723002 4587 0 47 2258747
1 0.724003 4630 272 248 2324270
1 0.725003 4612 281 229 2244371
1 0.726003 4624 0 53 2308114
1 0.727003 4509 261 239 2229082
1 0.728003 4585 1 74 2328453
1 0.729003 4565 263 247 2327880
1 0.730003 4804 0 64 2256078
1 0.731003 4554 269 259 2326242
1 0.732003 4593 275 257 2243285
1 0.733003 4603 0 50 2303223
1 0.734003 4601 263 231 2229230
1 0.735003 4579 0 55 2331378
1 0.736003 4436 246 250 2312389
1 0.737003 4651 0 46 2265695
1 0.738003 4579 312 246 2318531
1 0.739003 4580 0 45 2267491
1 0.740003 4484 293 169 2309274
1 0.741003 4465 278 247 2248150
1 0.742003 4632 0 79 2340339
1 0.743003 4638 262 260 2324531
1 0.744003 4759 1 52 2257264
1 0.745003 4599 270 251 2291551
1 0.746003 4562 0 36 2235609
1 0.747002 4602 278 267 2298751
1 0.748003 4623 283 272 2226167
1 0.749003 4699 0 50 2323421
1 0.750003 4577 281 252 2328876
1 0.751003 4713 0 52 2340456
1 0.752003 4454 286 242 2179461
1 0.753003 4688 0 39 2250882
1 0.754003 4704 278 241 2301561
1 0.755003 4611 255 250 2223877
1 0.756003 4539 1 64 2294280
1 0.757003 4519 278 238 2228422
1 0.758003 4677 0 66 2246956
1 0.759003 4605 274 248 2300316
1 0.760003 4644 1 45 2233324
1 0.761003 4562 298 252 2290201
1 0.762003 4578 260 251 2257913
1 0.763003 4610 0 53 2338202
1 0.764003 4627 268 259 2324995
1 0.765004 4510 0 49 2337997
1 0.766003 4512 256 272 2323231
1 0.767003 4615 0 59 2255595
1 0.768003 4568 291 253 2323891
1 0.769003 4554 248 261 2253072
1 0.770003 4716 0 58 2311434
1 0.771003 4572 268 239 2236670
1 0.772003 4678 1 49 2334563
1 0.773003 4534 264 246 2321506
1 0.774003 4703 0 54 2261556
1 0.775003 4599 259 235 2304149
1 0.776003 4610 268 237 2270286
1 0.777003 4611 0 46 2323002
1 0.778003 4660 268 249 2246231
1 0.779003 4717 0 67 2333688
1 0.780003 4663 258 239 2321605
1 0.781003 4633 0 52 2335817
1 0.782003 4657 265 256 2306930
1 0.783003 4512 298 246 2226376
1 0.784003 4667 1 57 2305842
1 0.785003 4516 288 243 2246208
1 0.786003 4724 0 60 2334702
1 0.787003 4688 264 243 2306197
1 0.788003 4592 1 43 2284788
1 0.789003 4658 251 270 2313521
1 0.790003 4479 314 184 2246108
1 0.791003 4704 8 109 2343252
1 0.792003 4564 266 257 2326340
1 0.793003 4543 0 51 2338979
1 0.794003 4501 261 262 2326636
1 0.795003 4595 0 69 2339417
1 0.796004 4516 256 251 2267365
1 0.797003 4680 3 77 2254895
1 0.798003 7207 206 217 2527855
1 0.799003 5266 274 258 2947035
1 0.800003 4556 2 65 2430567
1 0.801003 4544 271 254 2359351
1 0.802003 4614 0 50 2256025
1 0.803003 4511 288 234 2327812
1 0.804003 4577 1 63 2240184
1 0.805003 4551 304 273 2325884
1 0.806003 4488 293 229 2247572
1 0.807003 4621 0 56 2308343
1 0.808003 4698 288 249 2223654
1 0.809003 4729 0 58 2330085
1 0.810003 4652 267 251 2308845
1 0.811003 4558 0 57 2238827
1 0.812003 4498 265 260 2308949
1 0.813003 4506 269 273 2352844
1 0.814003 4632 0 64 2419416
1 0.815003 4568 266 266 2324911
1 0.816003 4601 1 65 2330998
1 0.817003 4349 276 252 2326580
1 0.818003 4591 0 45 2333935
1 0.819003 4587 265 254 2302249
1 0.820003 4625 293 255 2226761
1 0.821003 4656 0 47 2329252
1 0.822003 4677 257 250 2326692
1 0.823003 4668 0 61 2257046
1 0.824003 4667 250 273 2324187
1 0.825003 4654 263 257 2323805
1 0.826003 4760 0 58 2336777
1 0.827003 4657 284 264 2326326
1 0.828003 4597 1 68 2334798
1 0.829003 4665 278 263 2394579
1 0.830003 4813 0 52 2333929
1 0.831003 4705 265 250 2306580
1 0.832003 4765 280 257 2272870
1 0.833003 4704 0 71 2337310
1 0.834003 4539 251 260 2327852
1 0.835003 4710 0 59 2335495
1 0.836003 4608 273 256 2297785
1 0.837003 4726 278 238 2236265
1 0.838003 4545 0 61 2313182
1 0.839003 4626 258 234 2226944
1 0.840003 4742 1 61 2317732
1 0.841003 4734 312 256 2325038
1 0.842003 4658 0 62 2336579
1 0.843003 4781 250 260 2293707
1 0.844003 4597 259 258 2222772
1 0.845003 4750 0 61 2337843
1 0.846003 4723 253 241 2306410
1 0.847003 4740 0 57 2237641
1 0.848003 4657 291 269 2293922
1 0.849003 4744 257 263 2227423
1 0.850003 4753 0 61 2328867
1 0.851003 4709 249 245 2323477
1 0.852003 4924 1 62 2328062
1 0.853003 4690 281 248 2316820
1 0.854003 4742 0 46 2261220
1 0.855003 4655 258 256 2319999
1 0.856003 4758 285 265 2273007
1 0.857003 4839 0 70 2332221
1 0.858003 4688 237 258 2329692
1 0.859003 4611 0 63 2341049
1 0.860003 4523 342 283 2321027
1 0.861003 4595 243 248 2326547
1 0.862003 4736 0 58 2314588
1 0.863003 4721 282 262 2229543
1 0.864003 4648 1 53 2254325
1 0.865003 4642 267 251 2326996
1 0.866003 4810 257 193 2249716
1 0.867003 4749 6 117 2343710
1 0.868003 4601 277 245 2243639
1 0.869003 4787 0 55 2335081
1 0.870003 4744 266 249 2301837
1 0.871003 4861 0 69 2239959
1 0.872003 4668 270 262 2310480
1 0.873003 4663 249 254 2330332
1 0.874003 4800 0 56 2313400
1 0.875003 4789 292 250 2230904
1 0.876003 4771 1 69 2324402
1 0.877003 4718 289 246 2324913
1 0.878003 4710 250 251 2251893
1 0.879003 4686 0 66 2335269
1 0.880003 4603 265 241 2325283
1 0.881003 4550 0 55 2342634
1 0.882003 4739 270 269 2422712
1 0.883003 4754 0 62 2346777
1 0.884003 4679 285 261 2321419
1 0.885003 4608 287 269 2325388
1 0.886003 4664 0 65 2342235
1 0.887003 4617 267 252 2392875
1 0.888003 4744 1 51 2335319
1 0.889003 4617 259 259 2326161
1 0.890003 4606 264 259 2324193
1 0.891003 4782 0 61 2335072
1 0.892003 4686 275 258 2303303
1 0.893003 4743 0 49 2265780
1 0.894003 4567 274 264 2308522
1 0.895003 4571 273 260 2251159
1 0.896003 4791 1 51 2333250
1 0.897003 4685 280 250 2327878
1 0.898003 4759 0 63 2339675
1 0.899003 4537 265 266 2291766
1 0.900003 4577 1 55 2243337
1 0.901003 4634 278 253 2326019
1 0.902003 4647 263 262 2326783
1 0.903003 4602 0 60 2337216
1 0.904003 4597 284 265 2329039
1 0.905003 4655 0 70 2337270
1 0.906003 4498 282 248 2293572
1 0.907003 4719 0 57 2252742
1 0.908003 4657 245 254 2269702
1 0.909003 4627 241 245 2239679
1 0.910003 4629 0 54 2304162
1 0.911003 4619 253 257 2225059
1 0.912003 4724 1 64 2238549
1 0.913003 4501 252 269 2294194
1 0.914003 4612 259 253 2223872
1 0.915003 4531 0 48 2305781
1 0.916003 4572 260 251 2223309
1 0.917003 4537 0 62 2304558
1 0.918003 4511 251 259 2242527
1 0.919003 4603 0 60 2334059
1 0.920003 4648 260 262 2388561
1 0.921004 4649 277 247 2328805
1 0.922003 4765 0 57 2308068
1 0.923003 4643 252 254 2238497
1 0.924003 4710 1 56 2354616
1 0.925003 4596 267 270 2426002
1 0.926003 4686 0 64 2268542
1 0.927003 4724 276 253 2323175
1 0.928003 4652 275 259 2324514
1 0.929003 4691 0 61 2333938
1 0.930003 4638 261 256 2323879
1 0.931003 4682 0 55 2258338
1 0.932003 4476 255 263 2326129
1 0.933003 4513 256 260 2340135
1 0.934003 4763 0 71 2418361
1 0.935003 4603 253 263 2324338
1 0.936003 4619 1 39 2329729
1 0.937003 4658 272 258 2326071
1 0.938003 4716 0 42 2256603
1 0.939003 4664 260 243 2329796
1 0.940003 4683 283 249 2323990
1 0.941003 4693 0 61 2333689
1 0.942003 4613 244 240 2325916
1 0.943003 4661 0 48 2255762
1 0.944003 4639 258 251 2322310
1 0.945003 4632 0 49 2264427
1 0.946003 4704 263 242 2324256
1 0.947003 4754 258 246 2322704
1 0.948003 4798 1 54 2332142
1 0.949003 4578 267 258 2324017
1 0.950003 4673 0 44 2335408
1 0.951003 4583 266 259 2305171
1 0.952003 4640 1 49 2240706
1 0.953003 4545 279 249 2306003
1 0.954003 4536 282 247 2226815
1 0.955003 4634 0 59 2330407
1 0.956003 4533 256 253 2326770
1 0.957003 4636 0 56 2259031
1 0.958003 4592 276 251 2321083
1 0.959003 4675 0 54 2261928
1 0.960003 4607 379 272 2322029
1 0.961003 4615 286 257 2328915
1 0.962003 4650 0 57 2334711
1 0.963003 4585 257 243 2326594
1 0.964003 4603 1 38 2334638
1 0.965003 4701 268 254 2328105
1 0.966003 4614 269 185 2249190
1 0.967003 4717 7 106 2307217
1 0.968003 4478 292 249 2233929
1 0.969003 4662 0 56 2334006
1 0.970003 4585 259 254 2311471
1 0.971003 4709 0 57 2259569
1 0.972003 4583 257 238 2328088
1 0.973003 4484 0 46 2262070
1 0.974003 4582 272 250 2294460
1 0.975003 4566 254 261 2238421
1 0.976003 4632 1 57 2282651
1 0.977003 4565 259 254 2224341
1 0.978003 4657 0 66 2326568
1 0.979002 4545 247 249 2326789
1 0.980003 4675 1 67 2261394
1 0.981003 4716 259 258 2284856
1 0.982003 4518 273 259 2244897
1 0.983002 4778 0 54 2332047
1 0.984003 4625 274 278 2326266
1 0.985003 4716 0 69 2335160
1 0.986003 4704 248 253 2307420
1 0.987002 4635 0 52 2234119
1 0.988003 4628 255 235 2269673
1 0.989003 4668 276 221 2231725
1 0.990003 4755 0 51 2304419
1 0.991002 4618 263 240 2245193
1 0.992003 4706 1 46 2334606
1 0.993003 4600 275 265 2306737
1 0.994003 4702 3 45 2236371
1 0.995002 4567 7 114 2299960
1 0.996003 4491 300 253 2221668
1 0.997003 4620 0 58 2328044
1 0.998003 4627 271 245 2326870
1 0.999002 4618 0 59 2259860
1 1.000003 4551 267 260 2273986
1 1.001003 4642 253 249 2231418
1 1.002003 4670 0 50 2303857
1 1.003003 4658 255 255 2225452
1 1.004003 4701 1 54 2333270
1 1.005003 4597 263 282 2326422
1 1.006003 4655 0 41 2256382
1 1.007002 4728 251 266 2325227
1 1.008003 4591 280 249 2244589
1 1.009003 4634 0 46 2308983
1 1.010003 4582 251 239 2234515
1 1.011002 4750 0 47 2334775
1 1.012003 4713 268 276 2308705
1 1.013003 4672 0 55 2256591
1 1.014003 4556 276 251 2313198
1 1.015002 4550 251 243 2253359
1 1.016003 4717 1 41 2334860
1 1.017003 4962 272 261 2328252
1 1.018003 4691 0 59 2341537
1 1.019003 4659 256 255 2295920
1 1.020003 4666 264 255 2222576
1 1.021003 4725 0 51 2305324
1 1.022003 4526 270 243 2235848
1 1.023002 4550 0 52 2323982
1 1.024003 4626 261 243 2324907
1 1.025003 4704 0 52 2256690
1 1.026003 4682 248 262 2325004
1 1.027002 4582 298 250 2247134
1 1.028003 4733 1 42 2283748
1 1.029003 4589 266 237 2239166
1 1.030003 4786 0 53 2332976
1 1.031003 4570 249 243 2303843
1 1.032003 4664 1 40 2237838
1 1.033003 4708 257 258 2302329
1 1.034003 4639 277 255 2245543
1 1.035002 4663 0 74 2320205
1 1.036003 4686 235 259 2272872
1 1.037003 4642 0 43 2335420
1 1.038003 4579 256 251 2327273
1 1.039002 4557 0 44 2336921
1 1.040003 4500 282 241 2294641
1 1.041003 4435 264 249 2239115
1 1.042003 4628 0 52 2304402
1 1.043003 4497 257 246 2227074
1 1.044003 4504 1 42 2325441
1 1.045003 4457 272 253 2327992
1 1.046003 4533 0 41 2257190
1 1.047002 4568 293 249 2331816
1 1.048003 4535 1 43 2246933
1 1.049003 4606 273 230 2329175
1 1.050003 4546 256 239 2244319
1 1.051002 4569 0 44 2334388
1 1.052003 4564 270 250 2322508
1 1.053003 4644 0 59 2332738
1 1.054003 4583 262 241 2303144
1 1.055003 4578 0 54 2239352
1 1.056003 4418 249 266 2291205
1 1.057003 4634 0 50 2264632
1 1.058003 4525 278 245 2314172
1 1.059002 4463 292 231 2245510
1 1.060003 4672 1 59 2334776
1 1.061003 4644 259 260 2325378
1 1.062003 4719 0 62 2338861
1 1.063002 4603 277 243 2306426
1 1.064003 4625 1 43 2231554
1 1.065003 4586 271 247 2298150
1 1.066003 4526 267 241 2253341
1 1.067002 4735 0 65 2336625
1 1.068003 4656 265 242 2322234
1 1.069003 4746 0 50 2337193
1 1.070003 4587 250 246 2294313
1 1.071003 4545 0 51 2247789
1 1.072003 4531 270 246 2320903
1 1.073003 4477 270 238 2328347
1 1.074003 4594 0 48 2335396
1 1.075003 4520 270 234 2327803
1 1.076003 4610 1 39 2330884
1 1.077003 4478 284 268 2325346
1 1.078003 4598 0 46 2337127
1 1.079003 4563 251 255 2325988
1 1.080003 4545 296 247 2327237
1 1.081003 4644 0 53 2333346
1 1.082003 4572 266 249 2327273
1 1.083003 4663 0 51 2334663
1 1.084003 4642 263 264 2321511
1 1.085003 4608 0 62 2339697
1 1.086003 4542 262 247 2322736
1 1.087003 4672 0 51 2337884
1 1.088003 4628 280 270 2325731
1 1.089003 4464 257 246 2327955
1 1.090003 4581 0 54 2339926
1 1.091003 4640 278 259 2325425
1 1.092003 4701 1 60 2332879
1 1.093003 4605 286 252 2325337
1 1.094003 4664 0 58 2335405
1 1.095003 4623 256 259 2325178
1 1.096003 4548 282 248 2240518
1 1.097003 4647 0 45 2338276
1 1.098003 4589 313 255 2326766
1 1.099003 4655 0 53 2335453
1 1.100003 4595 351 237 2312876
1 1.101003 4591 0 41 2263500
1 1.102003 4594 258 252 2309217
1 1.103003 4663 0 60 2261441
1 1.104003 4550 271 261 2323164
1 1.105003 4465 276 255 2325735
1 1.106003 4600 0 49 2333374
1 1.107003 4629 250 242 2325384
1 1.108003 4637 1 52 2336417
1 1.109003 4618 275 265 2326665
1 1.110003 4583 0 49 2337290
1 1.111003 4530 270 248 2291491
1 1.112003 4515 285 239 2236266
1 1.113003 4559 0 56 2339761
1 1.114003 4485 255 243 2328516
1 1.115002 4620 0 53 2333729
1 1.116003 4585 279 250 2325577
1 1.117003 4654 0 50 2250479
1 1.118003 4570 282 248 2328300
1 1.119003 4636 0 68 2332713
1 1.120003 4596 264 236 2324502
1 1.121003 4602 250 255 2249109
1 1.122003 4612 0 52 2335714
1 1.123003 4456 259 251 2324846
1 1.124003 4765 1 49 2335911
1 1.125003 4584 269 233 2378787
1 1.126003 4660 0 60 2259651
1 1.127003 4607 256 249 2313528
1 1.128003 4618 299 254 2270354
1 1.129003 4527 0 54 2332530
1 1.130003 4554 256 259 2322972
1 1.131003 4628 0 47 2337484
1 1.132003 4629 269 258 2269060
1 1.133003 4607 0 45 2238544
1 1.134003 4593 258 241 2295074
1 1.135003 4526 299 238 2227099
1 1.136003 4642 3 55 2323351
1 1.137003 4510 259 244 2325424
1 1.138003 4637 0 57 2334650
1 1.139003 4547 273 255 2329829
1 1.140003 4664 1 49 2337088
1 1.141003 4598 280 247 2322264
1 1.142003 4804 268 256 2325442
1 1.143003 4420 4 59 2175142
1 1.144004 13022 97 228 2215433
1 1.145005 4690 7 70 2165910
1 1.146004 9611 273 227 2363911
1 1.147003 4561 0 43 2242305
1 1.148003 4793 281 265 2247850
1 1.149003 4577 0 59 2336493
1 1.150003 4943 191 248 2326515
1 1.151003 4612 270 192 2250464
1 1.152003 4669 10 112 2329966
1 1.153003 4590 298 242 2329829
1 1.154003 4556 0 45 2332804
1 1.155003 4479 276 251 2326536
1 1.156004 4533 3 73 2314938
1 1.157003 5362 273 231 2228128
1 1.158003 4495 0 39 2319412
1 1.159002 4647 263 263 2330481
1 1.160003 4503 269 247 2245654
1 1.161003 4590 0 56 2338725
1 1.162003 4532 263 248 2326923
1 1.163003 4579 0 69 2337942
1 1.164003 4445 278 243 2323365
1 1.165003 4644 0 49 2337715
1 1.166003 4612 261 254 2327927
1 1.167002 4609 0 53 2335463
1 1.168003 4554 265 253 2324673
1 1.169003 4462 250 242 2244247
1 1.170003 4531 0 63 2337234
1 1.171003 4541 262 229 2327528
1 1.172003 4622 1 56 2334744
1 1.173003 4502 277 260 2329489
1 1.174003 4411 0 44 2255169
1 1.175003 4451 251 244 2328074
1 1.176003 4548 1 52 2255632
1 1.177003 4383 264 248 2296455
1 1.178003 4472 259 250 2226079
1 1.179003 4618 0 45 2304152
1 1.180003 4559 277 252 2221489
1 1.181003 4550 0 41 2251807
1 1.182003 4531 266 249 2330036
1 1.183003 4634 0 52 2254276
1 1.184003 4512 289 259 2270783
1 1.185003 4429 258 184 2222251
1 1.186003 4577 8 90 2313936
1 1.187003 4436 273 236 2227691
1 1.188003 4518 1 60 2332473
1 1.189004 4468 337 260 2401487
1 1.190003 4575 0 43 2333356
1 1.191003 4632 268 250 2324947
1 1.192003 4664 2 47 2335140
1 1.193003 4555 287 245 2322456
1 1.194003 4595 258 246 2323786
1 1.195003 4659 0 61 2353868
1 1.196003 4624 268 266 2424957
1 1.197003 4557 0 43 2340911
1 1.198003 4552 277 242 2324284
1 1.199003 4709 0 59 2259352
1 1.200003 4613 291 263 2321669
1 1.201003 4608 287 256 2323888
1 1.202003 4707 0 63 2334335
1 1.203003 4608 255 247 2321215
1 1.204003 4589 3 59 2329847
1 1.205003 4574 288 243 2325655
1 1.206003 4543 0 61 2256952
1 1.207003 4545 271 253 2327429
1 1.208003 4496 299 250 2246744
1 1.209003 4643 0 48 2336483
1 1.210003 4584 252 248 2325627
1 1.211003 4636 0 48 2339063
1 1.212003 4657 283 261 2318451
1 1.213003 4627 0 49 2254042
1 1.214003 4569 248 253 2322433
1 1.215003 4621 0 39 2254957
1 1.216003 4497 366 247 2325795
1 1.217003 4579 254 263 2326367
1 1.218003 4577 0 51 2298295
1 1.219003 4496 254 248 2241192
1 1.220003 4200 4 63 2398234
1 1.221003 8670 192 236 2310123
1 1.222003 4553 0 45 2614247
1 1.223003 5299 272 246 2329788
1 1.224003 4700 2 63 2329916
1 1.225003 4573 292 239 2321659
1 1.226003 4558 261 243 2250353
1 1.227003 4674 0 58 2337921
1 1.228003 4683 277 247 2316465
1 1.229003 4645 0 54 2334908
1 1.230003 4580 275 258 2324129
1 1.231003 4534 232 187 2321658
1 1.232003 4637 5 112 2315461
1 1.233003 4640 303 249 2229496
1 1.234003 4688 0 53 2325339
1 1.235003 4656 243 240 2329623
1 1.236003 4660 1 53 2326991
1 1.237003 4572 281 264 2298293
1 1.238003 4647 0 53 2239016
1 1.239003 4494 422 227 2294688
1 1.240003 4466 260 263 2228186
1 1.241003 4661 0 76 2321916
1 1.242003 4602 267 262 2327255
1 1.243003 4632 0 60 2257616
1 1.244003 4590 244 263 2320457
1 1.245003 4589 0 62 2260116
1 1.246003 4565 287 236 2324149
1 1.247003 4558 275 257 2242207
1 1.248003 4768 2 58 2332622
1 1.249003 4661 277 266 2320400
1 1.250003 4649 0 56 2254859
1 1.251003 4522 269 248 2326072
1 1.252003 4691 2 66 2255922
1 1.253003 4485 318 248 2327139
1 1.254003 4438 268 250 2247525
1 1.255003 4669 0 46 2335413
1 1.256003 4501 263 264 2325121
1 1.257003 4695 0 57 2337853
1 1.258003 4605 250 245 2325575
1 1.259003 4613 0 53 2336817
1 1.260003 4514 262 252 2299116
1 1.261003 4593 281 247 2258988
1 1.262003 4764 0 57 2315154
1 1.263003 4622 244 255 2227349
1 1.264003 4650 1 49 2257806
1 1.265003 4662 245 257 2324268
1 1.266003 4776 0 52 2261381
1 1.267003 4661 246 243 2329223
1 1.268003 4621 245 257 2241325
1 1.269003 4710 0 50 2335062
1 1.270003 4503 260 246 2323458
1 1.271003 4664 0 54 2338738
1 1.272003 4569 273 240 2326319
1 1.273003 4660 0 61 2339758
1 1.274003 4534 246 262 2328523
1 1.275003 4671 263 256 2320581
1 1.276003 4692 1 61 2330377
1 1.277003 4587 282 247 2327615
1 1.278003 4632 0 49 2256235
1 1.279003 4547 292 269 2298663
1 1.280003 4664 1 59 2237300
1 1.281003 4586 259 261 2295825
1 1.282003 4568 271 234 2228768
1 1.283003 4533 0 54 2322318
1 1.284003 4474 271 275 2322643
1 1.285003 4604 0 46 2258006
1 1.286003 4602 267 265 2327081
1 1.287003 4580 0 43 2337758
1 1.288003 4652 268 270 2324764
1 1.289003 4594 276 263 2326287
1 1.290003 4605 0 47 2307098
1 1.291003 4655 257 243 2237445
1 1.292003 4689 1 51 2333291
1 1.293003 4569 249 259 2324418
1 1.294003 4642 0 62 2257062
1 1.295003 4612 283 257 2325362
1 1.296003 4697 278 261 2245741
1 1.297003 4625 0 53 2329513
1 1.298003 4669 331 242 2328268
1 1.299003 4632 0 51 2340620
1 1.300003 4646 260 254 2295349
1 1.301003 4478 0 46 2238299
1 1.302003 4593 286 252 2294741
1 1.303003 4549 258 250 2224984
1 1.304003 4699 1 41 2304768
1 1.305003 4600 253 253 2226356
1 1.306003 4483 0 42 2327501
1 1.307003 4618 256 258 2328705
1 1.308003 4616 1 69 2253306
1 1.309003 4645 276 272 2323253
1 1.310003 4470 319 250 2251142
1 1.311003 4648 0 57 2335420
1 1.312003 4410 270 249 2323018
1 1.313003 4552 0 48 2341049
1 1.314003 4628 261 256 2319331
1 1.315003 4646 0 46 2262441
1 1.316003 4476 250 256 2309494
1 1.317003 4568 253 176 2249679
1 1.318003 4553 6 118 2328996
1 1.319003 4534 274 254 2242886
1 1.320003 4657 1 49 2335091
1 1.321003 4470 252 248 2331407
1 1.322003 4617 0 48 2338343
1 1.323003 4529 267 246 2324834
1 1.324003 4663 1 43 2279652
1 1.325003 4560 289 260 2327154
1 1.326003 4532 275 249 2248289
1 1.327003 4665 0 45 2337383
1 1.328003 4499 252 267 2325311
1 1.329003 4533 0 42 2257248
1 1.330003 4556 264 247 2294825
1 1.331003 4601 0 40 2249380
1 1.332003 4587 271 248 2266654
1 1.333003 4610 289 242 2229050
1 1.334003 4617 0 51 2328208
1 1.335003 4593 244 253 2322831
1 1.336003 4593 1 53 2258245
1 1.337003 4595 262 256 2294827
1 1.338003 4714 0 56 2251625
1 1.339003 4569 524 264 2296491
1 1.340003 4696 267 276 2225612
1 1.341003 4759 0 67 2330606
1 1.342003 4635 291 262 2311688
1 1.343003 4709 0 58 2253072
1 1.344003 4710 264 237 2323314
1 1.345003 4649 279 247 2248187
1 1.346003 4712 0 70 2339284
1 1.347003 4754 256 256 2323060
1 1.348003 4940 1 68 2334045
1 1.349003 4600 275 246 2324002
1 1.350003 4873 0 66 2336479
1 1.351003 4747 272 257 2328603
1 1.352003 4711 278 254 2322676
1 1.353003 4713 0 44 2337019
1 1.354003 4694 253 268 2305383
1 1.355003 4752 0 50 2267101
1 1.356003 4708 290 257 2305139
1 1.357003 4566 259 281 2252564
1 1.358003 4572 0 66 2349928
1 1.359003 4490 318 260 2422160
1 1.360003 4778 1 62 2415806
1 1.361003 4727 275 253 2292739
1 1.362003 4766 0 58 2245941
1 1.363003 4778 265 256 2296907
1 1.364003 4748 251 248 2231708
1 1.365003 4725 0 63 2337921
1 1.366003 4651 275 256 2304160
1 1.367003 4776 0 50 2236714
1 1.368003 4701 276 257 2306554
1 1.369003 4778 265 279 2323880
1 1.370003 4690 0 55 2349419
1 1.371003 4812 239 285 2428957
1 1.372003 4711 1 58 2269652
1 1.373003 4628 268 252 2296046
1 1.374003 4778 254 266 2237813
1 1.375003 4717 0 61 2335812
1 1.376003 4754 269 251 2323165
1 1.377003 4851 0 55 2338628
1 1.378003 4664 274 269 2388273
1 1.379003 4669 0 64 2339516
1 1.380003 4639 264 267 2310175
1 1.381003 4629 257 255 2246419
1 1.382003 4778 0 53 2334545
1 1.383003 4738 253 260 2327428
1 1.384003 4724 1 70 2335761
1 1.385003 4720 278 257 2326524
1 1.386003 4626 252 262 2327422
1 1.387003 4714 0 55 2314951
1 1.388003 4737 257 275 2223817
1 1.389004 4712 0 63 2251838
1 1.390003 4703 263 262 2326079
1 1.391003 4798 0 50 2259130
1 1.392003 4825 270 261 2325971
1 1.393003 4803 269 268 2324568
1 1.394003 4672 0 70 2362012
1 1.395003 4748 244 274 2403194
1 1.396003 4740 1 52 2331636
1 1.397003 4617 255 269 2324742
1 1.398003 4775 253 261 2325264
1 1.399003 4841 0 55 2338549
1 1.400003 4719 267 264 2320714
1 1.401003 4740 0 54 2336719
1 1.402003 4617 257 258 2329670
1 1.403003 4496 255 254 2247898
1 1.404003 4831 1 55 2333432
1 1.405003 4608 257 248 2325682
1 1.406003 4666 0 53 2336347
1 1.407003 4725 280 249 2328906
1 1.408003 4836 262 192 2323298
1 1.409003 4808 6 109 2340952
1 1.410003 4655 248 245 2327582
1 1.411003 4650 0 64 2335866
1 1.412003 4642 262 273 2319639
1 1.413003 4736 0 70 2267681
1 1.414003 4546 262 262 2302813
1 1.415003 4473 269 262 2249182
1 1.416003 4742 1 62 2333076
1 1.417003 4582 281 262 2324888
1 1.418003 4515 0 76 2340292
1 1.419003 4597 246 254 2324210
1 1.420003 4591 1 47 2259228
1 1.421003 4512 254 263 2327782
1 1.422003 4565 261 248 2325213
1 1.423003 4595 0 49 2340408
1 1.424003 4722 244 262 2323454
1 1.425003 4710 0 51 2335814
1 1.426003 4681 289 260 2294805
1 1.427003 4596 271 248 2227906
1 1.428003 4579 1 50 2324365
1 1.429003 4570 268 261 2324738
1 1.430003 4705 0 49 2339593
1 1.431003 4646 260 249 2327213
1 1.432003 4670 1 53 2256434
1 1.433003 4492 240 258 2329314
1 1.434003 4455 270 244 2248730
1 1.435003 4743 0 55 2337680
1 1.436003 4549 286 269 2320722
1 1.437003 4665 0 63 2335338
1 1.438003 4598 257 246 2304665
1 1.439003 4686 0 56 2268951
1 1.440003 4745 388 261 2304342
1 1.441003 4662 263 246 2253575
1 1.442003 4589 0 50 2335573
1 1.443003 4574 256 274 2324628
1 1.444003 4722 1 63 2334744
1 1.445003 4599 264 243 2329475
1 1.446003 4653 254 250 2248540
1 1.447003 4662 0 61 2337844
1 1.448003 4605 239 273 2326714
1 1.449003 4738 0 63 2339935
1 1.450003 4652 257 273 2308152
1 1.451003 4717 0 42 2263504
1 1.452003 4593 276 259 2327737
1 1.453003 4524 280 261 2248260
1 1.454003 4680 0 69 2337346
1 1.455003 4684 250 250 2328964
1 1.456003 4659 1 72 2337950
1 1.457003 4688 264 242 2303794
1 1.458003 4796 255 183 2234135
1 1.459003 4704 6 106 2307678
1 1.460003 4564 262 238 2223666
1 1.461003 4778 0 53 2324541
1 1.462003 4738 250 248 2329080
1 1.463003 4638 0 47 2260049
1 1.464003 4726 260 263 2269159
1 1.465003 4665 265 234 2244365
1 1.466003 4764 0 69 2338529
1 1.467003 4647 281 269 2326761
1 1.468003 4712 1 65 2382577
1 1.469003 4618 247 261 2399263
1 1.470003 4643 0 47 2258160
1 1.471003 4565 270 255 2325561
1 1.472003 4541 278 270 2246931
1 1.473003 4560 0 62 2305909
1 1.474003 4603 277 254 2240413
1 1.475003 4631 0 46 2340117
1 1.476003 4641 246 265 2316765
1 1.477003 4727 0 50 2339667
1 1.478003 4527 282 262 2328786
1 1.479003 4588 248 235 2247786
1 1.480003 4772 1 46 2338423
1 1.481003 4550 292 259 2326950
1 1.482003 4723 0 56 2336213
1 1.483003 4665 277 250 2329151
1 1.484003 4689 1 58 2254619
1 1.485003 4661 257 254 2300392
1 1.486003 4525 254 247 2227411
1 1.487003 4629 0 60 2306183
1 1.488003 4556 276 241 2223135
1 1.489003 4633 0 52 2250978
1 1.490003 4552 287 252 2329120
1 1.491003 4658 0 41 2260542
1 1.492003 4644 276 260 2266332
1 1.493003 4559 261 255 2237854
1 1.494003 4700 0 45 2304875
1 1.495003 4541 270 245 2230951
1 1.496003 4534 1 62 2326354
1 1.497003 4559 266 251 2326021
1 1.498003 4656 0 49 2254677
1 1.499003 4555 265 254 2329507
1 1.500003 4571 271 259 2245220
1 1.501003 4628 0 54 2336930
1 1.502003 4677 269 249 2327790
1 1.503002 4723 0 46 2338327
1 1.504003 4566 276 261 2325053
1 1.505003 4770 0 60 2333208
1 1.506003 4628 269 250 2310548
1 1.507003 4654 275 250 2257009
1 1.508003 4787 1 43 2336057
1 1.509003 4610 261 251 2325538
1 1.510003 4592 0 47 2340343
1 1.511003 4538 287 241 2297452
1 1.512003 4729 1 53 2237312
1 1.513003 4455 260 242 2295073
1 1.514003 4555 267 252 2226600
1 1.515002 4569 0 55 2307786
1 1.516003 4444 265 256 2275477
1 1.517004 4580 0 45 2342456
1 1.518004 4619 240 270 2297756
1 1.519003 4625 0 55 2238803
1 1.520003 4530 258 252 2294027
1 1.521003 4647 237 271 2255517
1 1.522003 4633 0 51 2315409
1 1.523002 4511 275 251 2228370
1 1.524003 4665 1 38 2250103
1 1.525003 4712 270 270 2297091
1 1.526003 4623 0 68 2247745
1 1.527003 4507 268 247 2299272
1 1.528003 4596 278 244 2234614
1 1.529003 4688 0 58 2336551
1 1.530003 4661 265 248 2326129
1 1.531003 4621 0 43 2254791
1 1.532003 4574 247 244 2325227
1 1.533003 4614 0 60 2261021
1 1.534003 4603 270 247 2330530
1 1.535003 4556 266 259 2246865
1 1.536003 4706 1 52 2334950
1 1.537003 4584 256 269 2322703
1 1.538003 4696 0 37 2338219
1 1.539003 4564 264 258 2329301
1 1.540003 4528 1 54 2332647
1 1.541004 4537 269 255 2296071
1 1.542003 4555 256 227 2234463
1 1.543003 4684 0 64 2310599
1 1.544003 4650 315 247 2236700
1 1.545003 4693 0 39 2332996
1 1.546003 4577 247 254 2311431
1 1.547003 4617 0 51 2265586
1 1.548003 4590 280 257 2319621
1 1.549003 4510 278 250 2329051
1 1.550003 4527 0 37 2338008
1 1.551003 4623 244 248 2325579
1 1.552003 4624 1 54 2259217
1 1.553003 4631 263 257 2299855
1 1.554003 4724 0 44 2235568
1 1.555003 4462 278 244 2295846
1 1.556003 4535 285 248 2277997
1 1.557003 4548 0 59 2336716
1 1.558003 4483 287 234 2326226
1 1.559002 4609 0 54 2334915
1 1.560003 4522 273 248 2297757
1 1.561003 4521 0 47 2234152
1 1.562003 4424 265 252 2312949
1 1.563003 4534 0 43 2332294
1 1.564003 4483 484 234 2327396
1 1.565003 4432 250 257 2255637
1 1.566003 4611 0 50 2333181
1 1.567003 4519 221 265 2330468
1 1.568004 4671 1 53 2333320
1 1.569003 4557 269 260 2323847
1 1.570003 4533 0 51 2337221
1 1.571003 4558 271 254 2329920
1 1.572003 4630 261 263 2329564
1 1.573003 4497 0 65 2336300
1 1.574003 4466 292 256 2247453
1 1.575002 4718 0 52 2338767
1 1.576003 4566 289 265 2324312
1 1.577003 4625 0 60 2335803
1 1.578003 4587 280 249 2312108
1 1.579002 4600 0 53 2259319
1 1.580003 4629 255 252 2324561
1 1.581003 4538 281 249 2248301
1 1.582003 4636 0 56 2335774
1 1.583002 4593 283 246 2327403
1 1.584003 4447 4 66 2218843
1 1.585003 4752 291 245 2323144
1 1.586003 4753 0 53 2336850
1 1.587003 4583 268 250 2309686
1 1.588003 4652 270 254 2268923
1 1.589003 4557 0 58 2341785
1 1.590003 4536 254 236 2322496
1 1.591002 4652 0 48 2339402
1 1.592003 4567 282 245 2300391
1 1.593003 4567 0 62 2261441
1 1.594003 4534 243 259 2312949
1 1.595003 4612 0 46 2263529
1 1.596003 4726 264 252 2308187
1 1.597003 4562 270 247 2249592
1 1.598003 4607 0 50 2336969
1 1.599003 4583 256 260 2330401
1 1.600003 4692 1 72 2339002
1 1.601003 4640 273 247 2322362
1 1.602003 4700 0 59 2339333
1 1.603003 4568 259 255 2310928
1 1.604003 4560 260 258 2220407
1 1.605003 4724 0 56 2308261
1 1.606003 4484 254 252 2222820
1 1.607003 4671 0 51 2252990
1 1.608003 4584 280 240 2269994
1 1.609003 4661 0 54 2237123
1 1.610003 4623 257 237 2296130
1 1.611003 4565 282 242 2225436
1 1.612003 4629 1 47 2303990
1 1.613003 4527 280 243 2247362
1 1.614003 4738 0 42 2337582
1 1.615002 4663 231 258 2302905
1 1.616003 4662 2 48 2231817
1 1.617003 4622 295 255 2317859
1 1.618003 4574 243 255 2323639
1 1.619003 4612 0 42 2319042
1 1.620003 4578 271 254 2225765
1 1.621003 4683 0 60 2318988
1 1.622003 4576 232 248 2325470
1 1.623003 4575 0 58 2337255
1 1.624003 4518 274 253 2306275
1 1.625003 4647 0 38 2262764
1 1.626003 4527 295 253 2323441
1 1.627003 4557 285 238 2250631
1 1.628003 4659 1 53 2336741
1 1.629003 4580 275 265 2329334
1 1.630003 4653 0 45 2336739
1 1.631002 4571 257 264 2306822
1 1.632003 4567 1 57 2285639
1 1.633003 4661 264 254 2330627
1 1.634003 4578 266 246 2245963
1 1.635003 4614 0 45 2321833
1 1.636003 4597 260 239 2270809
1 1.637003 4622 0 41 2333452
1 1.638003 4657 254 252 2331122
1 1.639003 4542 0 61 2339511
1 1.640003 4654 260 253 2301106
1 1.641003 4604 0 50 2238815
1 1.642003 4686 268 260 2328744
1 1.643002 4660 255 257 2326621
1 1.644003 4748 1 45 2277648
1 1.645003 4674 271 236 2230157
1 1.646003 4594 0 45 2256356
1 1.647002 4574 271 240 2330467
1 1.648003 4573 1 47 2255502
1 1.649003 4589 247 251 2329981
1 1.650003 4413 248 249 2248415
1 1.651003 4650 0 38 2337799
1 1.652003 4606 280 241 2327157
1 1.653003 4698 0 46 2334866
1 1.654003 4564 280 250 2323927
1 1.655003 4570 0 47 2338423
1 1.656003 4519 253 251 2326349
1 1.657003 4584 0 56 2253527
1 1.658003 4577 265 252 2329293
1 1.659003 4587 262 260 2239748
1 1.660003 4757 1 67 2332931
1 1.661003 4585 240 252 2325431
1 1.662003 4686 0 53 2335627
1 1.663003 4531 263 252 2326841
1 1.664003 4584 1 73 2334716
1 1.665003 4504 283 253 2327241
1 1.666003 4531 265 260 2325151
1 1.667003 4587 0 47 2338201
1 1.668003 4593 255 250 2321956
1 1.669003 4660 0 43 2337658
1 1.670003 4517 284 243 2313461
1 1.671003 4642 0 38 2258139
1 1.672003 4456 263 243 2319391
1 1.673003 4614 0 55 2335732
1 1.674003 4457 402 240 2328132
1 1.675003 4560 271 252 2242769
1 1.676003 4725 1 65 2332160
1 1.677003 4600 273 242 2325571
1 1.678003 4662 0 51 2334543
1 1.679003 4645 260 242 2324484
1 1.680003 4513 9 48 2200173
1 1.681003 4599 279 250 2324341
1 1.682003 4650 279 251 2327122
1 1.683003 4655 0 46 2333856
1 1.684003 4496 259 255 2323195
1 1.685003 4636 0 46 2335667
1 1.686003 4577 247 256 2326157
1 1.687003 4604 0 62 2336154
1 1.688003 4628 254 252 2329483
1 1.689003 4523 240 249 2322998
1 1.690003 4636 0 51 2319006
1 1.691003 4532 270 251 2252516
1 1.692003 4706 1 49 2334902
1 1.693003 4569 255 240 2323611
1 1.694003 4570 0 64 2340671
1 1.695003 4542 257 248 2300464
1 1.696003 4639 1 49 2231829
1 1.697003 4612 252 250 2298065
1 1.698003 4619 251 259 2249329
1 1.699003 4674 0 63 2335103
1 1.700003 4572 274 244 2321204
1 1.701003 4563 0 62 2337607
1 1.702003 4521 260 250 2326199
1 1.703003 4685 0 57 2332669
1 1.704003 4610 282 254 2302871
1 1.705003 4376 284 244 2226222
1 1.706003 4453 0 59 2329921
1 1.707003 4615 262 245 2325790
1 1.708003 4592 1 52 2255880
1 1.709003 4622 271 249 2321733
1 1.710003 4610 0 54 2338768
1 1.711003 4630 259 256 2326943
1 1.712003 4556 266 247 2324463
1 1.713003 4681 0 38 2338663
1 1.714003 4560 279 255 2324135
1 1.715003 4569 0 57 2339504
1 1.716003 4640 268 250 2324385
1 1.717003 4701 0 55 2330930
1 1.718003 4640 266 252 2324885
1 1.719003 4509 262 252 2246777
1 1.720003 4611 1 55 2331521
1 1.721003 4628 275 245 2326204
1 1.722003 4763 0 53 2338526
1 1.723003 4543 246 269 2325267
1 1.724003 4558 1 49 2334737
1 1.725003 4550 279 244 2325453
1 1.726003 4641 0 53 2333841
1 1.727003 4582 385 237 2297055
1 1.728003 4627 260 266 2225890
1 1.729003 4590 0 40 2324433
1 1.730003 4558 277 248 2327201
1 1.731003 4583 0 59 2335400
1 1.732003 4492 251 252 2294876
1 1.733003 4676 0 45 2234843
1 1.734003 4531 256 242 2298985
1 1.735003 4550 283 250 2253126
1 1.736003 4607 1 54 2322108
1 1.737003 4493 279 256 2250055
1 1.738003 4614 0 69 2336589
1 1.739003 4518 250 261 2326971
1 1.740004 4715 1 57 2329858
1 1.741003 4569 262 253 2325904
1 1.742003 4609 240 255 2329950
1 1.743005 4652 3 62 2344990
1 1.744003 10837 144 239 2286366
1 1.745004 5258 3 54 2233838
1 1.746004 7289 256 243 2335431
1 1.747003 4686 0 55 2259767
1 1.748003 6219 283 238 2243855
1 1.749003 4621 0 59 2331727
1 1.750003 5307 42 135 2332117
1 1.751003 4675 285 232 2250471
1 1.752003 4797 4 60 2332998
1 1.753003 4664 278 258 2394560
1 1.754003 4616 0 43 2336469
