double_sided 0.001020 4174 5 65 2349064
double_sided 0.002008 4544 0 27 2571699
double_sided 0.003005 4705 0 20 2625610
double_sided 0.004005 4701 1 22 2625893
double_sided 0.005005 4719 0 38 2627331
double_sided 0.006005 4770 0 33 2628976
double_sided 0.007004 4572 0 27 2631897
double_sided 0.008005 4748 2 53 2625291
double_sided 0.009005 4634 0 24 2625461
double_sided 0.010005 4679 0 24 2628288
double_sided 0.011004 4720 0 28 2632581
double_sided 0.012005 4523 7 18 2552734
double_sided 0.013005 4721 0 21 2624961
double_sided 0.014005 4815 0 37 2633448
double_sided 0.015004 4612 0 31 2628300
double_sided 0.016005 4740 2 49 2618858
double_sided 0.017005 4695 0 22 2634139
double_sided 0.018005 4654 0 34 2634271
double_sided 0.019004 4565 0 22 2631495
double_sided 0.020005 4596 2 50 2598175
double_sided 0.021004 4658 0 30 2631734
double_sided 0.022004 4779 0 30 2697075
double_sided 0.023004 4571 0 16 2628952
double_sided 0.024005 4587 1 14 2653148
double_sided 0.025005 4670 0 26 2722247
double_sided 0.026005 4643 0 28 2631513
double_sided 0.027004 4636 0 33 2630247
double_sided 0.028005 4662 1 27 2628730
double_sided 0.029005 4518 0 26 2634817
double_sided 0.030004 4662 0 28 2626492
double_sided 0.031004 4635 0 17 2628157
double_sided 0.032005 4697 1 31 2627299
double_sided 0.033004 4582 0 21 2628986
double_sided 0.034005 4613 0 25 2630344
double_sided 0.035004 4610 0 19 2626889
double_sided 0.036005 4627 3 35 2625389
double_sided 0.037004 4652 0 34 2626252
double_sided 0.038005 4647 0 14 2627287
double_sided 0.039004 4653 0 17 2625761
double_sided 0.040005 4699 1 34 2628512
double_sided 0.041005 4638 0 17 2627072
double_sided 0.042005 4565 0 44 2624777
double_sided 0.043005 4590 0 33 2631552
double_sided 0.044005 4682 0 14 2624272
double_sided 0.045004 4674 0 34 2634362
double_sided 0.046004 4614 0 24 2627440
double_sided 0.047004 4696 0 24 2629233
double_sided 0.048005 4644 0 29 2630621
double_sided 0.049004 4598 0 16 2632606
double_sided 0.050005 4599 0 19 2634904
double_sided 0.051004 4707 0 26 2628139
double_sided 0.052005 4613 0 33 2625214
double_sided 0.053005 4566 0 19 2630042
double_sided 0.054004 4663 0 32 2664397
double_sided 0.055004 4622 0 18 2691255
double_sided 0.056005 4649 0 44 2636239
double_sided 0.057006 4630 0 15 2687438
double_sided 0.058005 4675 0 32 2629897
double_sided 0.059004 4702 0 32 2669832
double_sided 0.060005 5018 0 34 2725157
double_sided 0.061005 4682 0 20 2723747
double_sided 0.062004 4658 0 20 2628177
double_sided 0.063004 4668 0 22 2631003
double_sided 0.064005 4692 0 61 2627374
double_sided 0.065005 4762 0 30 2636121
double_sided 0.066005 4630 0 19 2627449
double_sided 0.067004 4545 0 19 2629535
double_sided 0.068005 4671 0 34 2626153
double_sided 0.069005 4500 0 26 2585982
double_sided 0.070005 4684 0 40 2629248
double_sided 0.071004 4742 0 41 2629670
double_sided 0.072005 4610 0 26 2623639
double_sided 0.073005 4658 0 25 2633397
double_sided 0.074005 4741 0 35 2622992
double_sided 0.075004 4705 0 37 2636454
double_sided 0.076005 4596 0 21 2627172
double_sided 0.077005 4687 3 18 2633255
double_sided 0.078005 4809 0 32 2627622
double_sided 0.079004 4718 0 22 2626760
double_sided 0.080005 4647 1 38 2628473
double_sided 0.081005 4719 0 31 2629558
double_sided 0.082005 4584 0 20 2630554
double_sided 0.083004 4635 0 28 2627983
double_sided 0.084005 4657 0 22 2624284
double_sided 0.085005 4491 0 18 2633643
double_sided 0.086005 4549 0 19 2625364
double_sided 0.087004 4604 0 53 2635804
double_sided 0.088005 4708 0 33 2620404
double_sided 0.089005 4732 0 35 2559826
double_sided 0.090004 4709 0 17 2626767
double_sided 0.091004 4717 0 22 2622333
double_sided 0.092005 4727 0 26 2631422
double_sided 0.093004 4718 0 24 2628029
double_sided 0.094004 4734 0 27 2629230
double_sided 0.095004 4699 0 28 2632057
double_sided 0.096005 4660 0 26 2627224
double_sided 0.097004 4606 0 19 2627084
double_sided 0.098004 4652 0 20 2633949
double_sided 0.099005 4644 0 31 2628892
double_sided 0.100005 4645 1 28 2685120
double_sided 0.101005 4679 0 18 2726398
double_sided 0.102005 4636 0 22 2723372
double_sided 0.103004 4705 0 23 2712860
double_sided 0.104005 4577 4 47 2588130
double_sided 0.105005 4635 0 25 2529293
double_sided 0.106005 4601 0 18 2625731
double_sided 0.107004 4713 0 30 2626066
double_sided 0.108005 4666 0 40 2654028
double_sided 0.109005 4675 0 32 2685571
double_sided 0.110005 4675 0 28 2633349
double_sided 0.111004 4703 0 28 2630175
double_sided 0.112005 4675 1 26 2624890
double_sided 0.113005 4663 0 21 2624498
double_sided 0.114005 4680 0 24 2696487
double_sided 0.115004 4636 0 23 2630585
double_sided 0.116005 4606 0 32 2628466
double_sided 0.117005 4736 0 31 2631203
double_sided 0.118005 4656 0 22 2628417
double_sided 0.119004 4617 0 38 2628261
double_sided 0.120005 4617 0 18 2628483
double_sided 0.121006 4654 0 30 2631164
double_sided 0.122004 4591 0 30 2627786
double_sided 0.123004 4595 0 25 2631989
double_sided 0.124005 4699 0 39 2628588
double_sided 0.125004 4639 0 26 2624295
double_sided 0.126004 4640 0 43 2631367
double_sided 0.127004 4614 0 27 2628662
double_sided 0.128005 4701 0 28 2662477
double_sided 0.129004 4678 0 27 2718375
double_sided 0.130004 4698 0 19 2631487
double_sided 0.131004 4621 0 12 2635314
double_sided 0.132005 4604 0 17 2625992
double_sided 0.133005 4651 0 28 2632029
double_sided 0.134005 4669 0 19 2631996
double_sided 0.135004 4649 0 38 2627995
double_sided 0.136005 4705 0 24 2625832
double_sided 0.137005 4625 0 22 2627173
double_sided 0.138004 4659 0 24 2631355
double_sided 0.139004 4700 0 41 2633527
double_sided 0.140005 4726 0 19 2558073
double_sided 0.141004 4672 0 36 2533539
double_sided 0.142004 4683 0 53 2566867
double_sided 0.143004 4686 0 19 2621278
double_sided 0.144005 4820 0 46 2562573
double_sided 0.145004 4799 0 38 2632078
double_sided 0.146005 4760 0 20 2627638
double_sided 0.147004 4718 0 34 2624573
double_sided 0.148005 4782 0 30 2551816
double_sided 0.149005 4741 0 17 2630752
double_sided 0.150005 4708 0 30 2632584
double_sided 0.151004 4594 0 24 2633800
double_sided 0.152005 4614 0 35 2629373
double_sided 0.153004 4657 0 32 2609844
double_sided 0.154004 4761 0 37 2575410
double_sided 0.155004 4757 0 23 2605342
double_sided 0.156005 4685 0 32 2527794
double_sided 0.157005 4704 0 38 2531528
double_sided 0.158005 4747 0 33 2531639
double_sided 0.159004 4704 0 62 2537469
double_sided 0.160005 4754 0 37 2528729
double_sided 0.161005 4729 0 22 2530016
double_sided 0.162004 4758 0 33 2528835
double_sided 0.163004 4577 0 33 2534984
double_sided 0.164005 4691 1 29 2526943
double_sided 0.165005 4653 0 30 2535045
double_sided 0.166004 4760 0 29 2531827
double_sided 0.167004 4754 0 40 2531160
double_sided 0.168005 4659 0 21 2532520
double_sided 0.169004 4705 0 24 2530957
double_sided 0.170004 4766 0 32 2529917
double_sided 0.171004 4720 0 36 2535231
double_sided 0.172005 4808 0 31 2521752
double_sided 0.173005 4695 0 26 2528599
double_sided 0.174004 4712 0 20 2560687
double_sided 0.175004 4708 0 20 2631708
double_sided 0.176005 4696 0 29 2628370
double_sided 0.177005 4738 0 27 2624002
double_sided 0.178004 4677 0 24 2631205
double_sided 0.179004 4775 0 19 2632849
double_sided 0.180005 4705 0 25 2622950
double_sided 0.181004 4714 0 20 2627689
double_sided 0.182004 4668 0 21 2634697
double_sided 0.183004 4738 0 29 2625222
double_sided 0.184005 4750 0 36 2633711
double_sided 0.185005 4632 0 36 2634509
double_sided 0.186004 4633 0 18 2625574
double_sided 0.187005 4727 0 28 2633819
double_sided 0.188005 4671 0 28 2627163
double_sided 0.189005 4647 0 25 2630015
double_sided 0.190004 4757 0 34 2632987
double_sided 0.191004 4775 0 20 2625265
double_sided 0.192005 4814 0 32 2628442
double_sided 0.193005 4629 0 17 2636070
double_sided 0.194004 4662 0 44 2624933
double_sided 0.195004 4766 0 39 2628092
double_sided 0.196005 4689 0 24 2589870
double_sided 0.197004 4647 0 30 2533808
double_sided 0.198004 4751 0 30 2633550
double_sided 0.199004 4720 0 31 2628610
double_sided 0.200005 4679 0 24 2587027
double_sided 0.201004 4703 0 32 2533208
double_sided 0.202004 4695 0 25 2560496
double_sided 0.203005 4677 0 26 2637811
double_sided 0.204005 4791 0 34 2627546
double_sided 0.205004 4768 0 17 2624952
double_sided 0.206005 4853 3 35 2632834
double_sided 0.207004 4772 0 27 2628294
double_sided 0.208005 4819 2 39 2625883
double_sided 0.209004 4820 0 32 2629594
double_sided 0.210004 4833 0 24 2588305
double_sided 0.211004 4733 0 27 2532834
double_sided 0.212005 4719 0 25 2533031
double_sided 0.213004 4712 0 28 2533069
double_sided 0.214004 4946 0 30 2531837
double_sided 0.215005 4903 0 36 2506386
double_sided 0.216005 4795 0 41 2468514
double_sided 0.217004 4712 0 26 2530283
double_sided 0.218004 4750 0 37 2535499
double_sided 0.219004 4546 0 27 2517666
double_sided 0.220005 4782 0 34 2431048
double_sided 0.221004 4693 0 31 2431200
double_sided 0.222005 4747 0 31 2466200
double_sided 0.223004 4725 0 28 2533870
double_sided 0.224005 4748 0 30 2532602
double_sided 0.225004 4809 0 21 2519957
double_sided 0.226005 4706 0 26 2462122
double_sided 0.227005 4722 0 32 2517240
double_sided 0.228005 4887 0 43 2431751
double_sided 0.229005 4742 0 31 2432891
double_sided 0.230005 4756 0 29 2435808
double_sided 0.231005 4786 0 45 2431151
double_sided 0.232005 4742 0 47 2432636
double_sided 0.233004 4694 0 34 2501276
double_sided 0.234004 4881 0 28 2435754
double_sided 0.235004 4743 0 29 2468726
double_sided 0.236005 4848 0 37 2527630
double_sided 0.237005 4831 0 26 2528790
double_sided 0.238004 4728 0 30 2501243
double_sided 0.239005 4750 0 35 2441665
double_sided 0.240005 4815 0 28 2489099
double_sided 0.241004 4822 0 45 2449462
double_sided 0.242004 4786 0 28 2528692
double_sided 0.243005 4892 0 38 2532886
double_sided 0.244005 4764 0 36 2533385
double_sided 0.245005 4777 0 24 2529759
double_sided 0.246004 4798 0 41 2533111
double_sided 0.247004 4813 0 24 2528537
double_sided 0.248005 4766 0 36 2529798
double_sided 0.249004 4645 0 27 2530293
double_sided 0.250004 4812 0 39 2533144
double_sided 0.251004 4659 0 21 2536188
double_sided 0.252005 4678 0 43 2530291
double_sided 0.253005 4659 0 41 2532218
double_sided 0.254004 4654 0 23 2533281
double_sided 0.255004 4814 0 21 2532812
double_sided 0.256005 4730 0 36 2528519
double_sided 0.257005 4791 0 37 2533604
double_sided 0.258004 4720 0 27 2529843
double_sided 0.259004 4719 0 25 2531330
double_sided 0.260004 4735 0 25 2528303
double_sided 0.261005 4943 0 48 2532170
double_sided 0.262004 4873 0 28 2484854
double_sided 0.263004 4698 0 29 2432978
double_sided 0.264005 4837 0 36 2429645
double_sided 0.265005 4761 0 48 2432906
double_sided 0.266004 4858 0 50 2429120
double_sided 0.267004 4646 0 31 2434383
double_sided 0.268005 4759 0 37 2494522
double_sided 0.269004 4742 0 38 2532802
double_sided 0.270004 4851 0 36 2534508
double_sided 0.271004 4808 0 25 2532561
double_sided 0.272005 4822 0 26 2531922
double_sided 0.273005 4800 0 29 2530822
double_sided 0.274005 4721 0 29 2533256
double_sided 0.275004 4771 0 33 2528091
double_sided 0.276005 4838 0 38 2532122
double_sided 0.277005 4684 0 30 2533046
double_sided 0.278005 4783 0 24 2532661
double_sided 0.279004 4789 0 26 2536179
double_sided 0.280004 4838 0 31 2526694
double_sided 0.281005 4825 0 31 2526210
double_sided 0.282004 4685 0 29 2496077
double_sided 0.283004 4778 0 33 2622010
double_sided 0.284005 4717 0 48 2567913
double_sided 0.285004 4675 0 27 2611375
double_sided 0.286004 4749 0 36 2464952
double_sided 0.287004 4763 0 30 2485191
double_sided 0.288005 4730 0 26 2397643
double_sided 0.289005 4725 0 30 2335992
double_sided 0.290004 4767 0 24 2369314
double_sided 0.291004 4749 0 28 2433190
double_sided 0.292005 4804 0 32 2364741
double_sided 0.293006 4896 0 28 2358078
double_sided 0.294004 4764 0 32 2430750
double_sided 0.295004 4796 0 36 2416505
double_sided 0.296005 4737 0 55 2398019
double_sided 0.297004 4819 0 24 2434219
double_sided 0.298004 4830 0 34 2434088
double_sided 0.299004 4719 0 34 2424060
double_sided 0.300004 4783 0 42 2370388
double_sided 0.301005 4777 0 39 2438609
double_sided 0.302004 4765 0 27 2434118
double_sided 0.303004 4828 0 43 2420108
double_sided 0.304005 4788 0 29 2365963
double_sided 0.305004 4896 0 29 2440319
double_sided 0.306004 4711 0 36 2391090
double_sided 0.307004 4724 0 26 2336036
double_sided 0.308004 4702 0 35 2430080
double_sided 0.309005 4705 0 31 2430934
double_sided 0.310004 4686 0 40 2433723
double_sided 0.311004 4914 0 30 2433723
double_sided 0.312004 4857 0 42 2434216
double_sided 0.313005 4930 0 42 2433672
double_sided 0.314005 4830 0 31 2384070
double_sided 0.315004 4842 0 34 2332804
double_sided 0.316006 4649 5 63 2395666
double_sided 0.317004 4825 0 37 2450500
double_sided 0.318004 4922 0 38 2488449
double_sided 0.319004 4825 0 32 2432373
double_sided 0.320004 4898 0 41 2433709
double_sided 0.321005 4857 0 25 2435278
double_sided 0.322004 4893 0 22 2420273
double_sided 0.323004 4945 0 43 2335869
double_sided 0.324005 4848 1 43 2356789
double_sided 0.325005 4998 0 28 2390983
double_sided 0.326004 4895 0 28 2356684
double_sided 0.327004 5029 0 34 2434711
double_sided 0.328005 4872 2 31 2432321
double_sided 0.329004 4651 0 25 2474248
double_sided 0.330005 4758 0 35 2561484
double_sided 0.331004 4937 0 28 2617770
double_sided 0.332004 4939 0 27 2488991
double_sided 0.333004 4988 0 45 2435447
double_sided 0.334005 4939 0 34 2433079
double_sided 0.335004 4935 0 20 2434169
double_sided 0.336005 4923 0 45 2436711
double_sided 0.337004 4846 0 34 2433272
double_sided 0.338004 4943 0 38 2436107
double_sided 0.339004 4907 0 29 2432998
double_sided 0.340005 4802 0 44 2424413
double_sided 0.341004 4713 0 30 2453051
double_sided 0.342004 4815 0 60 2571133
double_sided 0.343004 4947 0 40 2605457
double_sided 0.344005 5051 0 37 2531875
double_sided 0.345004 4964 0 45 2496925
double_sided 0.346004 5024 0 49 2436739
double_sided 0.347004 4950 0 48 2434094
double_sided 0.348005 5065 0 45 2429149
double_sided 0.349004 4930 0 36 2433724
double_sided 0.350005 4992 0 60 2439619
double_sided 0.351004 5026 0 32 2433104
double_sided 0.352004 4874 0 51 2433011
double_sided 0.353004 4956 0 43 2403818
double_sided 0.354004 4993 0 24 2377023
double_sided 0.355004 4949 0 44 2428014
double_sided 0.356005 4959 2 46 2365709
double_sided 0.357004 4863 0 38 2368812
double_sided 0.358004 4951 0 41 2433086
double_sided 0.359004 5012 0 31 2459296
double_sided 0.360005 4825 1 34 2523229
double_sided 0.361004 4590 0 37 2460125
double_sided 0.362005 4638 0 33 2573620
double_sided 0.363004 4903 0 27 2624596
double_sided 0.364005 5052 0 29 2619534
double_sided 0.365004 5075 0 41 2534163
double_sided 0.366004 4971 0 33 2533627
double_sided 0.367004 4940 0 30 2460353
double_sided 0.368004 4776 0 43 2455401
double_sided 0.369005 4598 0 21 2455103
double_sided 0.370004 4736 0 35 2567683
double_sided 0.371004 4823 0 31 2601171
double_sided 0.372005 4918 1 33 2530159
double_sided 0.373005 4869 0 48 2496861
double_sided 0.374004 5014 0 36 2431137
double_sided 0.375004 4842 0 52 2396806
double_sided 0.376005 4829 0 33 2341434
double_sided 0.377004 4974 0 33 2397611
double_sided 0.378005 4924 0 23 2337595
double_sided 0.379004 5019 0 46 2432784
double_sided 0.380005 4978 0 35 2448717
double_sided 0.381004 4979 0 35 2483286
double_sided 0.382004 4895 0 40 2439187
double_sided 0.383004 4999 0 40 2433128
double_sided 0.384005 4945 0 53 2436421
double_sided 0.385005 4815 0 27 2432712
double_sided 0.386004 4782 0 28 2430411
double_sided 0.387004 4927 0 43 2434606
double_sided 0.388005 5042 0 32 2431776
double_sided 0.389004 4828 0 36 2424958
double_sided 0.390004 4845 0 20 2364202
double_sided 0.391004 4858 0 30 2432789
double_sided 0.392004 4990 0 29 2369242
double_sided 0.393005 4833 0 62 2357324
double_sided 0.394004 4945 0 34 2434290
double_sided 0.395004 4798 0 28 2436356
double_sided 0.396005 4672 0 36 2494811
double_sided 0.397005 4968 0 25 2531190
double_sided 0.398004 4886 0 26 2532336
double_sided 0.399004 4857 0 67 2496824
double_sided 0.400004 4939 1 43 2430076
double_sided 0.401005 4869 0 32 2401090
double_sided 0.402004 4741 0 33 2336931
double_sided 0.403004 4820 0 25 2403658
double_sided 0.404007 4818 0 27 2343662
double_sided 0.405004 4801 0 38 2332691
double_sided 0.406004 4876 0 34 2339683
double_sided 0.407004 4846 0 50 2363607
double_sided 0.408005 4810 0 39 2424545
double_sided 0.409005 4916 0 30 2360794
double_sided 0.410005 4951 0 32 2433631
double_sided 0.411004 4898 0 26 2431777
double_sided 0.412005 4719 0 27 2427126
double_sided 0.413004 4918 0 28 2431984
double_sided 0.414004 4902 0 37 2434608
double_sided 0.415004 4958 0 45 2432929
double_sided 0.416005 4864 0 49 2434513
double_sided 0.417004 4611 0 27 2433765
double_sided 0.418004 4541 0 21 2459366
double_sided 0.419004 4806 0 41 2536148
double_sided 0.420004 4855 2 41 2527820
double_sided 0.421005 4910 0 38 2520707
double_sided 0.422004 4840 0 27 2435902
double_sided 0.423004 4883 0 34 2403836
double_sided 0.424005 4884 1 24 2331718
double_sided 0.425004 4887 0 29 2336638
double_sided 0.426004 4798 0 30 2377019
double_sided 0.427004 4931 0 39 2396770
double_sided 0.428005 4854 0 34 2336400
double_sided 0.429005 4818 0 43 2370415
double_sided 0.430004 4704 0 45 2430272
double_sided 0.431004 4916 0 33 2435075
double_sided 0.432005 4830 0 35 2434839
double_sided 0.433004 4809 0 37 2432259
double_sided 0.434004 4753 0 43 2435823
double_sided 0.435004 4694 0 40 2428817
double_sided 0.436005 4800 0 38 2361592
double_sided 0.437005 4767 0 43 2434940
double_sided 0.438004 4857 0 40 2434371
double_sided 0.439004 4925 0 29 2431297
double_sided 0.440005 4832 0 48 2432439
double_sided 0.441005 4888 0 45 2430738
double_sided 0.442004 4829 0 33 2403491
double_sided 0.443005 4920 0 32 2375754
double_sided 0.444005 4885 0 36 2433935
double_sided 0.445005 4822 0 37 2433769
double_sided 0.446004 5007 0 31 2436992
double_sided 0.447004 4902 0 43 2430866
double_sided 0.448005 4718 0 34 2432247
double_sided 0.449005 4873 0 23 2432339
double_sided 0.450004 4738 0 25 2403007
double_sided 0.451004 4663 0 23 2338429
double_sided 0.452005 4666 0 29 2333757
double_sided 0.453004 4640 0 18 2330418
double_sided 0.454004 4689 0 32 2335427
double_sided 0.455004 4755 0 24 2336544
double_sided 0.456004 4722 0 23 2332332
double_sided 0.457005 4749 0 28 2338822
double_sided 0.458004 4795 0 27 2337403
double_sided 0.459004 4705 0 28 2336013
double_sided 0.460004 4770 1 22 2390858
double_sided 0.461004 4807 0 37 2433216
double_sided 0.462004 4820 0 40 2432258
double_sided 0.463004 4878 0 37 2436248
double_sided 0.464005 4857 0 30 2430396
double_sided 0.465005 4841 0 23 2433797
double_sided 0.466004 4882 0 39 2434245
double_sided 0.467004 4860 0 43 2433552
double_sided 0.468005 4796 0 43 2429764
double_sided 0.469004 4720 0 34 2432387
double_sided 0.470004 4807 0 30 2435339
double_sided 0.471004 4639 0 33 2437561
double_sided 0.472005 4895 0 27 2435860
double_sided 0.473004 4802 0 34 2430883
double_sided 0.474004 4833 0 53 2399643
double_sided 0.475004 4835 0 31 2334338
double_sided 0.476005 4894 0 38 2335734
double_sided 0.477004 4721 0 24 2375092
double_sided 0.478004 4843 0 24 2435235
double_sided 0.479004 4848 0 22 2435470
double_sided 0.480005 4911 1 34 2433579
double_sided 0.481004 4845 0 36 2431737
double_sided 0.482004 4848 0 26 2396558
double_sided 0.483004 4885 0 23 2336344
double_sided 0.484005 4855 0 30 2336564
double_sided 0.485004 4741 0 41 2355106
double_sided 0.486005 4725 0 36 2391091
double_sided 0.487004 4815 0 41 2332415
double_sided 0.488005 4864 0 30 2367148
double_sided 0.489005 4771 0 27 2426425
double_sided 0.490004 4860 0 29 2367312
double_sided 0.491004 4726 0 32 2416382
double_sided 0.492005 4725 0 31 2337504
double_sided 0.493005 4801 0 23 2337125
double_sided 0.494004 4701 0 25 2337388
double_sided 0.495004 4818 0 28 2338001
double_sided 0.496005 4771 0 45 2335089
double_sided 0.497004 4682 0 31 2337036
double_sided 0.498004 4835 0 38 2335900
double_sided 0.499004 4743 0 48 2336016
double_sided 0.500005 4690 0 28 2332329
double_sided 0.501005 4714 0 47 2338789
double_sided 0.502004 4645 0 22 2333015
double_sided 0.503004 4873 0 24 2332067
double_sided 0.504005 4809 0 48 2334489
double_sided 0.505005 4781 0 36 2367543
double_sided 0.506004 4850 0 14 2422312
double_sided 0.507004 4882 0 32 2337498
double_sided 0.508004 4812 0 38 2332713
double_sided 0.509005 4808 0 39 2367288
double_sided 0.510004 4921 4 41 2429262
double_sided 0.511007 4863 3 65 2416832
double_sided 0.512006 4994 4 34 2221651
double_sided 0.513006 4919 3 64 2357428
double_sided 0.514005 4847 0 38 2332001
double_sided 0.515004 4839 0 21 2372427
double_sided 0.516005 4791 3 48 2428589
double_sided 0.517005 4798 0 32 2436754
double_sided 0.518004 4720 0 32 2430879
double_sided 0.519005 4742 3 74 2423326
double_sided 0.520005 4757 1 22 2361107
double_sided 0.521005 4781 0 26 2353150
double_sided 0.522004 4654 0 33 2438474
double_sided 0.523004 4702 0 33 2428906
double_sided 0.524005 4756 0 26 2332295
double_sided 0.525005 4600 0 28 2334417
double_sided 0.526004 4718 0 24 2332974
double_sided 0.527005 4718 0 27 2340156
double_sided 0.528005 4686 0 36 2331892
double_sided 0.529005 4762 0 54 2332087
double_sided 0.530004 4735 0 33 2335250
double_sided 0.531004 4667 0 33 2340506
double_sided 0.532005 4761 0 27 2336280
double_sided 0.533004 4764 0 30 2337013
double_sided 0.534004 4743 0 32 2338221
double_sided 0.535004 4680 2 37 2369735
double_sided 0.536005 4710 0 24 2424040
double_sided 0.537004 4669 0 21 2330601
double_sided 0.538004 4731 0 24 2339056
double_sided 0.539004 4661 0 18 2336630
double_sided 0.540005 4617 0 37 2337240
double_sided 0.541005 4729 0 24 2333150
double_sided 0.542004 4658 0 28 2331508
double_sided 0.543004 4639 0 28 2399538
double_sided 0.544005 4619 3 42 2334538
double_sided 0.545005 4748 0 36 2429517
double_sided 0.546004 4659 0 30 2435999
double_sided 0.547004 4621 0 23 2431970
double_sided 0.548004 4600 1 35 2431175
double_sided 0.549004 4688 0 25 2432568
double_sided 0.550004 4718 0 22 2440005
double_sided 0.551004 4745 0 28 2433644
double_sided 0.552005 4646 0 68 2430431
double_sided 0.553004 4629 0 31 2431863
double_sided 0.554005 4816 0 24 2433583
double_sided 0.555005 4781 0 32 2432571
double_sided 0.556004 4736 0 34 2427888
double_sided 0.557004 4685 1 29 2436587
double_sided 0.558004 4778 0 35 2435724
double_sided 0.559004 4701 0 40 2396337
double_sided 0.560005 4742 3 30 2329571
double_sided 0.561004 4647 3 38 2432711
double_sided 0.562005 4793 0 29 2434492
double_sided 0.563005 4730 0 39 2412006
double_sided 0.564005 4745 1 32 2386757
double_sided 0.565004 4644 0 26 2433982
double_sided 0.566004 4690 0 34 2472191
double_sided 0.567004 4872 0 35 2524908
double_sided 0.568005 4710 0 43 2433327
double_sided 0.569004 4556 0 35 2432645
double_sided 0.570004 4669 0 29 2431331
double_sided 0.571004 4658 0 25 2431399
double_sided 0.572005 4704 0 37 2387230
double_sided 0.573004 4685 0 43 2484593
double_sided 0.574004 4865 0 24 2434502
double_sided 0.575004 4756 0 27 2429879
double_sided 0.576005 4702 0 30 2433002
double_sided 0.577004 4734 0 32 2437819
double_sided 0.578004 4704 0 27 2430780
double_sided 0.579004 4760 0 29 2432048
double_sided 0.580004 4642 0 33 2429527
double_sided 0.581005 4876 0 33 2433403
double_sided 0.582004 4750 0 37 2390135
double_sided 0.583004 4692 0 27 2362895
double_sided 0.584005 4760 0 43 2436188
double_sided 0.585004 4625 0 23 2432131
double_sided 0.586004 4843 0 31 2433993
double_sided 0.587004 4815 0 27 2430203
double_sided 0.588004 4741 0 25 2435050
double_sided 0.589005 4796 0 33 2538474
double_sided 0.590004 4850 0 23 2525450
double_sided 0.591004 4712 0 28 2438856
double_sided 0.592005 4719 0 17 2430368
double_sided 0.593004 4862 0 33 2432216
double_sided 0.594004 4859 0 40 2429917
double_sided 0.595004 4757 0 33 2436034
double_sided 0.596004 4705 0 29 2432755
double_sided 0.597004 4777 0 46 2427876
double_sided 0.598004 4703 0 30 2433571
double_sided 0.599004 4599 0 40 2426926
double_sided 0.600005 4745 0 24 2362181
double_sided 0.601004 4617 0 34 2428888
double_sided 0.602004 4683 0 20 2404128
double_sided 0.603004 4674 0 21 2333055
double_sided 0.604005 4838 0 40 2426923
double_sided 0.605004 4813 0 27 2437462
double_sided 0.606004 4709 0 32 2432807
double_sided 0.607004 4736 0 22 2434711
double_sided 0.608005 4771 0 39 2430270
double_sided 0.609004 4759 0 25 2430784
double_sided 0.610004 4879 0 37 2437517
double_sided 0.611004 4747 0 28 2434999
double_sided 0.612004 4778 2 38 2433241
double_sided 0.613004 4733 0 27 2438225
double_sided 0.614005 4781 0 29 2436024
double_sided 0.615004 4838 0 38 2432197
double_sided 0.616005 4781 1 44 2433785
double_sided 0.617004 4773 0 34 2434188
double_sided 0.618004 4718 0 32 2435163
double_sided 0.619004 4773 0 29 2431674
double_sided 0.620005 4732 1 27 2431421
double_sided 0.621005 4716 0 21 2430272
double_sided 0.622004 4694 0 21 2432573
double_sided 0.623004 4867 0 26 2434618
double_sided 0.624005 4702 2 35 2436641
double_sided 0.625004 4770 0 30 2431982
double_sided 0.626004 4790 0 35 2438182
double_sided 0.627004 4861 0 33 2434643
double_sided 0.628005 4874 0 46 2431826
double_sided 0.629004 4761 0 24 2433934
double_sided 0.630004 4651 0 22 2428817
double_sided 0.631004 4686 0 33 2437840
double_sided 0.632004 4851 0 51 2429796
double_sided 0.633005 4772 0 23 2435134
double_sided 0.634004 4763 0 30 2396667
double_sided 0.635004 4708 0 32 2339350
double_sided 0.636005 4730 0 23 2428039
double_sided 0.637004 4699 0 33 2433709
double_sided 0.638004 4691 0 25 2439577
double_sided 0.639004 4737 0 39 2390856
double_sided 0.640005 4707 0 39 2357476
double_sided 0.641004 4768 0 42 2434314
double_sided 0.642004 4716 0 24 2431168
double_sided 0.643004 4715 0 32 2434689
double_sided 0.644005 4669 0 43 2434269
double_sided 0.645004 4751 0 34 2434057
double_sided 0.646004 4696 0 27 2434215
double_sided 0.647004 4689 0 18 2433517
double_sided 0.648005 4812 0 35 2426321
double_sided 0.649004 4765 0 23 2433292
double_sided 0.650004 4720 0 30 2434109
double_sided 0.651004 4714 0 24 2432243
double_sided 0.652005 4741 0 39 2433882
double_sided 0.653004 4726 0 25 2432204
double_sided 0.654004 4736 0 32 2434312
double_sided 0.655005 4791 0 29 2434929
double_sided 0.656004 4625 0 33 2434529
double_sided 0.657004 4800 0 35 2436752
double_sided 0.658004 4728 0 24 2437156
double_sided 0.659004 4713 0 33 2436679
double_sided 0.660005 4771 0 29 2434048
double_sided 0.661004 4775 0 29 2430367
double_sided 0.662004 4750 0 38 2439549
double_sided 0.663004 4792 0 34 2435798
double_sided 0.664005 4817 0 38 2428337
double_sided 0.665004 4861 0 42 2430005
double_sided 0.666004 4706 0 32 2435612
double_sided 0.667004 4803 0 49 2428120
double_sided 0.668005 4797 0 31 2363654
double_sided 0.669004 4651 0 39 2435235
double_sided 0.670004 4804 0 36 2433729
double_sided 0.671004 4744 0 42 2433885
double_sided 0.672005 4755 0 28 2433441
double_sided 0.673005 4781 0 21 2431972
double_sided 0.674004 4731 0 33 2431476
double_sided 0.675004 4668 0 31 2437028
double_sided 0.676004 4802 0 36 2424161
double_sided 0.677004 4826 0 28 2432632
double_sided 0.678004 4669 0 31 2462885
double_sided 0.679004 4688 0 43 2522402
double_sided 0.680005 4728 0 36 2436355
double_sided 0.681004 4766 0 21 2435863
double_sided 0.682004 4700 0 26 2434220
double_sided 0.683004 4665 0 27 2431656
double_sided 0.684004 4737 0 39 2436517
double_sided 0.685005 4712 0 29 2432672
double_sided 0.686004 4785 0 31 2438325
double_sided 0.687004 4835 0 36 2433139
double_sided 0.688005 4802 0 27 2432266
double_sided 0.689005 4774 0 38 2435317
double_sided 0.690004 4714 0 30 2431482
double_sided 0.691004 4736 0 26 2432572
double_sided 0.692005 4791 0 31 2432070
double_sided 0.693004 4719 0 35 2436089
double_sided 0.694005 4816 0 34 2439614
double_sided 0.695005 4764 0 24 2435136
double_sided 0.696004 4843 0 30 2429353
double_sided 0.697004 4788 0 36 2430364
double_sided 0.698004 4854 0 25 2438902
double_sided 0.699004 4820 0 34 2437119
double_sided 0.700005 4755 0 26 2430417
double_sided 0.701004 4682 0 36 2506520
double_sided 0.702004 4840 2 48 2547884
double_sided 0.703005 4813 0 19 2430777
double_sided 0.704005 4756 1 35 2433573
double_sided 0.705005 4796 0 23 2387174
double_sided 0.706004 4814 0 20 2358867
double_sided 0.707004 4766 0 32 2441068
double_sided 0.708005 4596 3 31 2433377
double_sided 0.709004 4742 0 28 2437371
double_sided 0.710004 4839 0 32 2434775
double_sided 0.711004 4718 0 33 2431819
double_sided 0.712005 4680 1 25 2430892
double_sided 0.713005 4732 0 32 2436742
double_sided 0.714005 4736 0 27 2435987
double_sided 0.715004 4677 0 36 2434325
double_sided 0.716005 4758 0 34 2433107
double_sided 0.717005 4743 0 25 2433674
double_sided 0.718005 4762 0 39 2433617
double_sided 0.719004 4753 0 18 2434998
double_sided 0.720004 4920 0 39 2434085
double_sided 0.721004 4886 0 25 2435468
double_sided 0.722005 4858 0 42 2437599
double_sided 0.723004 4845 0 31 2433581
double_sided 0.724005 4888 0 29 2432730
double_sided 0.725005 4856 0 26 2434948
double_sided 0.726004 4796 0 50 2432557
double_sided 0.727005 4742 0 31 2439120
double_sided 0.728005 4761 0 23 2366980
double_sided 0.729005 4867 0 33 2357657
double_sided 0.730004 4982 0 39 2433992
double_sided 0.731004 4766 0 36 2401869
double_sided 0.732004 4672 0 36 2398505
double_sided 0.733005 4805 0 29 2405224
double_sided 0.734004 4718 0 35 2336809
double_sided 0.735004 4628 0 20 2337613
double_sided 0.736005 4753 0 34 2335213
double_sided 0.737004 4810 0 22 2335619
double_sided 0.738004 4738 0 25 2376337
double_sided 0.739004 4729 0 21 2407578
double_sided 0.740005 4725 0 32 2332583
double_sided 0.741005 4674 0 25 2336508
double_sided 0.742004 4719 0 17 2335119
double_sided 0.743004 4671 0 36 2336617
double_sided 0.744005 4700 0 43 2332806
double_sided 0.745004 4749 0 49 2332554
double_sided 0.746004 4823 0 23 2336415
double_sided 0.747004 4831 0 39 2338060
double_sided 0.748005 4736 0 25 2335614
double_sided 0.749004 4828 0 32 2340839
double_sided 0.750004 4800 0 20 2336064
double_sided 0.751005 4824 0 42 2374798
double_sided 0.752005 4736 0 36 2397761
double_sided 0.753004 4863 0 30 2332960
double_sided 0.754004 4725 0 23 2378395
double_sided 0.755004 4748 0 33 2433665
double_sided 0.756005 4723 0 28 2430375
double_sided 0.757004 4883 0 37 2430207
double_sided 0.758005 4945 0 33 2433687
double_sided 0.759004 4869 0 25 2430793
double_sided 0.760005 4819 3 63 2428252
double_sided 0.761005 4785 0 28 2436125
double_sided 0.762004 4792 0 31 2431939
double_sided 0.763004 4767 0 40 2438172
double_sided 0.764005 4733 1 40 2422917
double_sided 0.765004 4781 0 31 2361821
double_sided 0.766004 4724 0 26 2405979
double_sided 0.767004 4686 0 24 2371400
double_sided 0.768004 4799 0 31 2407155
double_sided 0.769005 4718 0 21 2337976
double_sided 0.770004 4756 0 24 2362206
double_sided 0.771004 4769 0 30 2440055
double_sided 0.772005 4826 0 28 2433143
double_sided 0.773005 4800 0 22 2428546
double_sided 0.774005 4813 0 46 2365815
double_sided 0.775004 4762 0 25 2420976
double_sided 0.776005 4861 0 29 2333554
double_sided 0.777005 4867 0 18 2358097
double_sided 0.778004 4707 0 19 2396071
double_sided 0.779004 4798 0 37 2334160
double_sided 0.780005 4782 0 29 2333144
double_sided 0.781004 4794 0 30 2333384
double_sided 0.782004 4793 0 25 2337840
double_sided 0.783004 4792 0 34 2332983
double_sided 0.784005 4745 0 37 2333043
double_sided 0.785005 4821 0 29 2335514
double_sided 0.786004 4777 0 22 2335683
double_sided 0.787004 4787 0 39 2362540
double_sided 0.788004 4747 0 29 2432481
double_sided 0.789005 4834 0 36 2436955
double_sided 0.790004 4695 0 28 2423526
double_sided 0.791004 4784 0 40 2372698
double_sided 0.792004 4743 0 43 2429466
double_sided 0.793004 4721 0 18 2392793
double_sided 0.794005 4871 0 36 2332584
double_sided 0.795005 4753 0 29 2336779
double_sided 0.796005 4825 0 24 2330092
double_sided 0.797004 4718 0 20 2335514
double_sided 0.798004 4812 0 21 2336196
double_sided 0.799004 4731 0 37 2336478
double_sided 0.800005 4679 0 27 2337486
double_sided 0.801004 4803 0 33 2336845
double_sided 0.802004 4618 0 48 2336834
double_sided 0.803004 4750 0 30 2337930
double_sided 0.804005 4734 0 31 2333228
double_sided 0.805004 4746 0 32 2334000
double_sided 0.806005 4753 0 31 2341204
double_sided 0.807004 4801 0 25 2333056
double_sided 0.808004 4825 0 33 2359627
double_sided 0.809005 4720 0 26 2435091
double_sided 0.810004 4813 0 25 2403273
double_sided 0.811004 4726 0 24 2375445
double_sided 0.812005 4768 0 37 2407112
double_sided 0.813004 4731 0 31 2333366
double_sided 0.814004 4657 0 38 2358638
double_sided 0.815004 4802 0 33 2391451
double_sided 0.816005 4786 0 38 2335945
double_sided 0.817005 4765 0 58 2339401
double_sided 0.818005 4757 0 29 2338835
double_sided 0.819004 4724 0 23 2337625
double_sided 0.820005 4817 0 34 2328785
double_sided 0.821004 4788 0 30 2373293
double_sided 0.822005 4720 0 31 2407161
double_sided 0.823004 4727 0 29 2332151
double_sided 0.824005 4699 0 34 2336806
double_sided 0.825004 4752 0 27 2336553
double_sided 0.826004 4781 0 27 2334625
double_sided 0.827004 4781 0 30 2373461
double_sided 0.828005 4881 0 29 2435400
double_sided 0.829004 4735 0 24 2434895
double_sided 0.830004 4865 0 31 2404437
double_sided 0.831004 4864 0 36 2336776
double_sided 0.832005 4856 0 38 2401692
double_sided 0.833004 4940 0 40 2334064
double_sided 0.834004 4896 0 32 2334294
double_sided 0.835004 4784 0 31 2339007
double_sided 0.836005 4888 0 40 2335457
double_sided 0.837004 4937 0 33 2333889
double_sided 0.838005 4865 0 31 2335620
double_sided 0.839004 4919 0 38 2336937
double_sided 0.840005 4843 0 50 2337725
double_sided 0.841005 4955 0 25 2430541
double_sided 0.842004 4994 0 40 2417516
double_sided 0.843004 4939 0 27 2375554
double_sided 0.844004 4920 0 29 2431287
double_sided 0.845005 4815 0 27 2430152
double_sided 0.846005 4949 0 25 2359706
double_sided 0.847004 4856 0 32 2387888
double_sided 0.848004 4873 0 32 2334501
double_sided 0.849005 4850 0 34 2336315
double_sided 0.850004 4788 0 40 2361293
double_sided 0.851004 4860 0 28 2430276
double_sided 0.852005 4835 0 42 2435269
double_sided 0.853004 4913 0 22 2406314
double_sided 0.854004 4886 0 23 2372219
double_sided 0.855004 4866 0 27 2410456
double_sided 0.856005 5021 0 53 2391832
double_sided 0.857004 4855 0 37 2433626
double_sided 0.858004 4946 0 34 2430066
double_sided 0.859004 5055 0 23 2435168
double_sided 0.860005 5021 0 37 2433992
double_sided 0.861004 4956 0 37 2435462
double_sided 0.862004 4914 0 32 2438084
double_sided 0.863004 4988 0 28 2435144
double_sided 0.864005 4966 0 35 2428902
double_sided 0.865004 5085 2 42 2433208
double_sided 0.866004 5007 0 39 2437845
double_sided 0.867004 4935 0 29 2433186
double_sided 0.868005 4940 0 33 2431242
double_sided 0.869004 5016 0 30 2436735
double_sided 0.870004 5073 0 43 2436360
double_sided 0.871004 4948 0 35 2434831
double_sided 0.872010 4881 0 30 2462796
double_sided 0.873007 4851 0 34 2406875
double_sided 0.874004 5026 0 31 2424203
double_sided 0.875004 4882 0 40 2398475
double_sided 0.876004 4850 0 39 2338105
double_sided 0.877004 5005 0 32 2434466
double_sided 0.878004 4929 0 30 2405390
double_sided 0.879004 5037 0 28 2371474
double_sided 0.880004 4997 0 36 2434566
double_sided 0.881005 4978 0 49 2438247
double_sided 0.882004 4921 0 38 2434795
double_sided 0.883005 4979 0 43 2431737
double_sided 0.884005 4892 0 48 2431558
double_sided 0.885004 4868 0 35 2433690
double_sided 0.886005 5065 0 33 2436555
double_sided 0.887005 4885 0 28 2430470
double_sided 0.888005 4809 0 32 2430631
double_sided 0.889004 4979 0 30 2434686
double_sided 0.890004 4882 0 32 2436704
double_sided 0.891004 4858 0 54 2401804
double_sided 0.892005 4855 0 34 2336075
double_sided 0.893004 4905 0 25 2368864
double_sided 0.894004 5044 0 34 2418683
double_sided 0.895004 5088 0 31 2366186
double_sided 0.896004 4948 0 36 2434337
double_sided 0.897004 4955 0 27 2433910
double_sided 0.898004 4853 0 46 2430860
double_sided 0.899004 4820 0 29 2475623
double_sided 0.900004 4858 0 33 2426416
double_sided 0.901005 4890 0 43 2437696
double_sided 0.902004 4888 0 25 2432826
double_sided 0.903004 4993 0 31 2432958
double_sided 0.904005 4862 3 37 2432843
double_sided 0.905005 4865 0 63 2407362
double_sided 0.906004 4877 0 22 2335639
double_sided 0.907004 4964 0 30 2335190
double_sided 0.908004 4902 1 32 2354880
double_sided 0.909004 4984 0 40 2432322
double_sided 0.910004 5011 0 30 2434350
double_sided 0.911004 4909 0 33 2431947
double_sided 0.912005 4802 0 33 2404115
double_sided 0.913004 4681 0 33 2411562
double_sided 0.914004 4657 0 24 2528989
double_sided 0.915004 4760 0 42 2487909
double_sided 0.916004 4840 0 44 2429842
double_sided 0.917005 4866 0 22 2435449
double_sided 0.918004 4793 0 25 2392950
double_sided 0.919004 4740 0 28 2340093
double_sided 0.920005 4790 0 34 2368517
double_sided 0.921004 4916 0 26 2429832
double_sided 0.922005 4953 0 27 2435516
double_sided 0.923005 4797 3 26 2432558
double_sided 0.924004 4846 1 30 2360086
double_sided 0.925006 4958 0 30 2340562
double_sided 0.926004 4740 0 37 2391122
double_sided 0.927004 4826 0 27 2333212
double_sided 0.928005 4857 0 22 2435166
double_sided 0.929004 4882 0 35 2433576
double_sided 0.930004 4940 0 30 2402869
double_sided 0.931004 4916 0 38 2332801
double_sided 0.932004 4798 0 23 2368886
double_sided 0.933005 4795 0 45 2406044
double_sided 0.934004 4848 0 24 2335951
double_sided 0.935004 4784 0 47 2337448
double_sided 0.936005 4802 0 37 2332665
double_sided 0.937005 4854 0 23 2336609
double_sided 0.938004 4863 0 19 2335464
double_sided 0.939004 4887 0 24 2335363
double_sided 0.940005 4951 0 38 2328645
double_sided 0.941004 4908 0 41 2400320
double_sided 0.942004 4871 0 32 2336151
double_sided 0.943004 4772 0 24 2335303
double_sided 0.944008 4968 0 36 2342036
double_sided 0.945005 4875 0 27 2393070
double_sided 0.946005 4882 0 34 2336180
double_sided 0.947004 4783 0 29 2376975
double_sided 0.948005 4886 0 35 2432631
double_sided 0.949004 4760 0 33 2436763
double_sided 0.950004 4893 0 38 2423717
double_sided 0.951004 4728 0 27 2370151
double_sided 0.952005 4766 0 36 2433620
double_sided 0.953004 4819 0 21 2395350
double_sided 0.954004 4892 0 24 2336208
double_sided 0.955004 4743 0 24 2367341
double_sided 0.956005 4815 0 31 2434140
double_sided 0.957005 4798 0 34 2400318
double_sided 0.958004 4826 0 30 2376079
double_sided 0.959004 4854 0 31 2435081
double_sided 0.960004 4877 0 36 2432724
double_sided 0.961005 4953 0 34 2431388
double_sided 0.962005 4792 0 32 2427511
double_sided 0.963004 4747 0 31 2366877
double_sided 0.964004 4858 0 32 2430865
double_sided 0.965005 4738 0 27 2394266
double_sided 0.966004 4660 0 30 2338597
double_sided 0.967004 4772 0 33 2336732
double_sided 0.968005 4709 0 43 2338729
double_sided 0.969004 4638 0 26 2333512
double_sided 0.970004 4666 0 35 2337067
double_sided 0.971004 4770 0 25 2339914
double_sided 0.972005 4736 0 33 2339185
double_sided 0.973005 4754 0 26 2335373
double_sided 0.974004 4758 0 28 2332423
double_sided 0.975004 4767 0 19 2373088
double_sided 0.976004 4856 0 32 2426603
double_sided 0.977005 4872 0 46 2395661
double_sided 0.978004 4853 0 35 2333815
double_sided 0.979004 4769 0 30 2332063
double_sided 0.980005 4784 0 30 2336337
double_sided 0.981005 4894 0 35 2374389
double_sided 0.982004 4857 0 29 2430575
double_sided 0.983004 4824 0 22 2433189
double_sided 0.984005 4764 0 28 2432780
double_sided 0.985004 4768 0 30 2434777
double_sided 0.986004 4796 0 36 2398518
double_sided 0.987004 4724 0 18 2336652
double_sided 0.988004 4892 0 24 2333206
double_sided 0.989005 4836 0 32 2337499
double_sided 0.990004 4771 0 38 2332902
double_sided 0.991004 4836 0 32 2339007
double_sided 0.992004 4713 0 26 2363816
double_sided 0.993004 4764 0 27 2432060
double_sided 0.994004 4876 0 37 2432206
double_sided 0.995004 4880 0 35 2435119
double_sided 0.996004 4845 0 38 2427815
double_sided 0.997004 4794 0 23 2434220
double_sided 0.998004 4905 0 23 2436361
double_sided 0.999004 4864 0 35 2434049
double_sided 1.000005 4793 0 33 2431983
double_sided 1.001005 4805 0 37 2436901
double_sided 1.002005 4720 0 21 2433446
double_sided 1.003004 4822 0 31 2432164
double_sided 1.004004 4763 0 34 2431495
double_sided 1.005004 4892 0 35 2430759
double_sided 1.006004 4773 0 32 2435876
double_sided 1.007005 4751 0 40 2439107
double_sided 1.008005 4737 0 26 2394499
double_sided 1.009004 4639 0 22 2336710
double_sided 1.010004 4789 0 28 2339909
double_sided 1.011004 4757 0 23 2332195
double_sided 1.012005 4789 0 23 2332588
double_sided 1.013005 4689 0 21 2332208
double_sided 1.014004 4778 0 28 2328594
double_sided 1.015004 4775 0 35 2334956
double_sided 1.016004 4706 0 36 2335537
double_sided 1.017004 4757 0 26 2335109
double_sided 1.018004 4797 0 25 2336265
double_sided 1.019005 4779 0 26 2340183
double_sided 1.020005 4772 0 23 2360665
double_sided 1.021004 4834 0 25 2433154
double_sided 1.022005 4802 0 13 2394044
double_sided 1.023004 4774 0 23 2341016
double_sided 1.024005 4863 0 19 2430870
double_sided 1.025004 4951 0 35 2436529
double_sided 1.026005 4798 0 34 2432070
double_sided 1.027004 4829 0 34 2433423
double_sided 1.028005 4865 2 51 2365624
double_sided 1.029004 4890 0 35 2336744
double_sided 1.030004 4812 0 26 2378231
double_sided 1.031004 4871 0 46 2437688
double_sided 1.032004 4816 1 44 2426744
double_sided 1.033004 4681 0 34 2396783
double_sided 1.034005 4891 0 34 2336897
double_sided 1.035004 4767 0 23 2334382
double_sided 1.036005 4695 0 23 2332290
double_sided 1.037005 4679 0 31 2335094
double_sided 1.038004 4835 0 30 2336655
double_sided 1.039004 4781 0 23 2334041
double_sided 1.040005 4780 0 23 2334217
double_sided 1.041004 4847 0 26 2331512
double_sided 1.042005 4728 0 28 2355613
double_sided 1.043004 4934 0 44 2433071
double_sided 1.044005 4872 0 37 2407942
double_sided 1.045004 4705 0 25 2337910
double_sided 1.046004 4813 0 36 2340403
double_sided 1.047004 4859 0 24 2337207
double_sided 1.048005 4761 0 24 2333356
double_sided 1.049005 4783 0 28 2336293
double_sided 1.050004 4796 0 32 2337024
double_sided 1.051004 4823 0 25 2338843
double_sided 1.052005 4718 0 34 2335422
double_sided 1.053004 4628 0 35 2335902
double_sided 1.054004 4686 0 29 2359447
double_sided 1.055004 4729 0 39 2433422
double_sided 1.056005 4741 0 33 2432074
double_sided 1.057005 4702 0 23 2437760
double_sided 1.058005 4746 0 36 2433854
double_sided 1.059004 4796 0 31 2437836
double_sided 1.060004 4714 0 29 2430186
double_sided 1.061004 4761 0 35 2435393
double_sided 1.062004 4689 0 32 2436118
double_sided 1.063005 4770 0 48 2440092
double_sided 1.064004 4700 0 31 2429897
double_sided 1.065004 4744 0 33 2433655
double_sided 1.066004 4719 0 40 2439011
double_sided 1.067004 4783 0 21 2434330
double_sided 1.068006 4808 0 30 2435430
double_sided 1.069004 4610 0 41 2431430
double_sided 1.070004 4819 0 31 2432758
double_sided 1.071004 4676 0 27 2430421
double_sided 1.072005 4702 0 31 2423219
double_sided 1.073004 4717 0 27 2363960
double_sided 1.074004 4844 0 24 2431714
double_sided 1.075004 4694 0 36 2438505
double_sided 1.076004 4811 0 31 2427628
double_sided 1.077004 4684 0 17 2434292
double_sided 1.078005 4861 0 39 2440685
double_sided 1.079004 4733 0 22 2435188
double_sided 1.080004 4726 0 39 2429595
double_sided 1.081004 4768 0 32 2435238
double_sided 1.082004 4747 0 28 2432847
double_sided 1.083004 4686 0 23 2425902
double_sided 1.084005 4766 0 31 2363407
double_sided 1.085005 4619 0 29 2434710
double_sided 1.086005 4733 0 25 2436926
double_sided 1.087004 4706 0 35 2431959
double_sided 1.088005 4750 0 30 2352079
double_sided 1.089004 4761 0 27 2436786
double_sided 1.090005 4753 0 22 2438074
double_sided 1.091004 4720 0 32 2430376
double_sided 1.092004 4757 0 30 2427554
double_sided 1.093005 4809 0 27 2430079
double_sided 1.094004 4725 0 41 2437921
double_sided 1.095004 4798 0 31 2434379
double_sided 1.096005 4767 0 33 2429829
double_sided 1.097004 4777 0 32 2433998
double_sided 1.098005 4751 0 23 2433879
double_sided 1.099004 4753 0 27 2430462
double_sided 1.100005 4891 0 37 2429064
double_sided 1.101004 4843 0 30 2432774
double_sided 1.102004 4671 0 32 2434749
double_sided 1.103004 4755 0 41 2432021
double_sided 1.104005 4811 0 24 2426047
double_sided 1.105004 4731 0 36 2436762
double_sided 1.106004 4774 0 34 2432667
double_sided 1.107004 4818 0 28 2434735
double_sided 1.108005 4788 0 33 2431683
double_sided 1.109004 4753 0 32 2431499
double_sided 1.110004 4725 0 42 2436435
double_sided 1.111004 4931 3 35 2431222
double_sided 1.112006 4669 4 69 2312970
double_sided 1.113005 4658 0 39 2236574
double_sided 1.114005 4628 0 29 2335566
double_sided 1.115004 4686 0 29 2400627
double_sided 1.116005 4677 3 52 2396445
double_sided 1.117005 4643 0 39 2427751
double_sided 1.118005 4729 0 29 2435652
double_sided 1.119004 4676 0 23 2432477
double_sided 1.120005 4771 1 29 2429134
double_sided 1.121004 4779 0 40 2429529
double_sided 1.122005 5094 3 36 2431387
double_sided 1.123005 5117 3 47 2430172
double_sided 1.124005 4792 6 113 2425929
double_sided 1.125005 4843 0 23 2460941
double_sided 1.126005 4742 0 34 2485617
double_sided 1.127004 4725 0 23 2433976
double_sided 1.128005 4734 3 55 2428456
double_sided 1.129004 4816 0 44 2431866
double_sided 1.130004 4765 0 27 2431920
double_sided 1.131004 4795 0 34 2434729
double_sided 1.132005 4726 1 25 2429280
double_sided 1.133004 4813 0 26 2436786
double_sided 1.134004 4708 0 20 2463622
double_sided 1.135004 4751 3 46 2484551
double_sided 1.136005 4743 1 26 2429528
double_sided 1.137004 4738 0 28 2433349
double_sided 1.138004 4768 0 22 2439642
double_sided 1.139004 4643 0 36 2431845
double_sided 1.140005 4770 0 30 2435207
double_sided 1.141005 4679 0 29 2435275
double_sided 1.142004 4750 0 24 2433900
double_sided 1.143004 4790 0 32 2433795
double_sided 1.144005 4747 0 29 2396147
double_sided 1.145004 4630 0 19 2340081
double_sided 1.146004 4656 0 36 2499628
double_sided 1.147004 4762 0 35 2432305
double_sided 1.148005 4640 0 34 2428335
double_sided 1.149004 4760 0 25 2432999
double_sided 1.150004 4676 0 21 2433951
double_sided 1.151004 4716 0 24 2435850
double_sided 1.152005 4629 2 30 2434837
double_sided 1.153004 4569 0 27 2434667
double_sided 1.154004 4706 0 36 2439317
double_sided 1.155004 4700 0 26 2468585
double_sided 1.156005 4749 3 54 2524343
double_sided 1.157004 4662 0 39 2434152
double_sided 1.158004 4692 0 22 2436158
double_sided 1.159004 4633 0 26 2434495
double_sided 1.160005 4733 1 35 2401640
double_sided 1.161004 4673 0 23 2370657
double_sided 1.162004 4677 0 26 2434873
double_sided 1.163004 4594 0 20 2439350
double_sided 1.164005 4703 2 43 2429546
double_sided 1.165004 4756 0 32 2433860
double_sided 1.166004 4666 0 35 2433354
double_sided 1.167004 4810 0 36 2439191
double_sided 1.168005 4771 0 34 2428195
double_sided 1.169004 4725 0 32 2432910
double_sided 1.170004 4839 0 36 2431913
double_sided 1.171004 4629 0 26 2428784
double_sided 1.172005 4737 2 27 2430426
double_sided 1.173005 4750 0 26 2438856
double_sided 1.174005 4784 0 32 2433932
double_sided 1.175004 4852 0 40 2430988
double_sided 1.176005 4724 1 50 2429211
double_sided 1.177004 4724 0 39 2430929
double_sided 1.178004 4845 0 36 2434559
double_sided 1.179004 4782 0 25 2433708
double_sided 1.180005 4802 3 40 2426061
double_sided 1.181004 4629 0 26 2439298
double_sided 1.182004 4775 0 23 2432664
double_sided 1.183004 4671 0 27 2433209
double_sided 1.184004 4749 2 32 2430515
double_sided 1.185005 4721 0 34 2436273
double_sided 1.186004 4779 0 27 2396542
double_sided 1.187004 4685 0 27 2421879
double_sided 1.188005 4898 1 40 2500372
double_sided 1.189004 4712 0 24 2435887
double_sided 1.190004 4826 0 35 2432363
double_sided 1.191005 4753 0 28 2386311
double_sided 1.192005 4710 1 38 2355960
double_sided 1.193004 4638 0 19 2435635
double_sided 1.194004 4636 0 25 2437654
double_sided 1.195004 4734 0 32 2436668
double_sided 1.196005 4678 1 26 2431633
double_sided 1.197004 4702 0 23 2469524
double_sided 1.198004 4750 0 30 2505803
double_sided 1.199005 4732 0 33 2383157
double_sided 1.200004 4692 0 23 2338211
double_sided 1.201004 4783 0 36 2471276
double_sided 1.202004 4785 0 30 2515397
double_sided 1.203004 4785 0 29 2438238
double_sided 1.204005 4790 0 38 2440225
double_sided 1.205004 4786 0 35 2490102
double_sided 1.206004 4788 0 30 2435098
double_sided 1.207004 4797 0 43 2435091
double_sided 1.208005 4828 0 36 2434929
double_sided 1.209004 4770 0 38 2432926
double_sided 1.210004 4818 0 30 2433873
double_sided 1.211004 4765 0 24 2436418
double_sided 1.212005 4796 0 29 2432484
double_sided 1.213004 4792 0 32 2430316
double_sided 1.214004 4775 0 25 2433502
double_sided 1.215004 4759 0 40 2437311
double_sided 1.216005 4778 0 48 2431315
double_sided 1.217004 4811 0 20 2432790
double_sided 1.218004 4780 0 31 2428569
double_sided 1.219004 4645 0 45 2435680
double_sided 1.220005 4732 0 41 2432761
double_sided 1.221004 4774 0 31 2430245
double_sided 1.222005 4821 0 38 2436090
double_sided 1.223004 4623 0 22 2434373
double_sided 1.224004 4773 0 36 2431285
double_sided 1.225005 4763 0 37 2436548
double_sided 1.226004 4764 0 42 2431939
double_sided 1.227004 4691 0 37 2435935
double_sided 1.228005 4792 0 18 2430675
double_sided 1.229005 4706 0 48 2431081
double_sided 1.230005 4734 0 37 2429473
double_sided 1.231004 4765 0 29 2434192
double_sided 1.232005 4846 0 47 2428360
double_sided 1.233004 4791 0 35 2431050
double_sided 1.234004 4845 0 38 2394306
double_sided 1.235004 4729 0 30 2357145
double_sided 1.236005 4807 0 38 2432263
double_sided 1.237004 4849 0 51 2429936
double_sided 1.238004 4860 0 31 2432520
double_sided 1.239004 4823 0 27 2437890
double_sided 1.240005 4920 0 35 2395536
double_sided 1.241004 4739 0 18 2333176
double_sided 1.242004 4828 0 35 2338358
double_sided 1.243004 4777 0 53 2338374
double_sided 1.244005 4854 0 27 2331399
double_sided 1.245004 4900 0 36 2363971
double_sided 1.246004 4763 0 19 2434507
double_sided 1.247004 4723 0 22 2432359
double_sided 1.248005 4791 0 27 2365421
double_sided 1.249004 4688 0 42 2337670
double_sided 1.250004 4728 0 32 2337186
double_sided 1.251004 4779 0 19 2333225
double_sided 1.252005 4638 0 36 2332698
double_sided 1.253004 4769 0 35 2338914
double_sided 1.254004 4695 0 21 2395148
double_sided 1.255004 4724 0 25 2336607
double_sided 1.256005 4721 0 33 2334514
double_sided 1.257004 4754 0 20 2336685
double_sided 1.258004 4814 0 43 2363390
double_sided 1.259004 4726 0 28 2427176
double_sided 1.260005 4848 0 28 2364235
double_sided 1.261004 4898 0 46 2430656
double_sided 1.262004 4760 0 26 2394986
double_sided 1.263004 4772 0 22 2335827
double_sided 1.264005 4836 0 42 2335295
double_sided 1.265004 4783 0 31 2331332
double_sided 1.266004 4880 0 28 2339988
double_sided 1.267004 4886 0 39 2355452
double_sided 1.268005 4771 0 23 2432200
double_sided 1.269004 4697 0 35 2434161
double_sided 1.270004 4791 0 33 2438896
double_sided 1.271004 4801 0 33 2435620
double_sided 1.272004 4896 0 35 2430185
double_sided 1.273004 4941 0 23 2437227
double_sided 1.274004 4830 0 35 2416067
double_sided 1.275004 4872 0 35 2337195
double_sided 1.276005 4770 0 31 2332396
double_sided 1.277004 4875 0 31 2338964
double_sided 1.278004 4750 0 43 2333533
double_sided 1.279004 4757 0 29 2337424
double_sided 1.280005 4920 0 36 2367996
double_sided 1.281004 4760 0 28 2424893
double_sided 1.282004 4669 0 22 2363892
double_sided 1.283004 4792 0 21 2426875
double_sided 1.284004 4847 0 38 2334434
double_sided 1.285005 4741 0 26 2380689
double_sided 1.286004 4833 0 22 2410700
double_sided 1.287004 4806 0 26 2337853
double_sided 1.288004 4846 0 33 2333933
double_sided 1.289005 4770 0 24 2336364
double_sided 1.290004 4663 0 42 2337398
double_sided 1.291004 4893 0 24 2370502
double_sided 1.292005 4861 0 32 2435181
double_sided 1.293005 4716 0 24 2434901
double_sided 1.294004 4798 0 32 2434016
double_sided 1.295004 4806 0 19 2388129
double_sided 1.296005 4793 0 22 2358959
double_sided 1.297004 4770 0 34 2432080
double_sided 1.298004 4787 0 42 2407337
double_sided 1.299004 4857 0 45 2334277
double_sided 1.300004 4852 0 33 2360474
double_sided 1.301005 4849 0 34 2432575
double_sided 1.302005 4788 0 24 2403745
double_sided 1.303004 4802 0 23 2337064
double_sided 1.304004 4824 0 33 2335056
double_sided 1.305005 4705 0 31 2334333
double_sided 1.306004 4793 0 34 2333494
double_sided 1.307004 4671 0 29 2338045
double_sided 1.308005 4800 0 43 2334986
double_sided 1.309004 4798 0 35 2365721
double_sided 1.310004 4882 0 28 2427582
double_sided 1.311004 4806 0 30 2433972
double_sided 1.312005 4774 0 32 2432182
double_sided 1.313004 4854 0 50 2395936
double_sided 1.314005 4681 0 23 2335908
double_sided 1.315004 4749 0 28 2330946
double_sided 1.316004 4775 0 39 2335309
double_sided 1.317005 4701 2 47 2338336
double_sided 1.318004 4609 0 27 2331753
double_sided 1.319004 4732 0 30 2340796
double_sided 1.320005 4761 1 39 2366879
double_sided 1.321004 4748 0 21 2435669
double_sided 1.322005 4872 0 27 2438461
double_sided 1.323005 4925 0 34 2434574
double_sided 1.324005 4781 0 30 2434118
double_sided 1.325004 4738 0 35 2435891
double_sided 1.326004 4685 0 22 2387625
double_sided 1.327004 4720 0 26 2355264
double_sided 1.328005 4822 0 39 2435510
double_sided 1.329005 4721 0 39 2402060
double_sided 1.330004 4784 0 28 2335896
double_sided 1.331004 4765 0 31 2333537
double_sided 1.332005 4790 0 28 2336280
double_sided 1.333005 4711 0 29 2330869
double_sided 1.334004 4818 0 33 2334704
double_sided 1.335005 4757 0 37 2342265
double_sided 1.336004 4749 0 30 2329132
double_sided 1.337005 4761 0 38 2339569
double_sided 1.338004 4646 0 22 2335773
double_sided 1.339004 4634 0 27 2337069
double_sided 1.340005 4698 0 41 2334434
double_sided 1.341005 4915 0 21 2337780
double_sided 1.342004 4826 0 35 2332679
double_sided 1.343004 4838 0 21 2334077
double_sided 1.344005 4779 0 40 2335489
double_sided 1.345004 4837 0 34 2337219
double_sided 1.346004 4829 0 41 2335617
double_sided 1.347005 4773 0 37 2361959
double_sided 1.348004 4913 3 34 2430377
double_sided 1.349005 4871 0 53 2397506
double_sided 1.350004 4739 0 31 2335330
double_sided 1.351004 4903 0 30 2333275
double_sided 1.352004 4876 1 34 2334256
double_sided 1.353005 4918 0 26 2379604
double_sided 1.354004 4914 0 36 2427692
double_sided 1.355004 4883 0 20 2434422
double_sided 1.356005 4975 0 38 2436152
double_sided 1.357004 5016 0 38 2431663
double_sided 1.358004 4972 0 25 2433790
double_sided 1.359004 4758 0 41 2431618
double_sided 1.360005 4886 0 27 2355524
double_sided 1.361004 5010 0 36 2435086
double_sided 1.362004 4875 0 36 2432316
double_sided 1.363004 4980 0 38 2434276
double_sided 1.364004 4988 0 52 2429609
double_sided 1.365005 4953 0 45 2434638
double_sided 1.366005 4828 0 36 2423034
double_sided 1.367004 4817 0 31 2370830
double_sided 1.368005 4925 0 37 2423157
double_sided 1.369004 4779 0 29 2337914
double_sided 1.370004 4833 0 19 2332992
double_sided 1.371004 4974 0 38 2368224
double_sided 1.372004 4872 0 37 2423287
double_sided 1.373005 4914 0 45 2365672
double_sided 1.374004 4749 0 29 2442613
double_sided 1.375004 4945 0 37 2530258
double_sided 1.376004 4972 0 35 2505967
double_sided 1.377004 4866 0 28 2435771
double_sided 1.378004 5042 0 38 2430815
double_sided 1.379004 4914 0 22 2436230
double_sided 1.380005 4966 1 53 2363531
double_sided 1.381005 4909 0 28 2352524
double_sided 1.382004 5033 0 40 2430192
double_sided 1.383004 4933 0 27 2438078
double_sided 1.384005 4463 4 70 2432479
double_sided 1.385005 4871 4 40 2524820
double_sided 1.386006 5000 0 27 2636112
double_sided 1.387004 4923 0 31 2431562
double_sided 1.388004 4938 3 43 2427924
double_sided 1.389004 4934 0 40 2476889
double_sided 1.390005 4989 0 34 2490055
double_sided 1.391005 4883 0 34 2434197
double_sided 1.392005 4929 2 61 2434349
double_sided 1.393005 4968 0 22 2434638
double_sided 1.394004 5020 0 19 2432314
double_sided 1.395004 4938 0 37 2440084
double_sided 1.396005 4911 1 26 2425830
double_sided 1.397004 4936 0 44 2436697
double_sided 1.398004 4949 0 24 2433628
double_sided 1.399004 4926 0 51 2396554
double_sided 1.400004 4981 1 29 2339129
double_sided 1.401005 4932 0 34 2436227
double_sided 1.402005 4873 0 25 2434938
double_sided 1.403004 4824 0 20 2422822
double_sided 1.404005 4910 1 47 2359253
double_sided 1.405004 4949 0 39 2433910
double_sided 1.406004 4900 0 38 2393213
double_sided 1.407004 4850 0 27 2340134
double_sided 1.408004 4827 1 24 2430641
double_sided 1.409004 5101 0 33 2435080
double_sided 1.410004 5117 0 32 2433257
double_sided 1.411004 4973 0 43 2432827
double_sided 1.412004 4935 1 27 2430184
double_sided 1.413005 4899 0 42 2433378
double_sided 1.414005 4981 0 21 2431742
double_sided 1.415004 4889 0 34 2433361
double_sided 1.416004 4865 0 35 2417896
double_sided 1.417005 4982 0 40 2369624
double_sided 1.418004 5030 0 41 2436877
double_sided 1.419004 4668 0 40 2433181
double_sided 1.420005 4883 0 27 2432248
double_sided 1.421004 4902 0 31 2386918
double_sided 1.422004 5040 0 36 2336555
double_sided 1.423005 4881 0 26 2372150
double_sided 1.424004 4926 0 27 2430071
double_sided 1.425005 4856 0 27 2433450
double_sided 1.426004 4895 0 24 2394406
double_sided 1.427004 4859 0 29 2334325
double_sided 1.428005 4818 1 30 2366466
double_sided 1.429005 4776 0 23 2435553
double_sided 1.430004 4852 0 35 2430349
double_sided 1.431004 4913 0 35 2434083
double_sided 1.432005 4942 0 29 2366655
double_sided 1.433005 4861 0 33 2331621
double_sided 1.434004 4860 0 33 2332124
double_sided 1.435005 4832 0 35 2338963
double_sided 1.436004 4874 0 29 2330785
double_sided 1.437005 4853 0 21 2341520
double_sided 1.438004 4851 0 29 2333991
double_sided 1.439004 4844 0 32 2338023
double_sided 1.440005 4847 0 37 2332852
double_sided 1.441004 4805 0 25 2431588
double_sided 1.442004 4833 0 22 2393042
double_sided 1.443004 4794 0 32 2338888
double_sided 1.444004 4832 0 33 2328821
double_sided 1.445005 4910 0 18 2335554
double_sided 1.446004 4873 0 40 2334323
double_sided 1.447004 4844 0 18 2338992
double_sided 1.448004 4823 0 37 2336267
double_sided 1.449005 4847 0 32 2380833
double_sided 1.450004 4572 0 24 2430899
double_sided 1.451004 4642 0 31 2442431
double_sided 1.452005 4848 0 25 2495653
double_sided 1.453004 4895 0 32 2405044
double_sided 1.454004 4852 0 36 2336233
double_sided 1.455004 4862 0 31 2335099
double_sided 1.456004 4985 0 31 2332586
double_sided 1.457004 4903 0 31 2336068
double_sided 1.458004 4855 0 19 2336963
double_sided 1.459004 4895 0 23 2336264
double_sided 1.460005 4909 0 27 2338094
double_sided 1.461005 4755 0 30 2435689
double_sided 1.462004 4867 0 31 2432810
double_sided 1.463004 4860 0 26 2434160
double_sided 1.464005 4835 0 34 2431989
double_sided 1.465005 4876 0 41 2434821
double_sided 1.466004 4820 0 41 2431977
double_sided 1.467004 4798 0 29 2434602
double_sided 1.468005 4788 0 41 2433046
double_sided 1.469004 4858 0 31 2329929
double_sided 1.470004 4758 0 27 2378231
double_sided 1.471004 4807 0 22 2433782
double_sided 1.472005 4804 0 27 2431032
double_sided 1.473004 4920 0 26 2432899
double_sided 1.474005 4807 0 30 2435779
double_sided 1.475004 4956 0 41 2433153
double_sided 1.476005 4900 0 40 2429420
double_sided 1.477004 4798 0 32 2438027
double_sided 1.478004 4872 0 34 2430061
double_sided 1.479004 4768 0 25 2391742
double_sided 1.480005 4811 0 36 2332037
double_sided 1.481004 4682 0 34 2333894
double_sided 1.482004 4788 0 33 2336461
double_sided 1.483004 4729 0 28 2332612
double_sided 1.484004 4600 0 36 2339188
double_sided 1.485005 4751 0 24 2336876
double_sided 1.486004 4689 0 20 2336117
double_sided 1.487004 4736 0 40 2335500
double_sided 1.488005 4725 0 23 2398861
double_sided 1.489004 4758 0 46 2402303
double_sided 1.490004 4777 0 35 2336837
double_sided 1.491004 4817 0 32 2337387
double_sided 1.492005 4894 0 33 2333741
double_sided 1.493004 4869 0 26 2340644
double_sided 1.494004 4731 0 20 2403025
double_sided 1.495004 4795 0 31 2374428
double_sided 1.496005 4898 0 27 2430228
double_sided 1.497005 4831 0 37 2434668
double_sided 1.498004 4803 0 33 2437238
double_sided 1.499004 4880 0 35 2429930
double_sided 1.500005 4762 0 32 2334409
double_sided 1.501004 4726 0 33 2336109
double_sided 1.502005 4726 0 26 2338267
double_sided 1.503004 4783 0 33 2338792
double_sided 1.504004 4746 0 35 2338137
double_sided 1.505005 4837 0 30 2332498
double_sided 1.506004 4811 0 42 2359924
double_sided 1.507004 4795 0 34 2436785
double_sided 1.508005 4858 0 22 2400786
double_sided 1.509005 4834 0 33 2333263
double_sided 1.510004 4895 0 22 2432475
double_sided 1.511004 4853 0 37 2435754
double_sided 1.512004 4819 0 33 2435383
double_sided 1.513005 4775 0 17 2434991
double_sided 1.514005 4793 0 40 2433826
double_sided 1.515004 4785 0 27 2435563
double_sided 1.516004 4734 1 54 2428877
double_sided 1.517004 4839 0 29 2399556
double_sided 1.518004 4759 0 32 2344481
double_sided 1.519004 4768 0 21 2391468
double_sided 1.520004 4796 0 35 2357747
double_sided 1.521004 4790 0 25 2436048
double_sided 1.522004 4689 0 34 2396844
double_sided 1.523005 4765 0 26 2377128
double_sided 1.524005 4658 1 22 2400743
double_sided 1.525005 4790 0 39 2336440
double_sided 1.526004 4831 0 28 2337167
double_sided 1.527004 4760 0 28 2333060
double_sided 1.528004 4822 0 39 2334493
double_sided 1.529004 4718 0 22 2335839
double_sided 1.530004 4705 0 21 2334525
double_sided 1.531004 4748 0 26 2332936
double_sided 1.532005 4693 1 27 2336260
double_sided 1.533005 4830 0 41 2339369
double_sided 1.534004 4927 0 42 2337395
double_sided 1.535005 4775 0 32 2340070
double_sided 1.536005 4831 0 28 2392705
double_sided 1.537005 4956 0 26 2336962
double_sided 1.538005 4853 0 29 2400249
double_sided 1.539004 4757 0 37 2378990
double_sided 1.540004 4928 0 38 2424476
double_sided 1.541005 4723 0 42 2436390
double_sided 1.542004 4841 0 35 2431812
double_sided 1.543004 4857 0 26 2434386
double_sided 1.544005 4920 0 32 2431846
double_sided 1.545004 4840 0 44 2434839
double_sided 1.546004 4749 0 31 2396245
double_sided 1.547004 4792 0 24 2337051
double_sided 1.548005 4814 0 20 2333511
double_sided 1.549004 4769 0 31 2340724
double_sided 1.550005 4811 0 24 2436443
double_sided 1.551004 4647 0 31 2431705
double_sided 1.552005 4674 0 28 2435151
double_sided 1.553004 4778 0 28 2398924
double_sided 1.554004 4761 0 39 2339474
double_sided 1.555004 4814 0 19 2337534
double_sided 1.556004 4835 0 39 2338523
double_sided 1.557005 4783 0 39 2395175
double_sided 1.558004 4803 0 31 2335761
double_sided 1.559004 4782 0 31 2379955
double_sided 1.560004 4608 0 52 2404331
double_sided 1.561004 4818 0 40 2335934
double_sided 1.562004 4684 0 38 2333239
double_sided 1.563004 4751 0 26 2337280
double_sided 1.564004 4762 0 34 2333892
double_sided 1.565005 4879 0 36 2341756
double_sided 1.566004 4713 0 15 2358430
double_sided 1.567004 4809 0 38 2439801
double_sided 1.568005 4669 0 36 2391638
double_sided 1.569004 4637 0 26 2336943
double_sided 1.570004 4731 0 30 2370365
double_sided 1.571004 4689 0 46 2422794
double_sided 1.572005 4828 0 27 2327770
double_sided 1.573004 4737 0 31 2335668
double_sided 1.574004 4734 0 39 2405336
double_sided 1.575004 4798 0 44 2514981
double_sided 1.576005 4770 0 31 2396457
double_sided 1.577004 4755 0 26 2489863
double_sided 1.578004 4744 0 37 2431823
double_sided 1.579005 4709 0 24 2395202
double_sided 1.580005 4792 0 30 2337419
double_sided 1.581005 4708 0 36 2366842
double_sided 1.582004 4694 0 27 2385328
double_sided 1.583004 4775 0 32 2332848
double_sided 1.584004 4754 0 21 2331367
double_sided 1.585004 4668 0 31 2430470
double_sided 1.586004 4583 0 26 2434647
double_sided 1.587004 4702 0 26 2431895
double_sided 1.588004 4786 0 32 2429873
double_sided 1.589004 4772 0 39 2435239
double_sided 1.590004 4693 0 38 2436224
double_sided 1.591004 4678 0 31 2435427
double_sided 1.592005 4723 0 22 2434330
double_sided 1.593004 4703 0 41 2432062
double_sided 1.594004 4754 0 43 2434151
double_sided 1.595004 4756 0 39 2435024
double_sided 1.596005 4646 0 35 2357356
double_sided 1.597005 4648 0 21 2397690
double_sided 1.598004 4725 0 37 2357632
double_sided 1.599004 4742 0 28 2433776
double_sided 1.600004 4746 0 26 2426882
double_sided 1.601005 4781 0 26 2436552
double_sided 1.602004 4720 0 19 2434276
double_sided 1.603004 4665 0 19 2429550
double_sided 1.604004 4759 0 23 2433765
double_sided 1.605004 4786 0 25 2437772
double_sided 1.606004 4745 0 29 2432618
double_sided 1.607004 4731 0 30 2434675
double_sided 1.608005 4776 1 30 2434866
double_sided 1.609004 4853 0 27 2432508
double_sided 1.610005 4746 0 30 2434971
double_sided 1.611004 4681 0 31 2396199
double_sided 1.612005 4774 0 25 2333205
double_sided 1.613004 4640 0 34 2431390
double_sided 1.614004 4809 0 31 2435618
double_sided 1.615004 4809 0 33 2438480
double_sided 1.616005 4662 0 42 2439128
double_sided 1.617005 4827 0 33 2490585
double_sided 1.618004 4813 0 21 2429981
double_sided 1.619004 4597 0 27 2431354
double_sided 1.620004 4773 0 40 2368916
double_sided 1.621005 4824 0 50 2359080
double_sided 1.622004 4892 0 23 2432968
double_sided 1.623005 4807 0 33 2435975
double_sided 1.624004 4702 0 31 2427053
double_sided 1.625004 4816 0 22 2436051
double_sided 1.626005 4690 0 33 2429097
double_sided 1.627004 4639 0 21 2362098
double_sided 1.628005 4740 0 32 2435008
double_sided 1.629004 4618 0 31 2436585
double_sided 1.630004 4651 0 35 2434319
double_sided 1.631004 4680 0 25 2430153
double_sided 1.632005 4791 0 23 2432928
double_sided 1.633004 4736 0 34 2433558
double_sided 1.634004 4813 0 28 2436142
double_sided 1.635004 4672 0 40 2436262
double_sided 1.636005 4784 3 38 2433738
double_sided 1.637005 4833 0 31 2430671
double_sided 1.638004 4841 0 25 2435438
double_sided 1.639004 4798 0 30 2434913
double_sided 1.640005 4796 2 46 2435124
double_sided 1.641004 4733 0 37 2427563
double_sided 1.642004 4704 0 34 2432960
double_sided 1.643004 4810 0 29 2436279
double_sided 1.644005 4752 0 33 2431072
double_sided 1.645005 4769 0 26 2431606
double_sided 1.646004 4743 0 29 2433793
double_sided 1.647004 4732 0 38 2433933
double_sided 1.648005 4797 0 49 2433109
double_sided 1.649004 4725 0 34 2433924
double_sided 1.650004 4697 0 30 2434999
double_sided 1.651004 4871 0 45 2435319
double_sided 1.652005 4695 0 35 2435535
double_sided 1.653004 4814 0 37 2430564
double_sided 1.654004 4752 0 30 2432583
double_sided 1.655004 4859 0 33 2431790
double_sided 1.656005 4807 0 43 2431692
double_sided 1.657004 4815 0 52 2461013
double_sided 1.658004 4782 0 26 2485532
double_sided 1.659004 4803 0 26 2433728
double_sided 1.660005 4864 1 33 2427967
double_sided 1.661004 4710 0 33 2433267
double_sided 1.662004 4724 0 36 2430458
double_sided 1.663004 4869 0 45 2434463
double_sided 1.664005 4761 0 26 2431065
double_sided 1.665004 4634 0 31 2438665
double_sided 1.666004 4720 0 39 2438647
double_sided 1.667004 4676 0 33 2431859
double_sided 1.668005 4857 0 40 2435070
double_sided 1.669005 4708 0 37 2437933
double_sided 1.670005 4738 0 19 2434933
double_sided 1.671004 4796 0 42 2427359
double_sided 1.672009 4734 0 34 2441146
double_sided 1.673005 4713 0 19 2416491
double_sided 1.674004 4754 0 37 2433302
double_sided 1.675004 4768 0 30 2432977
double_sided 1.676005 4751 0 29 2434222
double_sided 1.677004 4759 0 26 2433574
double_sided 1.678004 4754 0 40 2435950
double_sided 1.679004 4733 0 43 2437236
double_sided 1.680007 4730 0 48 2442458
double_sided 1.681004 4711 0 32 2428479
double_sided 1.682004 4740 0 47 2433376
double_sided 1.683004 4821 0 35 2432664
double_sided 1.684004 4706 0 42 2429878
double_sided 1.685004 4646 0 31 2438253
double_sided 1.686004 4741 0 28 2435727
double_sided 1.687004 4759 0 35 2437474
double_sided 1.688004 4791 0 39 2430363
double_sided 1.689004 4711 0 25 2428548
double_sided 1.690004 4798 0 39 2439307
double_sided 1.691004 4810 0 43 2439252
double_sided 1.692004 4719 0 36 2430172
double_sided 1.693004 4736 0 29 2436959
double_sided 1.694004 4609 0 46 2437154
double_sided 1.695005 4763 0 36 2434281
double_sided 1.696004 4754 0 23 2432512
double_sided 1.697004 4774 0 30 2497591
double_sided 1.698004 4750 0 34 2431482
double_sided 1.699004 4726 0 24 2434269
double_sided 1.700005 4790 0 45 2434434
double_sided 1.701004 4793 0 46 2430551
double_sided 1.702004 4719 0 29 2435602
double_sided 1.703005 4688 3 34 2436891
double_sided 1.704004 4714 1 31 2424903
double_sided 1.705004 4748 3 30 2434468
double_sided 1.706005 4711 0 34 2349664
double_sided 1.707005 4630 0 31 2254335
double_sided 1.708005 4670 1 27 2368493
double_sided 1.709004 4702 0 27 2429580
double_sided 1.710004 4781 0 28 2432046
double_sided 1.711004 4775 0 41 2430376
double_sided 1.712005 4825 0 24 2432156
double_sided 1.713005 4799 2 53 2332582
double_sided 1.714006 4707 0 33 2235265
double_sided 1.715004 4739 0 17 2243282
double_sided 1.716004 4812 2 31 2392318
double_sided 1.717005 4769 0 32 2435147
double_sided 1.718004 4743 0 29 2431764
double_sided 1.719004 4711 0 25 2436441
double_sided 1.720004 4739 4 56 2429444
double_sided 1.721005 4804 0 39 2435307
double_sided 1.722005 4873 3 64 2434860
double_sided 1.723005 5174 3 63 2433442
double_sided 1.724005 4958 4 74 2476704
double_sided 1.725005 4878 0 47 2491654
double_sided 1.726004 4721 0 24 2433453
double_sided 1.727004 4832 0 25 2434870
double_sided 1.728004 4801 0 70 2435259
double_sided 1.729004 4823 0 25 2489013
double_sided 1.730004 4675 0 32 2433275
double_sided 1.731004 4806 0 33 2432003
double_sided 1.732005 4677 6 58 2428496
double_sided 1.733004 4827 0 37 2490952
double_sided 1.734004 4735 0 30 2435910
double_sided 1.735004 4785 3 49 2434468
double_sided 1.736005 4773 2 31 2431642
