4 0.001020 4174 5 65 2349064
4 0.002008 4544 0 27 2571699
4 0.003005 4705 0 20 2625610
4 0.004005 4701 1 22 2625893
4 0.005005 4719 0 38 2627331
4 0.006005 4770 0 33 2628976
4 0.007004 4572 0 27 2631897
4 0.008005 4748 2 53 2625291
4 0.009005 4634 0 24 2625461
4 0.010005 4679 0 24 2628288
4 0.011004 4720 0 28 2632581
4 0.012005 4523 7 18 2552734
4 0.013005 4721 0 21 2624961
4 0.014005 4815 0 37 2633448
4 0.015004 4612 0 31 2628300
4 0.016005 4740 2 49 2618858
4 0.017005 4695 0 22 2634139
4 0.018005 4654 0 34 2634271
4 0.019004 4565 0 22 2631495
4 0.020005 4596 2 50 2598175
4 0.021004 4658 0 30 2631734
4 0.022004 4779 0 30 2697075
4 0.023004 4571 0 16 2628952
4 0.024005 4587 1 14 2653148
4 0.025005 4670 0 26 2722247
4 0.026005 4643 0 28 2631513
4 0.027004 4636 0 33 2630247
4 0.028005 4662 1 27 2628730
4 0.029005 4518 0 26 2634817
4 0.030004 4662 0 28 2626492
4 0.031004 4635 0 17 2628157
4 0.032005 4697 1 31 2627299
4 0.033004 4582 0 21 2628986
4 0.034005 4613 0 25 2630344
4 0.035004 4610 0 19 2626889
4 0.036005 4627 3 35 2625389
4 0.037004 4652 0 34 2626252
4 0.038005 4647 0 14 2627287
4 0.039004 4653 0 17 2625761
4 0.040005 4699 1 34 2628512
4 0.041005 4638 0 17 2627072
4 0.042005 4565 0 44 2624777
4 0.043005 4590 0 33 2631552
4 0.044005 4682 0 14 2624272
4 0.045004 4674 0 34 2634362
4 0.046004 4614 0 24 2627440
4 0.047004 4696 0 24 2629233
4 0.048005 4644 0 29 2630621
4 0.049004 4598 0 16 2632606
4 0.050005 4599 0 19 2634904
4 0.051004 4707 0 26 2628139
4 0.052005 4613 0 33 2625214
4 0.053005 4566 0 19 2630042
4 0.054004 4663 0 32 2664397
4 0.055004 4622 0 18 2691255
4 0.056005 4649 0 44 2636239
4 0.057006 4630 0 15 2687438
4 0.058005 4675 0 32 2629897
4 0.059004 4702 0 32 2669832
4 0.060005 5018 0 34 2725157
4 0.061005 4682 0 20 2723747
4 0.062004 4658 0 20 2628177
4 0.063004 4668 0 22 2631003
4 0.064005 4692 0 61 2627374
4 0.065005 4762 0 30 2636121
4 0.066005 4630 0 19 2627449
4 0.067004 4545 0 19 2629535
4 0.068005 4671 0 34 2626153
4 0.069005 4500 0 26 2585982
4 0.070005 4684 0 40 2629248
4 0.071004 4742 0 41 2629670
4 0.072005 4610 0 26 2623639
4 0.073005 4658 0 25 2633397
4 0.074005 4741 0 35 2622992
4 0.075004 4705 0 37 2636454
4 0.076005 4596 0 21 2627172
4 0.077005 4687 3 18 2633255
4 0.078005 4809 0 32 2627622
4 0.079004 4718 0 22 2626760
4 0.080005 4647 1 38 2628473
4 0.081005 4719 0 31 2629558
4 0.082005 4584 0 20 2630554
4 0.083004 4635 0 28 2627983
4 0.084005 4657 0 22 2624284
4 0.085005 4491 0 18 2633643
4 0.086005 4549 0 19 2625364
4 0.087004 4604 0 53 2635804
4 0.088005 4708 0 33 2620404
4 0.089005 4732 0 35 2559826
4 0.090004 4709 0 17 2626767
4 0.091004 4717 0 22 2622333
4 0.092005 4727 0 26 2631422
4 0.093004 4718 0 24 2628029
4 0.094004 4734 0 27 2629230
4 0.095004 4699 0 28 2632057
4 0.096005 4660 0 26 2627224
4 0.097004 4606 0 19 2627084
4 0.098004 4652 0 20 2633949
4 0.099005 4644 0 31 2628892
4 0.100005 4645 1 28 2685120
4 0.101005 4679 0 18 2726398
4 0.102005 4636 0 22 2723372
4 0.103004 4705 0 23 2712860
4 0.104005 4577 4 47 2588130
4 0.105005 4635 0 25 2529293
4 0.106005 4601 0 18 2625731
4 0.107004 4713 0 30 2626066
4 0.108005 4666 0 40 2654028
4 0.109005 4675 0 32 2685571
4 0.110005 4675 0 28 2633349
4 0.111004 4703 0 28 2630175
4 0.112005 4675 1 26 2624890
4 0.113005 4663 0 21 2624498
4 0.114005 4680 0 24 2696487
4 0.115004 4636 0 23 2630585
4 0.116005 4606 0 32 2628466
4 0.117005 4736 0 31 2631203
4 0.118005 4656 0 22 2628417
4 0.119004 4617 0 38 2628261
4 0.120005 4617 0 18 2628483
4 0.121006 4654 0 30 2631164
4 0.122004 4591 0 30 2627786
4 0.123004 4595 0 25 2631989
4 0.124005 4699 0 39 2628588
4 0.125004 4639 0 26 2624295
4 0.126004 4640 0 43 2631367
4 0.127004 4614 0 27 2628662
4 0.128005 4701 0 28 2662477
4 0.129004 4678 0 27 2718375
4 0.130004 4698 0 19 2631487
4 0.131004 4621 0 12 2635314
4 0.132005 4604 0 17 2625992
4 0.133005 4651 0 28 2632029
4 0.134005 4669 0 19 2631996
4 0.135004 4649 0 38 2627995
4 0.136005 4705 0 24 2625832
4 0.137005 4625 0 22 2627173
4 0.138004 4659 0 24 2631355
4 0.139004 4700 0 41 2633527
4 0.140005 4726 0 19 2558073
4 0.141004 4672 0 36 2533539
4 0.142004 4683 0 53 2566867
4 0.143004 4686 0 19 2621278
4 0.144005 4820 0 46 2562573
4 0.145004 4799 0 38 2632078
4 0.146005 4760 0 20 2627638
4 0.147004 4718 0 34 2624573
4 0.148005 4782 0 30 2551816
4 0.149005 4741 0 17 2630752
4 0.150005 4708 0 30 2632584
4 0.151004 4594 0 24 2633800
4 0.152005 4614 0 35 2629373
4 0.153004 4657 0 32 2609844
4 0.154004 4761 0 37 2575410
4 0.155004 4757 0 23 2605342
4 0.156005 4685 0 32 2527794
4 0.157005 4704 0 38 2531528
4 0.158005 4747 0 33 2531639
4 0.159004 4704 0 62 2537469
4 0.160005 4754 0 37 2528729
4 0.161005 4729 0 22 2530016
4 0.162004 4758 0 33 2528835
4 0.163004 4577 0 33 2534984
4 0.164005 4691 1 29 2526943
4 0.165005 4653 0 30 2535045
4 0.166004 4760 0 29 2531827
4 0.167004 4754 0 40 2531160
4 0.168005 4659 0 21 2532520
4 0.169004 4705 0 24 2530957
4 0.170004 4766 0 32 2529917
4 0.171004 4720 0 36 2535231
4 0.172005 4808 0 31 2521752
4 0.173005 4695 0 26 2528599
4 0.174004 4712 0 20 2560687
4 0.175004 4708 0 20 2631708
4 0.176005 4696 0 29 2628370
4 0.177005 4738 0 27 2624002
4 0.178004 4677 0 24 2631205
4 0.179004 4775 0 19 2632849
4 0.180005 4705 0 25 2622950
4 0.181004 4714 0 20 2627689
4 0.182004 4668 0 21 2634697
4 0.183004 4738 0 29 2625222
4 0.184005 4750 0 36 2633711
4 0.185005 4632 0 36 2634509
4 0.186004 4633 0 18 2625574
4 0.187005 4727 0 28 2633819
4 0.188005 4671 0 28 2627163
4 0.189005 4647 0 25 2630015
4 0.190004 4757 0 34 2632987
4 0.191004 4775 0 20 2625265
4 0.192005 4814 0 32 2628442
4 0.193005 4629 0 17 2636070
4 0.194004 4662 0 44 2624933
4 0.195004 4766 0 39 2628092
4 0.196005 4689 0 24 2589870
4 0.197004 4647 0 30 2533808
4 0.198004 4751 0 30 2633550
4 0.199004 4720 0 31 2628610
4 0.200005 4679 0 24 2587027
4 0.201004 4703 0 32 2533208
4 0.202004 4695 0 25 2560496
4 0.203005 4677 0 26 2637811
4 0.204005 4791 0 34 2627546
4 0.205004 4768 0 17 2624952
4 0.206005 4853 3 35 2632834
4 0.207004 4772 0 27 2628294
4 0.208005 4819 2 39 2625883
4 0.209004 4820 0 32 2629594
4 0.210004 4833 0 24 2588305
4 0.211004 4733 0 27 2532834
4 0.212005 4719 0 25 2533031
4 0.213004 4712 0 28 2533069
4 0.214004 4946 0 30 2531837
4 0.215005 4903 0 36 2506386
4 0.216005 4795 0 41 2468514
4 0.217004 4712 0 26 2530283
4 0.218004 4750 0 37 2535499
4 0.219004 4546 0 27 2517666
4 0.220005 4782 0 34 2431048
4 0.221004 4693 0 31 2431200
4 0.222005 4747 0 31 2466200
4 0.223004 4725 0 28 2533870
4 0.224005 4748 0 30 2532602
4 0.225004 4809 0 21 2519957
4 0.226005 4706 0 26 2462122
4 0.227005 4722 0 32 2517240
4 0.228005 4887 0 43 2431751
4 0.229005 4742 0 31 2432891
4 0.230005 4756 0 29 2435808
4 0.231005 4786 0 45 2431151
4 0.232005 4742 0 47 2432636
4 0.233004 4694 0 34 2501276
4 0.234004 4881 0 28 2435754
4 0.235004 4743 0 29 2468726
4 0.236005 4848 0 37 2527630
4 0.237005 4831 0 26 2528790
4 0.238004 4728 0 30 2501243
4 0.239005 4750 0 35 2441665
4 0.240005 4815 0 28 2489099
4 0.241004 4822 0 45 2449462
4 0.242004 4786 0 28 2528692
4 0.243005 4892 0 38 2532886
4 0.244005 4764 0 36 2533385
4 0.245005 4777 0 24 2529759
4 0.246004 4798 0 41 2533111
4 0.247004 4813 0 24 2528537
4 0.248005 4766 0 36 2529798
4 0.249004 4645 0 27 2530293
4 0.250004 4812 0 39 2533144
4 0.251004 4659 0 21 2536188
4 0.252005 4678 0 43 2530291
4 0.253005 4659 0 41 2532218
4 0.254004 4654 0 23 2533281
4 0.255004 4814 0 21 2532812
4 0.256005 4730 0 36 2528519
4 0.257005 4791 0 37 2533604
4 0.258004 4720 0 27 2529843
4 0.259004 4719 0 25 2531330
4 0.260004 4735 0 25 2528303
4 0.261005 4943 0 48 2532170
4 0.262004 4873 0 28 2484854
4 0.263004 4698 0 29 2432978
4 0.264005 4837 0 36 2429645
4 0.265005 4761 0 48 2432906
4 0.266004 4858 0 50 2429120
4 0.267004 4646 0 31 2434383
4 0.268005 4759 0 37 2494522
4 0.269004 4742 0 38 2532802
4 0.270004 4851 0 36 2534508
4 0.271004 4808 0 25 2532561
4 0.272005 4822 0 26 2531922
4 0.273005 4800 0 29 2530822
4 0.274005 4721 0 29 2533256
4 0.275004 4771 0 33 2528091
4 0.276005 4838 0 38 2532122
4 0.277005 4684 0 30 2533046
4 0.278005 4783 0 24 2532661
4 0.279004 4789 0 26 2536179
4 0.280004 4838 0 31 2526694
4 0.281005 4825 0 31 2526210
4 0.282004 4685 0 29 2496077
4 0.283004 4778 0 33 2622010
4 0.284005 4717 0 48 2567913
4 0.285004 4675 0 27 2611375
4 0.286004 4749 0 36 2464952
4 0.287004 4763 0 30 2485191
4 0.288005 4730 0 26 2397643
4 0.289005 4725 0 30 2335992
4 0.290004 4767 0 24 2369314
4 0.291004 4749 0 28 2433190
4 0.292005 4804 0 32 2364741
4 0.293006 4896 0 28 2358078
4 0.294004 4764 0 32 2430750
4 0.295004 4796 0 36 2416505
4 0.296005 4737 0 55 2398019
4 0.297004 4819 0 24 2434219
4 0.298004 4830 0 34 2434088
4 0.299004 4719 0 34 2424060
4 0.300004 4783 0 42 2370388
4 0.301005 4777 0 39 2438609
4 0.302004 4765 0 27 2434118
4 0.303004 4828 0 43 2420108
4 0.304005 4788 0 29 2365963
4 0.305004 4896 0 29 2440319
4 0.306004 4711 0 36 2391090
4 0.307004 4724 0 26 2336036
4 0.308004 4702 0 35 2430080
4 0.309005 4705 0 31 2430934
4 0.310004 4686 0 40 2433723
4 0.311004 4914 0 30 2433723
4 0.312004 4857 0 42 2434216
4 0.313005 4930 0 42 2433672
4 0.314005 4830 0 31 2384070
4 0.315004 4842 0 34 2332804
4 0.316006 4649 5 63 2395666
4 0.317004 4825 0 37 2450500
4 0.318004 4922 0 38 2488449
4 0.319004 4825 0 32 2432373
4 0.320004 4898 0 41 2433709
4 0.321005 4857 0 25 2435278
4 0.322004 4893 0 22 2420273
4 0.323004 4945 0 43 2335869
4 0.324005 4848 1 43 2356789
4 0.325005 4998 0 28 2390983
4 0.326004 4895 0 28 2356684
4 0.327004 5029 0 34 2434711
4 0.328005 4872 2 31 2432321
4 0.329004 4651 0 25 2474248
4 0.330005 4758 0 35 2561484
4 0.331004 4937 0 28 2617770
4 0.332004 4939 0 27 2488991
4 0.333004 4988 0 45 2435447
4 0.334005 4939 0 34 2433079
4 0.335004 4935 0 20 2434169
4 0.336005 4923 0 45 2436711
4 0.337004 4846 0 34 2433272
4 0.338004 4943 0 38 2436107
4 0.339004 4907 0 29 2432998
4 0.340005 4802 0 44 2424413
4 0.341004 4713 0 30 2453051
4 0.342004 4815 0 60 2571133
4 0.343004 4947 0 40 2605457
4 0.344005 5051 0 37 2531875
4 0.345004 4964 0 45 2496925
4 0.346004 5024 0 49 2436739
4 0.347004 4950 0 48 2434094
4 0.348005 5065 0 45 2429149
4 0.349004 4930 0 36 2433724
4 0.350005 4992 0 60 2439619
4 0.351004 5026 0 32 2433104
4 0.352004 4874 0 51 2433011
4 0.353004 4956 0 43 2403818
4 0.354004 4993 0 24 2377023
4 0.355004 4949 0 44 2428014
4 0.356005 4959 2 46 2365709
4 0.357004 4863 0 38 2368812
4 0.358004 4951 0 41 2433086
4 0.359004 5012 0 31 2459296
4 0.360005 4825 1 34 2523229
4 0.361004 4590 0 37 2460125
4 0.362005 4638 0 33 2573620
4 0.363004 4903 0 27 2624596
4 0.364005 5052 0 29 2619534
4 0.365004 5075 0 41 2534163
4 0.366004 4971 0 33 2533627
4 0.367004 4940 0 30 2460353
4 0.368004 4776 0 43 2455401
4 0.369005 4598 0 21 2455103
4 0.370004 4736 0 35 2567683
4 0.371004 4823 0 31 2601171
4 0.372005 4918 1 33 2530159
4 0.373005 4869 0 48 2496861
4 0.374004 5014 0 36 2431137
4 0.375004 4842 0 52 2396806
4 0.376005 4829 0 33 2341434
4 0.377004 4974 0 33 2397611
4 0.378005 4924 0 23 2337595
4 0.379004 5019 0 46 2432784
4 0.380005 4978 0 35 2448717
4 0.381004 4979 0 35 2483286
4 0.382004 4895 0 40 2439187
4 0.383004 4999 0 40 2433128
4 0.384005 4945 0 53 2436421
4 0.385005 4815 0 27 2432712
4 0.386004 4782 0 28 2430411
4 0.387004 4927 0 43 2434606
4 0.388005 5042 0 32 2431776
4 0.389004 4828 0 36 2424958
4 0.390004 4845 0 20 2364202
4 0.391004 4858 0 30 2432789
4 0.392004 4990 0 29 2369242
4 0.393005 4833 0 62 2357324
4 0.394004 4945 0 34 2434290
4 0.395004 4798 0 28 2436356
4 0.396005 4672 0 36 2494811
4 0.397005 4968 0 25 2531190
4 0.398004 4886 0 26 2532336
4 0.399004 4857 0 67 2496824
4 0.400004 4939 1 43 2430076
4 0.401005 4869 0 32 2401090
4 0.402004 4741 0 33 2336931
4 0.403004 4820 0 25 2403658
4 0.404007 4818 0 27 2343662
4 0.405004 4801 0 38 2332691
4 0.406004 4876 0 34 2339683
4 0.407004 4846 0 50 2363607
4 0.408005 4810 0 39 2424545
4 0.409005 4916 0 30 2360794
4 0.410005 4951 0 32 2433631
4 0.411004 4898 0 26 2431777
4 0.412005 4719 0 27 2427126
4 0.413004 4918 0 28 2431984
4 0.414004 4902 0 37 2434608
4 0.415004 4958 0 45 2432929
4 0.416005 4864 0 49 2434513
4 0.417004 4611 0 27 2433765
4 0.418004 4541 0 21 2459366
4 0.419004 4806 0 41 2536148
4 0.420004 4855 2 41 2527820
4 0.421005 4910 0 38 2520707
4 0.422004 4840 0 27 2435902
4 0.423004 4883 0 34 2403836
4 0.424005 4884 1 24 2331718
4 0.425004 4887 0 29 2336638
4 0.426004 4798 0 30 2377019
4 0.427004 4931 0 39 2396770
4 0.428005 4854 0 34 2336400
4 0.429005 4818 0 43 2370415
4 0.430004 4704 0 45 2430272
4 0.431004 4916 0 33 2435075
4 0.432005 4830 0 35 2434839
4 0.433004 4809 0 37 2432259
4 0.434004 4753 0 43 2435823
4 0.435004 4694 0 40 2428817
4 0.436005 4800 0 38 2361592
4 0.437005 4767 0 43 2434940
4 0.438004 4857 0 40 2434371
4 0.439004 4925 0 29 2431297
4 0.440005 4832 0 48 2432439
4 0.441005 4888 0 45 2430738
4 0.442004 4829 0 33 2403491
4 0.443005 4920 0 32 2375754
4 0.444005 4885 0 36 2433935
4 0.445005 4822 0 37 2433769
4 0.446004 5007 0 31 2436992
4 0.447004 4902 0 43 2430866
4 0.448005 4718 0 34 2432247
4 0.449005 4873 0 23 2432339
4 0.450004 4738 0 25 2403007
4 0.451004 4663 0 23 2338429
4 0.452005 4666 0 29 2333757
4 0.453004 4640 0 18 2330418
4 0.454004 4689 0 32 2335427
4 0.455004 4755 0 24 2336544
4 0.456004 4722 0 23 2332332
4 0.457005 4749 0 28 2338822
4 0.458004 4795 0 27 2337403
4 0.459004 4705 0 28 2336013
4 0.460004 4770 1 22 2390858
4 0.461004 4807 0 37 2433216
4 0.462004 4820 0 40 2432258
4 0.463004 4878 0 37 2436248
4 0.464005 4857 0 30 2430396
4 0.465005 4841 0 23 2433797
4 0.466004 4882 0 39 2434245
4 0.467004 4860 0 43 2433552
4 0.468005 4796 0 43 2429764
4 0.469004 4720 0 34 2432387
4 0.470004 4807 0 30 2435339
4 0.471004 4639 0 33 2437561
4 0.472005 4895 0 27 2435860
4 0.473004 4802 0 34 2430883
4 0.474004 4833 0 53 2399643
4 0.475004 4835 0 31 2334338
4 0.476005 4894 0 38 2335734
4 0.477004 4721 0 24 2375092
4 0.478004 4843 0 24 2435235
4 0.479004 4848 0 22 2435470
4 0.480005 4911 1 34 2433579
4 0.481004 4845 0 36 2431737
4 0.482004 4848 0 26 2396558
4 0.483004 4885 0 23 2336344
4 0.484005 4855 0 30 2336564
4 0.485004 4741 0 41 2355106
4 0.486005 4725 0 36 2391091
4 0.487004 4815 0 41 2332415
4 0.488005 4864 0 30 2367148
4 0.489005 4771 0 27 2426425
4 0.490004 4860 0 29 2367312
4 0.491004 4726 0 32 2416382
4 0.492005 4725 0 31 2337504
4 0.493005 4801 0 23 2337125
4 0.494004 4701 0 25 2337388
4 0.495004 4818 0 28 2338001
4 0.496005 4771 0 45 2335089
4 0.497004 4682 0 31 2337036
4 0.498004 4835 0 38 2335900
4 0.499004 4743 0 48 2336016
4 0.500005 4690 0 28 2332329
4 0.501005 4714 0 47 2338789
4 0.502004 4645 0 22 2333015
4 0.503004 4873 0 24 2332067
4 0.504005 4809 0 48 2334489
4 0.505005 4781 0 36 2367543
4 0.506004 4850 0 14 2422312
4 0.507004 4882 0 32 2337498
4 0.508004 4812 0 38 2332713
4 0.509005 4808 0 39 2367288
4 0.510004 4921 4 41 2429262
4 0.511007 4863 3 65 2416832
4 0.512006 4994 4 34 2221651
4 0.513006 4919 3 64 2357428
4 0.514005 4847 0 38 2332001
4 0.515004 4839 0 21 2372427
4 0.516005 4791 3 48 2428589
4 0.517005 4798 0 32 2436754
4 0.518004 4720 0 32 2430879
4 0.519005 4742 3 74 2423326
4 0.520005 4757 1 22 2361107
4 0.521005 4781 0 26 2353150
4 0.522004 4654 0 33 2438474
4 0.523004 4702 0 33 2428906
4 0.524005 4756 0 26 2332295
4 0.525005 4600 0 28 2334417
4 0.526004 4718 0 24 2332974
4 0.527005 4718 0 27 2340156
4 0.528005 4686 0 36 2331892
4 0.529005 4762 0 54 2332087
4 0.530004 4735 0 33 2335250
4 0.531004 4667 0 33 2340506
4 0.532005 4761 0 27 2336280
4 0.533004 4764 0 30 2337013
4 0.534004 4743 0 32 2338221
4 0.535004 4680 2 37 2369735
4 0.536005 4710 0 24 2424040
4 0.537004 4669 0 21 2330601
4 0.538004 4731 0 24 2339056
4 0.539004 4661 0 18 2336630
4 0.540005 4617 0 37 2337240
4 0.541005 4729 0 24 2333150
4 0.542004 4658 0 28 2331508
4 0.543004 4639 0 28 2399538
4 0.544005 4619 3 42 2334538
4 0.545005 4748 0 36 2429517
4 0.546004 4659 0 30 2435999
4 0.547004 4621 0 23 2431970
4 0.548004 4600 1 35 2431175
4 0.549004 4688 0 25 2432568
4 0.550004 4718 0 22 2440005
4 0.551004 4745 0 28 2433644
4 0.552005 4646 0 68 2430431
4 0.553004 4629 0 31 2431863
4 0.554005 4816 0 24 2433583
4 0.555005 4781 0 32 2432571
4 0.556004 4736 0 34 2427888
4 0.557004 4685 1 29 2436587
4 0.558004 4778 0 35 2435724
4 0.559004 4701 0 40 2396337
4 0.560005 4742 3 30 2329571
4 0.561004 4647 3 38 2432711
4 0.562005 4793 0 29 2434492
4 0.563005 4730 0 39 2412006
4 0.564005 4745 1 32 2386757
4 0.565004 4644 0 26 2433982
4 0.566004 4690 0 34 2472191
4 0.567004 4872 0 35 2524908
4 0.568005 4710 0 43 2433327
4 0.569004 4556 0 35 2432645
4 0.570004 4669 0 29 2431331
4 0.571004 4658 0 25 2431399
4 0.572005 4704 0 37 2387230
4 0.573004 4685 0 43 2484593
4 0.574004 4865 0 24 2434502
4 0.575004 4756 0 27 2429879
4 0.576005 4702 0 30 2433002
4 0.577004 4734 0 32 2437819
4 0.578004 4704 0 27 2430780
4 0.579004 4760 0 29 2432048
4 0.580004 4642 0 33 2429527
4 0.581005 4876 0 33 2433403
4 0.582004 4750 0 37 2390135
4 0.583004 4692 0 27 2362895
4 0.584005 4760 0 43 2436188
4 0.585004 4625 0 23 2432131
4 0.586004 4843 0 31 2433993
4 0.587004 4815 0 27 2430203
4 0.588004 4741 0 25 2435050
4 0.589005 4796 0 33 2538474
4 0.590004 4850 0 23 2525450
4 0.591004 4712 0 28 2438856
4 0.592005 4719 0 17 2430368
4 0.593004 4862 0 33 2432216
4 0.594004 4859 0 40 2429917
4 0.595004 4757 0 33 2436034
4 0.596004 4705 0 29 2432755
4 0.597004 4777 0 46 2427876
4 0.598004 4703 0 30 2433571
4 0.599004 4599 0 40 2426926
4 0.600005 4745 0 24 2362181
4 0.601004 4617 0 34 2428888
4 0.602004 4683 0 20 2404128
4 0.603004 4674 0 21 2333055
4 0.604005 4838 0 40 2426923
4 0.605004 4813 0 27 2437462
4 0.606004 4709 0 32 2432807
4 0.607004 4736 0 22 2434711
4 0.608005 4771 0 39 2430270
4 0.609004 4759 0 25 2430784
4 0.610004 4879 0 37 2437517
4 0.611004 4747 0 28 2434999
4 0.612004 4778 2 38 2433241
4 0.613004 4733 0 27 2438225
4 0.614005 4781 0 29 2436024
4 0.615004 4838 0 38 2432197
4 0.616005 4781 1 44 2433785
4 0.617004 4773 0 34 2434188
4 0.618004 4718 0 32 2435163
4 0.619004 4773 0 29 2431674
4 0.620005 4732 1 27 2431421
4 0.621005 4716 0 21 2430272
4 0.622004 4694 0 21 2432573
4 0.623004 4867 0 26 2434618
4 0.624005 4702 2 35 2436641
4 0.625004 4770 0 30 2431982
4 0.626004 4790 0 35 2438182
4 0.627004 4861 0 33 2434643
4 0.628005 4874 0 46 2431826
4 0.629004 4761 0 24 2433934
4 0.630004 4651 0 22 2428817
4 0.631004 4686 0 33 2437840
4 0.632004 4851 0 51 2429796
4 0.633005 4772 0 23 2435134
4 0.634004 4763 0 30 2396667
4 0.635004 4708 0 32 2339350
4 0.636005 4730 0 23 2428039
4 0.637004 4699 0 33 2433709
4 0.638004 4691 0 25 2439577
4 0.639004 4737 0 39 2390856
4 0.640005 4707 0 39 2357476
4 0.641004 4768 0 42 2434314
4 0.642004 4716 0 24 2431168
4 0.643004 4715 0 32 2434689
4 0.644005 4669 0 43 2434269
4 0.645004 4751 0 34 2434057
4 0.646004 4696 0 27 2434215
4 0.647004 4689 0 18 2433517
4 0.648005 4812 0 35 2426321
4 0.649004 4765 0 23 2433292
4 0.650004 4720 0 30 2434109
4 0.651004 4714 0 24 2432243
4 0.652005 4741 0 39 2433882
4 0.653004 4726 0 25 2432204
4 0.654004 4736 0 32 2434312
4 0.655005 4791 0 29 2434929
4 0.656004 4625 0 33 2434529
4 0.657004 4800 0 35 2436752
4 0.658004 4728 0 24 2437156
4 0.659004 4713 0 33 2436679
4 0.660005 4771 0 29 2434048
4 0.661004 4775 0 29 2430367
4 0.662004 4750 0 38 2439549
4 0.663004 4792 0 34 2435798
4 0.664005 4817 0 38 2428337
4 0.665004 4861 0 42 2430005
4 0.666004 4706 0 32 2435612
4 0.667004 4803 0 49 2428120
4 0.668005 4797 0 31 2363654
4 0.669004 4651 0 39 2435235
4 0.670004 4804 0 36 2433729
4 0.671004 4744 0 42 2433885
4 0.672005 4755 0 28 2433441
4 0.673005 4781 0 21 2431972
4 0.674004 4731 0 33 2431476
4 0.675004 4668 0 31 2437028
4 0.676004 4802 0 36 2424161
4 0.677004 4826 0 28 2432632
4 0.678004 4669 0 31 2462885
4 0.679004 4688 0 43 2522402
4 0.680005 4728 0 36 2436355
4 0.681004 4766 0 21 2435863
4 0.682004 4700 0 26 2434220
4 0.683004 4665 0 27 2431656
4 0.684004 4737 0 39 2436517
4 0.685005 4712 0 29 2432672
4 0.686004 4785 0 31 2438325
4 0.687004 4835 0 36 2433139
4 0.688005 4802 0 27 2432266
4 0.689005 4774 0 38 2435317
4 0.690004 4714 0 30 2431482
4 0.691004 4736 0 26 2432572
4 0.692005 4791 0 31 2432070
4 0.693004 4719 0 35 2436089
4 0.694005 4816 0 34 2439614
4 0.695005 4764 0 24 2435136
4 0.696004 4843 0 30 2429353
4 0.697004 4788 0 36 2430364
4 0.698004 4854 0 25 2438902
4 0.699004 4820 0 34 2437119
4 0.700005 4755 0 26 2430417
4 0.701004 4682 0 36 2506520
4 0.702004 4840 2 48 2547884
4 0.703005 4813 0 19 2430777
4 0.704005 4756 1 35 2433573
4 0.705005 4796 0 23 2387174
4 0.706004 4814 0 20 2358867
4 0.707004 4766 0 32 2441068
4 0.708005 4596 3 31 2433377
4 0.709004 4742 0 28 2437371
4 0.710004 4839 0 32 2434775
4 0.711004 4718 0 33 2431819
4 0.712005 4680 1 25 2430892
4 0.713005 4732 0 32 2436742
4 0.714005 4736 0 27 2435987
4 0.715004 4677 0 36 2434325
4 0.716005 4758 0 34 2433107
4 0.717005 4743 0 25 2433674
4 0.718005 4762 0 39 2433617
4 0.719004 4753 0 18 2434998
4 0.720004 4920 0 39 2434085
4 0.721004 4886 0 25 2435468
4 0.722005 4858 0 42 2437599
4 0.723004 4845 0 31 2433581
4 0.724005 4888 0 29 2432730
4 0.725005 4856 0 26 2434948
4 0.726004 4796 0 50 2432557
4 0.727005 4742 0 31 2439120
4 0.728005 4761 0 23 2366980
4 0.729005 4867 0 33 2357657
4 0.730004 4982 0 39 2433992
4 0.731004 4766 0 36 2401869
4 0.732004 4672 0 36 2398505
4 0.733005 4805 0 29 2405224
4 0.734004 4718 0 35 2336809
4 0.735004 4628 0 20 2337613
4 0.736005 4753 0 34 2335213
4 0.737004 4810 0 22 2335619
4 0.738004 4738 0 25 2376337
4 0.739004 4729 0 21 2407578
4 0.740005 4725 0 32 2332583
4 0.741005 4674 0 25 2336508
4 0.742004 4719 0 17 2335119
4 0.743004 4671 0 36 2336617
4 0.744005 4700 0 43 2332806
4 0.745004 4749 0 49 2332554
4 0.746004 4823 0 23 2336415
4 0.747004 4831 0 39 2338060
4 0.748005 4736 0 25 2335614
4 0.749004 4828 0 32 2340839
4 0.750004 4800 0 20 2336064
4 0.751005 4824 0 42 2374798
4 0.752005 4736 0 36 2397761
4 0.753004 4863 0 30 2332960
4 0.754004 4725 0 23 2378395
4 0.755004 4748 0 33 2433665
4 0.756005 4723 0 28 2430375
4 0.757004 4883 0 37 2430207
4 0.758005 4945 0 33 2433687
4 0.759004 4869 0 25 2430793
4 0.760005 4819 3 63 2428252
4 0.761005 4785 0 28 2436125
4 0.762004 4792 0 31 2431939
4 0.763004 4767 0 40 2438172
4 0.764005 4733 1 40 2422917
4 0.765004 4781 0 31 2361821
4 0.766004 4724 0 26 2405979
4 0.767004 4686 0 24 2371400
4 0.768004 4799 0 31 2407155
4 0.769005 4718 0 21 2337976
4 0.770004 4756 0 24 2362206
4 0.771004 4769 0 30 2440055
4 0.772005 4826 0 28 2433143
4 0.773005 4800 0 22 2428546
4 0.774005 4813 0 46 2365815
4 0.775004 4762 0 25 2420976
4 0.776005 4861 0 29 2333554
4 0.777005 4867 0 18 2358097
4 0.778004 4707 0 19 2396071
4 0.779004 4798 0 37 2334160
4 0.780005 4782 0 29 2333144
4 0.781004 4794 0 30 2333384
4 0.782004 4793 0 25 2337840
4 0.783004 4792 0 34 2332983
4 0.784005 4745 0 37 2333043
4 0.785005 4821 0 29 2335514
4 0.786004 4777 0 22 2335683
4 0.787004 4787 0 39 2362540
4 0.788004 4747 0 29 2432481
4 0.789005 4834 0 36 2436955
4 0.790004 4695 0 28 2423526
4 0.791004 4784 0 40 2372698
4 0.792004 4743 0 43 2429466
4 0.793004 4721 0 18 2392793
4 0.794005 4871 0 36 2332584
4 0.795005 4753 0 29 2336779
4 0.796005 4825 0 24 2330092
4 0.797004 4718 0 20 2335514
4 0.798004 4812 0 21 2336196
4 0.799004 4731 0 37 2336478
4 0.800005 4679 0 27 2337486
4 0.801004 4803 0 33 2336845
4 0.802004 4618 0 48 2336834
4 0.803004 4750 0 30 2337930
4 0.804005 4734 0 31 2333228
4 0.805004 4746 0 32 2334000
4 0.806005 4753 0 31 2341204
4 0.807004 4801 0 25 2333056
4 0.808004 4825 0 33 2359627
4 0.809005 4720 0 26 2435091
4 0.810004 4813 0 25 2403273
4 0.811004 4726 0 24 2375445
4 0.812005 4768 0 37 2407112
4 0.813004 4731 0 31 2333366
4 0.814004 4657 0 38 2358638
4 0.815004 4802 0 33 2391451
4 0.816005 4786 0 38 2335945
4 0.817005 4765 0 58 2339401
4 0.818005 4757 0 29 2338835
4 0.819004 4724 0 23 2337625
4 0.820005 4817 0 34 2328785
4 0.821004 4788 0 30 2373293
4 0.822005 4720 0 31 2407161
4 0.823004 4727 0 29 2332151
4 0.824005 4699 0 34 2336806
4 0.825004 4752 0 27 2336553
4 0.826004 4781 0 27 2334625
4 0.827004 4781 0 30 2373461
4 0.828005 4881 0 29 2435400
4 0.829004 4735 0 24 2434895
4 0.830004 4865 0 31 2404437
4 0.831004 4864 0 36 2336776
4 0.832005 4856 0 38 2401692
4 0.833004 4940 0 40 2334064
4 0.834004 4896 0 32 2334294
4 0.835004 4784 0 31 2339007
4 0.836005 4888 0 40 2335457
4 0.837004 4937 0 33 2333889
4 0.838005 4865 0 31 2335620
4 0.839004 4919 0 38 2336937
4 0.840005 4843 0 50 2337725
4 0.841005 4955 0 25 2430541
4 0.842004 4994 0 40 2417516
4 0.843004 4939 0 27 2375554
4 0.844004 4920 0 29 2431287
4 0.845005 4815 0 27 2430152
4 0.846005 4949 0 25 2359706
4 0.847004 4856 0 32 2387888
4 0.848004 4873 0 32 2334501
4 0.849005 4850 0 34 2336315
4 0.850004 4788 0 40 2361293
4 0.851004 4860 0 28 2430276
4 0.852005 4835 0 42 2435269
4 0.853004 4913 0 22 2406314
4 0.854004 4886 0 23 2372219
4 0.855004 4866 0 27 2410456
4 0.856005 5021 0 53 2391832
4 0.857004 4855 0 37 2433626
4 0.858004 4946 0 34 2430066
4 0.859004 5055 0 23 2435168
4 0.860005 5021 0 37 2433992
4 0.861004 4956 0 37 2435462
4 0.862004 4914 0 32 2438084
4 0.863004 4988 0 28 2435144
4 0.864005 4966 0 35 2428902
4 0.865004 5085 2 42 2433208
4 0.866004 5007 0 39 2437845
4 0.867004 4935 0 29 2433186
4 0.868005 4940 0 33 2431242
4 0.869004 5016 0 30 2436735
4 0.870004 5073 0 43 2436360
4 0.871004 4948 0 35 2434831
4 0.872010 4881 0 30 2462796
4 0.873007 4851 0 34 2406875
4 0.874004 5026 0 31 2424203
4 0.875004 4882 0 40 2398475
4 0.876004 4850 0 39 2338105
4 0.877004 5005 0 32 2434466
4 0.878004 4929 0 30 2405390
4 0.879004 5037 0 28 2371474
4 0.880004 4997 0 36 2434566
4 0.881005 4978 0 49 2438247
4 0.882004 4921 0 38 2434795
4 0.883005 4979 0 43 2431737
4 0.884005 4892 0 48 2431558
4 0.885004 4868 0 35 2433690
4 0.886005 5065 0 33 2436555
4 0.887005 4885 0 28 2430470
4 0.888005 4809 0 32 2430631
4 0.889004 4979 0 30 2434686
4 0.890004 4882 0 32 2436704
4 0.891004 4858 0 54 2401804
4 0.892005 4855 0 34 2336075
4 0.893004 4905 0 25 2368864
4 0.894004 5044 0 34 2418683
4 0.895004 5088 0 31 2366186
4 0.896004 4948 0 36 2434337
4 0.897004 4955 0 27 2433910
4 0.898004 4853 0 46 2430860
4 0.899004 4820 0 29 2475623
4 0.900004 4858 0 33 2426416
4 0.901005 4890 0 43 2437696
4 0.902004 4888 0 25 2432826
4 0.903004 4993 0 31 2432958
4 0.904005 4862 3 37 2432843
4 0.905005 4865 0 63 2407362
4 0.906004 4877 0 22 2335639
4 0.907004 4964 0 30 2335190
4 0.908004 4902 1 32 2354880
4 0.909004 4984 0 40 2432322
4 0.910004 5011 0 30 2434350
4 0.911004 4909 0 33 2431947
4 0.912005 4802 0 33 2404115
4 0.913004 4681 0 33 2411562
4 0.914004 4657 0 24 2528989
4 0.915004 4760 0 42 2487909
4 0.916004 4840 0 44 2429842
4 0.917005 4866 0 22 2435449
4 0.918004 4793 0 25 2392950
4 0.919004 4740 0 28 2340093
4 0.920005 4790 0 34 2368517
4 0.921004 4916 0 26 2429832
4 0.922005 4953 0 27 2435516
4 0.923005 4797 3 26 2432558
4 0.924004 4846 1 30 2360086
4 0.925006 4958 0 30 2340562
4 0.926004 4740 0 37 2391122
4 0.927004 4826 0 27 2333212
4 0.928005 4857 0 22 2435166
4 0.929004 4882 0 35 2433576
4 0.930004 4940 0 30 2402869
4 0.931004 4916 0 38 2332801
4 0.932004 4798 0 23 2368886
4 0.933005 4795 0 45 2406044
4 0.934004 4848 0 24 2335951
4 0.935004 4784 0 47 2337448
4 0.936005 4802 0 37 2332665
4 0.937005 4854 0 23 2336609
4 0.938004 4863 0 19 2335464
4 0.939004 4887 0 24 2335363
4 0.940005 4951 0 38 2328645
4 0.941004 4908 0 41 2400320
4 0.942004 4871 0 32 2336151
4 0.943004 4772 0 24 2335303
4 0.944008 4968 0 36 2342036
4 0.945005 4875 0 27 2393070
4 0.946005 4882 0 34 2336180
4 0.947004 4783 0 29 2376975
4 0.948005 4886 0 35 2432631
4 0.949004 4760 0 33 2436763
4 0.950004 4893 0 38 2423717
4 0.951004 4728 0 27 2370151
4 0.952005 4766 0 36 2433620
4 0.953004 4819 0 21 2395350
4 0.954004 4892 0 24 2336208
4 0.955004 4743 0 24 2367341
4 0.956005 4815 0 31 2434140
4 0.957005 4798 0 34 2400318
4 0.958004 4826 0 30 2376079
4 0.959004 4854 0 31 2435081
4 0.960004 4877 0 36 2432724
4 0.961005 4953 0 34 2431388
4 0.962005 4792 0 32 2427511
4 0.963004 4747 0 31 2366877
4 0.964004 4858 0 32 2430865
4 0.965005 4738 0 27 2394266
4 0.966004 4660 0 30 2338597
4 0.967004 4772 0 33 2336732
4 0.968005 4709 0 43 2338729
4 0.969004 4638 0 26 2333512
4 0.970004 4666 0 35 2337067
4 0.971004 4770 0 25 2339914
4 0.972005 4736 0 33 2339185
4 0.973005 4754 0 26 2335373
4 0.974004 4758 0 28 2332423
4 0.975004 4767 0 19 2373088
4 0.976004 4856 0 32 2426603
4 0.977005 4872 0 46 2395661
4 0.978004 4853 0 35 2333815
4 0.979004 4769 0 30 2332063
4 0.980005 4784 0 30 2336337
4 0.981005 4894 0 35 2374389
4 0.982004 4857 0 29 2430575
4 0.983004 4824 0 22 2433189
4 0.984005 4764 0 28 2432780
4 0.985004 4768 0 30 2434777
4 0.986004 4796 0 36 2398518
4 0.987004 4724 0 18 2336652
4 0.988004 4892 0 24 2333206
4 0.989005 4836 0 32 2337499
4 0.990004 4771 0 38 2332902
4 0.991004 4836 0 32 2339007
4 0.992004 4713 0 26 2363816
4 0.993004 4764 0 27 2432060
4 0.994004 4876 0 37 2432206
4 0.995004 4880 0 35 2435119
4 0.996004 4845 0 38 2427815
4 0.997004 4794 0 23 2434220
4 0.998004 4905 0 23 2436361
4 0.999004 4864 0 35 2434049
4 1.000005 4793 0 33 2431983
4 1.001005 4805 0 37 2436901
4 1.002005 4720 0 21 2433446
4 1.003004 4822 0 31 2432164
4 1.004004 4763 0 34 2431495
4 1.005004 4892 0 35 2430759
4 1.006004 4773 0 32 2435876
4 1.007005 4751 0 40 2439107
4 1.008005 4737 0 26 2394499
4 1.009004 4639 0 22 2336710
4 1.010004 4789 0 28 2339909
4 1.011004 4757 0 23 2332195
4 1.012005 4789 0 23 2332588
4 1.013005 4689 0 21 2332208
4 1.014004 4778 0 28 2328594
4 1.015004 4775 0 35 2334956
4 1.016004 4706 0 36 2335537
4 1.017004 4757 0 26 2335109
4 1.018004 4797 0 25 2336265
4 1.019005 4779 0 26 2340183
4 1.020005 4772 0 23 2360665
4 1.021004 4834 0 25 2433154
4 1.022005 4802 0 13 2394044
4 1.023004 4774 0 23 2341016
4 1.024005 4863 0 19 2430870
4 1.025004 4951 0 35 2436529
4 1.026005 4798 0 34 2432070
4 1.027004 4829 0 34 2433423
4 1.028005 4865 2 51 2365624
4 1.029004 4890 0 35 2336744
4 1.030004 4812 0 26 2378231
4 1.031004 4871 0 46 2437688
4 1.032004 4816 1 44 2426744
4 1.033004 4681 0 34 2396783
4 1.034005 4891 0 34 2336897
4 1.035004 4767 0 23 2334382
4 1.036005 4695 0 23 2332290
4 1.037005 4679 0 31 2335094
4 1.038004 4835 0 30 2336655
4 1.039004 4781 0 23 2334041
4 1.040005 4780 0 23 2334217
4 1.041004 4847 0 26 2331512
4 1.042005 4728 0 28 2355613
4 1.043004 4934 0 44 2433071
4 1.044005 4872 0 37 2407942
4 1.045004 4705 0 25 2337910
4 1.046004 4813 0 36 2340403
4 1.047004 4859 0 24 2337207
4 1.048005 4761 0 24 2333356
4 1.049005 4783 0 28 2336293
4 1.050004 4796 0 32 2337024
4 1.051004 4823 0 25 2338843
4 1.052005 4718 0 34 2335422
4 1.053004 4628 0 35 2335902
4 1.054004 4686 0 29 2359447
4 1.055004 4729 0 39 2433422
4 1.056005 4741 0 33 2432074
4 1.057005 4702 0 23 2437760
4 1.058005 4746 0 36 2433854
4 1.059004 4796 0 31 2437836
4 1.060004 4714 0 29 2430186
4 1.061004 4761 0 35 2435393
4 1.062004 4689 0 32 2436118
4 1.063005 4770 0 48 2440092
4 1.064004 4700 0 31 2429897
4 1.065004 4744 0 33 2433655
4 1.066004 4719 0 40 2439011
4 1.067004 4783 0 21 2434330
4 1.068006 4808 0 30 2435430
4 1.069004 4610 0 41 2431430
4 1.070004 4819 0 31 2432758
4 1.071004 4676 0 27 2430421
4 1.072005 4702 0 31 2423219
4 1.073004 4717 0 27 2363960
4 1.074004 4844 0 24 2431714
4 1.075004 4694 0 36 2438505
4 1.076004 4811 0 31 2427628
4 1.077004 4684 0 17 2434292
4 1.078005 4861 0 39 2440685
4 1.079004 4733 0 22 2435188
4 1.080004 4726 0 39 2429595
4 1.081004 4768 0 32 2435238
4 1.082004 4747 0 28 2432847
4 1.083004 4686 0 23 2425902
4 1.084005 4766 0 31 2363407
4 1.085005 4619 0 29 2434710
4 1.086005 4733 0 25 2436926
4 1.087004 4706 0 35 2431959
4 1.088005 4750 0 30 2352079
4 1.089004 4761 0 27 2436786
4 1.090005 4753 0 22 2438074
4 1.091004 4720 0 32 2430376
4 1.092004 4757 0 30 2427554
4 1.093005 4809 0 27 2430079
4 1.094004 4725 0 41 2437921
4 1.095004 4798 0 31 2434379
4 1.096005 4767 0 33 2429829
4 1.097004 4777 0 32 2433998
4 1.098005 4751 0 23 2433879
4 1.099004 4753 0 27 2430462
4 1.100005 4891 0 37 2429064
4 1.101004 4843 0 30 2432774
4 1.102004 4671 0 32 2434749
4 1.103004 4755 0 41 2432021
4 1.104005 4811 0 24 2426047
4 1.105004 4731 0 36 2436762
4 1.106004 4774 0 34 2432667
4 1.107004 4818 0 28 2434735
4 1.108005 4788 0 33 2431683
4 1.109004 4753 0 32 2431499
4 1.110004 4725 0 42 2436435
4 1.111004 4931 3 35 2431222
4 1.112006 4669 4 69 2312970
4 1.113005 4658 0 39 2236574
4 1.114005 4628 0 29 2335566
4 1.115004 4686 0 29 2400627
4 1.116005 4677 3 52 2396445
4 1.117005 4643 0 39 2427751
4 1.118005 4729 0 29 2435652
4 1.119004 4676 0 23 2432477
4 1.120005 4771 1 29 2429134
4 1.121004 4779 0 40 2429529
4 1.122005 5094 3 36 2431387
4 1.123005 5117 3 47 2430172
4 1.124005 4792 6 113 2425929
4 1.125005 4843 0 23 2460941
4 1.126005 4742 0 34 2485617
4 1.127004 4725 0 23 2433976
4 1.128005 4734 3 55 2428456
4 1.129004 4816 0 44 2431866
4 1.130004 4765 0 27 2431920
4 1.131004 4795 0 34 2434729
4 1.132005 4726 1 25 2429280
4 1.133004 4813 0 26 2436786
4 1.134004 4708 0 20 2463622
4 1.135004 4751 3 46 2484551
4 1.136005 4743 1 26 2429528
4 1.137004 4738 0 28 2433349
4 1.138004 4768 0 22 2439642
4 1.139004 4643 0 36 2431845
4 1.140005 4770 0 30 2435207
4 1.141005 4679 0 29 2435275
4 1.142004 4750 0 24 2433900
4 1.143004 4790 0 32 2433795
4 1.144005 4747 0 29 2396147
4 1.145004 4630 0 19 2340081
4 1.146004 4656 0 36 2499628
4 1.147004 4762 0 35 2432305
4 1.148005 4640 0 34 2428335
4 1.149004 4760 0 25 2432999
4 1.150004 4676 0 21 2433951
4 1.151004 4716 0 24 2435850
4 1.152005 4629 2 30 2434837
4 1.153004 4569 0 27 2434667
4 1.154004 4706 0 36 2439317
4 1.155004 4700 0 26 2468585
4 1.156005 4749 3 54 2524343
4 1.157004 4662 0 39 2434152
4 1.158004 4692 0 22 2436158
4 1.159004 4633 0 26 2434495
4 1.160005 4733 1 35 2401640
4 1.161004 4673 0 23 2370657
4 1.162004 4677 0 26 2434873
4 1.163004 4594 0 20 2439350
4 1.164005 4703 2 43 2429546
4 1.165004 4756 0 32 2433860
4 1.166004 4666 0 35 2433354
4 1.167004 4810 0 36 2439191
4 1.168005 4771 0 34 2428195
4 1.169004 4725 0 32 2432910
4 1.170004 4839 0 36 2431913
4 1.171004 4629 0 26 2428784
4 1.172005 4737 2 27 2430426
4 1.173005 4750 0 26 2438856
4 1.174005 4784 0 32 2433932
4 1.175004 4852 0 40 2430988
4 1.176005 4724 1 50 2429211
4 1.177004 4724 0 39 2430929
4 1.178004 4845 0 36 2434559
4 1.179004 4782 0 25 2433708
4 1.180005 4802 3 40 2426061
4 1.181004 4629 0 26 2439298
4 1.182004 4775 0 23 2432664
4 1.183004 4671 0 27 2433209
4 1.184004 4749 2 32 2430515
4 1.185005 4721 0 34 2436273
4 1.186004 4779 0 27 2396542
4 1.187004 4685 0 27 2421879
4 1.188005 4898 1 40 2500372
4 1.189004 4712 0 24 2435887
4 1.190004 4826 0 35 2432363
4 1.191005 4753 0 28 2386311
4 1.192005 4710 1 38 2355960
4 1.193004 4638 0 19 2435635
4 1.194004 4636 0 25 2437654
4 1.195004 4734 0 32 2436668
4 1.196005 4678 1 26 2431633
4 1.197004 4702 0 23 2469524
4 1.198004 4750 0 30 2505803
4 1.199005 4732 0 33 2383157
4 1.200004 4692 0 23 2338211
4 1.201004 4783 0 36 2471276
4 1.202004 4785 0 30 2515397
4 1.203004 4785 0 29 2438238
4 1.204005 4790 0 38 2440225
4 1.205004 4786 0 35 2490102
4 1.206004 4788 0 30 2435098
4 1.207004 4797 0 43 2435091
4 1.208005 4828 0 36 2434929
4 1.209004 4770 0 38 2432926
4 1.210004 4818 0 30 2433873
4 1.211004 4765 0 24 2436418
4 1.212005 4796 0 29 2432484
4 1.213004 4792 0 32 2430316
4 1.214004 4775 0 25 2433502
4 1.215004 4759 0 40 2437311
4 1.216005 4778 0 48 2431315
4 1.217004 4811 0 20 2432790
4 1.218004 4780 0 31 2428569
4 1.219004 4645 0 45 2435680
4 1.220005 4732 0 41 2432761
4 1.221004 4774 0 31 2430245
4 1.222005 4821 0 38 2436090
4 1.223004 4623 0 22 2434373
4 1.224004 4773 0 36 2431285
4 1.225005 4763 0 37 2436548
4 1.226004 4764 0 42 2431939
4 1.227004 4691 0 37 2435935
4 1.228005 4792 0 18 2430675
4 1.229005 4706 0 48 2431081
4 1.230005 4734 0 37 2429473
4 1.231004 4765 0 29 2434192
4 1.232005 4846 0 47 2428360
4 1.233004 4791 0 35 2431050
4 1.234004 4845 0 38 2394306
4 1.235004 4729 0 30 2357145
4 1.236005 4807 0 38 2432263
4 1.237004 4849 0 51 2429936
4 1.238004 4860 0 31 2432520
4 1.239004 4823 0 27 2437890
4 1.240005 4920 0 35 2395536
4 1.241004 4739 0 18 2333176
4 1.242004 4828 0 35 2338358
4 1.243004 4777 0 53 2338374
4 1.244005 4854 0 27 2331399
4 1.245004 4900 0 36 2363971
4 1.246004 4763 0 19 2434507
4 1.247004 4723 0 22 2432359
4 1.248005 4791 0 27 2365421
4 1.249004 4688 0 42 2337670
4 1.250004 4728 0 32 2337186
4 1.251004 4779 0 19 2333225
4 1.252005 4638 0 36 2332698
4 1.253004 4769 0 35 2338914
4 1.254004 4695 0 21 2395148
4 1.255004 4724 0 25 2336607
4 1.256005 4721 0 33 2334514
4 1.257004 4754 0 20 2336685
4 1.258004 4814 0 43 2363390
4 1.259004 4726 0 28 2427176
4 1.260005 4848 0 28 2364235
4 1.261004 4898 0 46 2430656
4 1.262004 4760 0 26 2394986
4 1.263004 4772 0 22 2335827
4 1.264005 4836 0 42 2335295
4 1.265004 4783 0 31 2331332
4 1.266004 4880 0 28 2339988
4 1.267004 4886 0 39 2355452
4 1.268005 4771 0 23 2432200
4 1.269004 4697 0 35 2434161
4 1.270004 4791 0 33 2438896
4 1.271004 4801 0 33 2435620
4 1.272004 4896 0 35 2430185
4 1.273004 4941 0 23 2437227
4 1.274004 4830 0 35 2416067
4 1.275004 4872 0 35 2337195
4 1.276005 4770 0 31 2332396
4 1.277004 4875 0 31 2338964
4 1.278004 4750 0 43 2333533
4 1.279004 4757 0 29 2337424
4 1.280005 4920 0 36 2367996
4 1.281004 4760 0 28 2424893
4 1.282004 4669 0 22 2363892
4 1.283004 4792 0 21 2426875
4 1.284004 4847 0 38 2334434
4 1.285005 4741 0 26 2380689
4 1.286004 4833 0 22 2410700
4 1.287004 4806 0 26 2337853
4 1.288004 4846 0 33 2333933
4 1.289005 4770 0 24 2336364
4 1.290004 4663 0 42 2337398
4 1.291004 4893 0 24 2370502
4 1.292005 4861 0 32 2435181
4 1.293005 4716 0 24 2434901
4 1.294004 4798 0 32 2434016
4 1.295004 4806 0 19 2388129
4 1.296005 4793 0 22 2358959
4 1.297004 4770 0 34 2432080
4 1.298004 4787 0 42 2407337
4 1.299004 4857 0 45 2334277
4 1.300004 4852 0 33 2360474
4 1.301005 4849 0 34 2432575
4 1.302005 4788 0 24 2403745
4 1.303004 4802 0 23 2337064
4 1.304004 4824 0 33 2335056
4 1.305005 4705 0 31 2334333
4 1.306004 4793 0 34 2333494
4 1.307004 4671 0 29 2338045
4 1.308005 4800 0 43 2334986
4 1.309004 4798 0 35 2365721
4 1.310004 4882 0 28 2427582
4 1.311004 4806 0 30 2433972
4 1.312005 4774 0 32 2432182
4 1.313004 4854 0 50 2395936
4 1.314005 4681 0 23 2335908
4 1.315004 4749 0 28 2330946
4 1.316004 4775 0 39 2335309
4 1.317005 4701 2 47 2338336
4 1.318004 4609 0 27 2331753
4 1.319004 4732 0 30 2340796
4 1.320005 4761 1 39 2366879
4 1.321004 4748 0 21 2435669
4 1.322005 4872 0 27 2438461
4 1.323005 4925 0 34 2434574
4 1.324005 4781 0 30 2434118
4 1.325004 4738 0 35 2435891
4 1.326004 4685 0 22 2387625
4 1.327004 4720 0 26 2355264
4 1.328005 4822 0 39 2435510
4 1.329005 4721 0 39 2402060
4 1.330004 4784 0 28 2335896
4 1.331004 4765 0 31 2333537
4 1.332005 4790 0 28 2336280
4 1.333005 4711 0 29 2330869
4 1.334004 4818 0 33 2334704
4 1.335005 4757 0 37 2342265
4 1.336004 4749 0 30 2329132
4 1.337005 4761 0 38 2339569
4 1.338004 4646 0 22 2335773
4 1.339004 4634 0 27 2337069
4 1.340005 4698 0 41 2334434
4 1.341005 4915 0 21 2337780
4 1.342004 4826 0 35 2332679
4 1.343004 4838 0 21 2334077
4 1.344005 4779 0 40 2335489
4 1.345004 4837 0 34 2337219
4 1.346004 4829 0 41 2335617
4 1.347005 4773 0 37 2361959
4 1.348004 4913 3 34 2430377
4 1.349005 4871 0 53 2397506
4 1.350004 4739 0 31 2335330
4 1.351004 4903 0 30 2333275
4 1.352004 4876 1 34 2334256
4 1.353005 4918 0 26 2379604
4 1.354004 4914 0 36 2427692
4 1.355004 4883 0 20 2434422
4 1.356005 4975 0 38 2436152
4 1.357004 5016 0 38 2431663
4 1.358004 4972 0 25 2433790
4 1.359004 4758 0 41 2431618
4 1.360005 4886 0 27 2355524
4 1.361004 5010 0 36 2435086
4 1.362004 4875 0 36 2432316
4 1.363004 4980 0 38 2434276
4 1.364004 4988 0 52 2429609
4 1.365005 4953 0 45 2434638
4 1.366005 4828 0 36 2423034
4 1.367004 4817 0 31 2370830
4 1.368005 4925 0 37 2423157
4 1.369004 4779 0 29 2337914
4 1.370004 4833 0 19 2332992
4 1.371004 4974 0 38 2368224
4 1.372004 4872 0 37 2423287
4 1.373005 4914 0 45 2365672
4 1.374004 4749 0 29 2442613
4 1.375004 4945 0 37 2530258
4 1.376004 4972 0 35 2505967
4 1.377004 4866 0 28 2435771
4 1.378004 5042 0 38 2430815
4 1.379004 4914 0 22 2436230
4 1.380005 4966 1 53 2363531
4 1.381005 4909 0 28 2352524
4 1.382004 5033 0 40 2430192
4 1.383004 4933 0 27 2438078
4 1.384005 4463 4 70 2432479
4 1.385005 4871 4 40 2524820
4 1.386006 5000 0 27 2636112
4 1.387004 4923 0 31 2431562
4 1.388004 4938 3 43 2427924
4 1.389004 4934 0 40 2476889
4 1.390005 4989 0 34 2490055
4 1.391005 4883 0 34 2434197
4 1.392005 4929 2 61 2434349
4 1.393005 4968 0 22 2434638
4 1.394004 5020 0 19 2432314
4 1.395004 4938 0 37 2440084
4 1.396005 4911 1 26 2425830
4 1.397004 4936 0 44 2436697
4 1.398004 4949 0 24 2433628
4 1.399004 4926 0 51 2396554
4 1.400004 4981 1 29 2339129
4 1.401005 4932 0 34 2436227
4 1.402005 4873 0 25 2434938
4 1.403004 4824 0 20 2422822
4 1.404005 4910 1 47 2359253
4 1.405004 4949 0 39 2433910
4 1.406004 4900 0 38 2393213
4 1.407004 4850 0 27 2340134
4 1.408004 4827 1 24 2430641
4 1.409004 5101 0 33 2435080
4 1.410004 5117 0 32 2433257
4 1.411004 4973 0 43 2432827
4 1.412004 4935 1 27 2430184
4 1.413005 4899 0 42 2433378
4 1.414005 4981 0 21 2431742
4 1.415004 4889 0 34 2433361
4 1.416004 4865 0 35 2417896
4 1.417005 4982 0 40 2369624
4 1.418004 5030 0 41 2436877
4 1.419004 4668 0 40 2433181
4 1.420005 4883 0 27 2432248
4 1.421004 4902 0 31 2386918
4 1.422004 5040 0 36 2336555
4 1.423005 4881 0 26 2372150
4 1.424004 4926 0 27 2430071
4 1.425005 4856 0 27 2433450
4 1.426004 4895 0 24 2394406
4 1.427004 4859 0 29 2334325
4 1.428005 4818 1 30 2366466
4 1.429005 4776 0 23 2435553
4 1.430004 4852 0 35 2430349
4 1.431004 4913 0 35 2434083
4 1.432005 4942 0 29 2366655
4 1.433005 4861 0 33 2331621
4 1.434004 4860 0 33 2332124
4 1.435005 4832 0 35 2338963
4 1.436004 4874 0 29 2330785
4 1.437005 4853 0 21 2341520
4 1.438004 4851 0 29 2333991
4 1.439004 4844 0 32 2338023
4 1.440005 4847 0 37 2332852
4 1.441004 4805 0 25 2431588
4 1.442004 4833 0 22 2393042
4 1.443004 4794 0 32 2338888
4 1.444004 4832 0 33 2328821
4 1.445005 4910 0 18 2335554
4 1.446004 4873 0 40 2334323
4 1.447004 4844 0 18 2338992
4 1.448004 4823 0 37 2336267
4 1.449005 4847 0 32 2380833
4 1.450004 4572 0 24 2430899
4 1.451004 4642 0 31 2442431
4 1.452005 4848 0 25 2495653
4 1.453004 4895 0 32 2405044
4 1.454004 4852 0 36 2336233
4 1.455004 4862 0 31 2335099
4 1.456004 4985 0 31 2332586
4 1.457004 4903 0 31 2336068
4 1.458004 4855 0 19 2336963
4 1.459004 4895 0 23 2336264
4 1.460005 4909 0 27 2338094
4 1.461005 4755 0 30 2435689
4 1.462004 4867 0 31 2432810
4 1.463004 4860 0 26 2434160
4 1.464005 4835 0 34 2431989
4 1.465005 4876 0 41 2434821
4 1.466004 4820 0 41 2431977
4 1.467004 4798 0 29 2434602
4 1.468005 4788 0 41 2433046
4 1.469004 4858 0 31 2329929
4 1.470004 4758 0 27 2378231
4 1.471004 4807 0 22 2433782
4 1.472005 4804 0 27 2431032
4 1.473004 4920 0 26 2432899
4 1.474005 4807 0 30 2435779
4 1.475004 4956 0 41 2433153
4 1.476005 4900 0 40 2429420
4 1.477004 4798 0 32 2438027
4 1.478004 4872 0 34 2430061
4 1.479004 4768 0 25 2391742
4 1.480005 4811 0 36 2332037
4 1.481004 4682 0 34 2333894
4 1.482004 4788 0 33 2336461
4 1.483004 4729 0 28 2332612
4 1.484004 4600 0 36 2339188
4 1.485005 4751 0 24 2336876
4 1.486004 4689 0 20 2336117
4 1.487004 4736 0 40 2335500
4 1.488005 4725 0 23 2398861
4 1.489004 4758 0 46 2402303
4 1.490004 4777 0 35 2336837
4 1.491004 4817 0 32 2337387
4 1.492005 4894 0 33 2333741
4 1.493004 4869 0 26 2340644
4 1.494004 4731 0 20 2403025
4 1.495004 4795 0 31 2374428
4 1.496005 4898 0 27 2430228
4 1.497005 4831 0 37 2434668
4 1.498004 4803 0 33 2437238
4 1.499004 4880 0 35 2429930
4 1.500005 4762 0 32 2334409
4 1.501004 4726 0 33 2336109
4 1.502005 4726 0 26 2338267
4 1.503004 4783 0 33 2338792
4 1.504004 4746 0 35 2338137
4 1.505005 4837 0 30 2332498
4 1.506004 4811 0 42 2359924
4 1.507004 4795 0 34 2436785
4 1.508005 4858 0 22 2400786
4 1.509005 4834 0 33 2333263
4 1.510004 4895 0 22 2432475
4 1.511004 4853 0 37 2435754
4 1.512004 4819 0 33 2435383
4 1.513005 4775 0 17 2434991
4 1.514005 4793 0 40 2433826
4 1.515004 4785 0 27 2435563
4 1.516004 4734 1 54 2428877
4 1.517004 4839 0 29 2399556
4 1.518004 4759 0 32 2344481
4 1.519004 4768 0 21 2391468
4 1.520004 4796 0 35 2357747
4 1.521004 4790 0 25 2436048
4 1.522004 4689 0 34 2396844
4 1.523005 4765 0 26 2377128
4 1.524005 4658 1 22 2400743
4 1.525005 4790 0 39 2336440
4 1.526004 4831 0 28 2337167
4 1.527004 4760 0 28 2333060
4 1.528004 4822 0 39 2334493
4 1.529004 4718 0 22 2335839
4 1.530004 4705 0 21 2334525
4 1.531004 4748 0 26 2332936
4 1.532005 4693 1 27 2336260
4 1.533005 4830 0 41 2339369
4 1.534004 4927 0 42 2337395
4 1.535005 4775 0 32 2340070
4 1.536005 4831 0 28 2392705
4 1.537005 4956 0 26 2336962
4 1.538005 4853 0 29 2400249
4 1.539004 4757 0 37 2378990
4 1.540004 4928 0 38 2424476
4 1.541005 4723 0 42 2436390
4 1.542004 4841 0 35 2431812
4 1.543004 4857 0 26 2434386
4 1.544005 4920 0 32 2431846
4 1.545004 4840 0 44 2434839
4 1.546004 4749 0 31 2396245
4 1.547004 4792 0 24 2337051
4 1.548005 4814 0 20 2333511
4 1.549004 4769 0 31 2340724
4 1.550005 4811 0 24 2436443
4 1.551004 4647 0 31 2431705
4 1.552005 4674 0 28 2435151
4 1.553004 4778 0 28 2398924
4 1.554004 4761 0 39 2339474
4 1.555004 4814 0 19 2337534
4 1.556004 4835 0 39 2338523
4 1.557005 4783 0 39 2395175
4 1.558004 4803 0 31 2335761
4 1.559004 4782 0 31 2379955
4 1.560004 4608 0 52 2404331
4 1.561004 4818 0 40 2335934
4 1.562004 4684 0 38 2333239
4 1.563004 4751 0 26 2337280
4 1.564004 4762 0 34 2333892
4 1.565005 4879 0 36 2341756
4 1.566004 4713 0 15 2358430
4 1.567004 4809 0 38 2439801
4 1.568005 4669 0 36 2391638
4 1.569004 4637 0 26 2336943
4 1.570004 4731 0 30 2370365
4 1.571004 4689 0 46 2422794
4 1.572005 4828 0 27 2327770
4 1.573004 4737 0 31 2335668
4 1.574004 4734 0 39 2405336
4 1.575004 4798 0 44 2514981
4 1.576005 4770 0 31 2396457
4 1.577004 4755 0 26 2489863
4 1.578004 4744 0 37 2431823
4 1.579005 4709 0 24 2395202
4 1.580005 4792 0 30 2337419
4 1.581005 4708 0 36 2366842
4 1.582004 4694 0 27 2385328
4 1.583004 4775 0 32 2332848
4 1.584004 4754 0 21 2331367
4 1.585004 4668 0 31 2430470
4 1.586004 4583 0 26 2434647
4 1.587004 4702 0 26 2431895
4 1.588004 4786 0 32 2429873
4 1.589004 4772 0 39 2435239
4 1.590004 4693 0 38 2436224
4 1.591004 4678 0 31 2435427
4 1.592005 4723 0 22 2434330
4 1.593004 4703 0 41 2432062
4 1.594004 4754 0 43 2434151
4 1.595004 4756 0 39 2435024
4 1.596005 4646 0 35 2357356
4 1.597005 4648 0 21 2397690
4 1.598004 4725 0 37 2357632
4 1.599004 4742 0 28 2433776
4 1.600004 4746 0 26 2426882
4 1.601005 4781 0 26 2436552
4 1.602004 4720 0 19 2434276
4 1.603004 4665 0 19 2429550
4 1.604004 4759 0 23 2433765
4 1.605004 4786 0 25 2437772
4 1.606004 4745 0 29 2432618
4 1.607004 4731 0 30 2434675
4 1.608005 4776 1 30 2434866
4 1.609004 4853 0 27 2432508
4 1.610005 4746 0 30 2434971
4 1.611004 4681 0 31 2396199
4 1.612005 4774 0 25 2333205
4 1.613004 4640 0 34 2431390
4 1.614004 4809 0 31 2435618
4 1.615004 4809 0 33 2438480
4 1.616005 4662 0 42 2439128
4 1.617005 4827 0 33 2490585
4 1.618004 4813 0 21 2429981
4 1.619004 4597 0 27 2431354
4 1.620004 4773 0 40 2368916
4 1.621005 4824 0 50 2359080
4 1.622004 4892 0 23 2432968
4 1.623005 4807 0 33 2435975
4 1.624004 4702 0 31 2427053
4 1.625004 4816 0 22 2436051
4 1.626005 4690 0 33 2429097
4 1.627004 4639 0 21 2362098
4 1.628005 4740 0 32 2435008
4 1.629004 4618 0 31 2436585
4 1.630004 4651 0 35 2434319
4 1.631004 4680 0 25 2430153
4 1.632005 4791 0 23 2432928
4 1.633004 4736 0 34 2433558
4 1.634004 4813 0 28 2436142
4 1.635004 4672 0 40 2436262
4 1.636005 4784 3 38 2433738
4 1.637005 4833 0 31 2430671
4 1.638004 4841 0 25 2435438
4 1.639004 4798 0 30 2434913
4 1.640005 4796 2 46 2435124
4 1.641004 4733 0 37 2427563
4 1.642004 4704 0 34 2432960
4 1.643004 4810 0 29 2436279
4 1.644005 4752 0 33 2431072
4 1.645005 4769 0 26 2431606
4 1.646004 4743 0 29 2433793
4 1.647004 4732 0 38 2433933
4 1.648005 4797 0 49 2433109
4 1.649004 4725 0 34 2433924
4 1.650004 4697 0 30 2434999
4 1.651004 4871 0 45 2435319
4 1.652005 4695 0 35 2435535
4 1.653004 4814 0 37 2430564
4 1.654004 4752 0 30 2432583
4 1.655004 4859 0 33 2431790
4 1.656005 4807 0 43 2431692
4 1.657004 4815 0 52 2461013
4 1.658004 4782 0 26 2485532
4 1.659004 4803 0 26 2433728
4 1.660005 4864 1 33 2427967
4 1.661004 4710 0 33 2433267
4 1.662004 4724 0 36 2430458
4 1.663004 4869 0 45 2434463
4 1.664005 4761 0 26 2431065
4 1.665004 4634 0 31 2438665
4 1.666004 4720 0 39 2438647
4 1.667004 4676 0 33 2431859
4 1.668005 4857 0 40 2435070
4 1.669005 4708 0 37 2437933
4 1.670005 4738 0 19 2434933
4 1.671004 4796 0 42 2427359
4 1.672009 4734 0 34 2441146
4 1.673005 4713 0 19 2416491
4 1.674004 4754 0 37 2433302
4 1.675004 4768 0 30 2432977
4 1.676005 4751 0 29 2434222
4 1.677004 4759 0 26 2433574
4 1.678004 4754 0 40 2435950
4 1.679004 4733 0 43 2437236
4 1.680007 4730 0 48 2442458
4 1.681004 4711 0 32 2428479
4 1.682004 4740 0 47 2433376
4 1.683004 4821 0 35 2432664
4 1.684004 4706 0 42 2429878
4 1.685004 4646 0 31 2438253
4 1.686004 4741 0 28 2435727
4 1.687004 4759 0 35 2437474
4 1.688004 4791 0 39 2430363
4 1.689004 4711 0 25 2428548
4 1.690004 4798 0 39 2439307
4 1.691004 4810 0 43 2439252
4 1.692004 4719 0 36 2430172
4 1.693004 4736 0 29 2436959
4 1.694004 4609 0 46 2437154
4 1.695005 4763 0 36 2434281
4 1.696004 4754 0 23 2432512
4 1.697004 4774 0 30 2497591
4 1.698004 4750 0 34 2431482
4 1.699004 4726 0 24 2434269
4 1.700005 4790 0 45 2434434
4 1.701004 4793 0 46 2430551
4 1.702004 4719 0 29 2435602
4 1.703005 4688 3 34 2436891
4 1.704004 4714 1 31 2424903
4 1.705004 4748 3 30 2434468
4 1.706005 4711 0 34 2349664
4 1.707005 4630 0 31 2254335
4 1.708005 4670 1 27 2368493
4 1.709004 4702 0 27 2429580
4 1.710004 4781 0 28 2432046
4 1.711004 4775 0 41 2430376
4 1.712005 4825 0 24 2432156
4 1.713005 4799 2 53 2332582
4 1.714006 4707 0 33 2235265
4 1.715004 4739 0 17 2243282
4 1.716004 4812 2 31 2392318
4 1.717005 4769 0 32 2435147
4 1.718004 4743 0 29 2431764
4 1.719004 4711 0 25 2436441
4 1.720004 4739 4 56 2429444
4 1.721005 4804 0 39 2435307
4 1.722005 4873 3 64 2434860
4 1.723005 5174 3 63 2433442
4 1.724005 4958 4 74 2476704
4 1.725005 4878 0 47 2491654
4 1.726004 4721 0 24 2433453
4 1.727004 4832 0 25 2434870
4 1.728004 4801 0 70 2435259
4 1.729004 4823 0 25 2489013
4 1.730004 4675 0 32 2433275
4 1.731004 4806 0 33 2432003
4 1.732005 4677 6 58 2428496
4 1.733004 4827 0 37 2490952
4 1.734004 4735 0 30 2435910
4 1.735004 4785 3 49 2434468
4 1.736005 4773 2 31 2431642
