7 0.001021 7390 8 22700 2555589
7 0.002008 8597 0 26118 2873070
7 0.003005 8363 0 25829 2326062
7 0.004005 8401 0 25910 2331442
7 0.005005 8750 0 27179 2328919
7 0.006005 8555 0 26500 2333154
7 0.007004 8529 0 26438 2334951
7 0.008004 8587 0 26581 2331702
7 0.009005 8467 2 26219 2333308
7 0.010005 8483 0 26820 2334919
7 0.011004 8454 0 26509 2335571
7 0.012004 8632 0 26406 2335688
7 0.013005 8559 3 26914 2328932
7 0.014005 8534 0 26948 2333583
7 0.015004 8339 0 26483 2333157
7 0.016004 8721 0 26810 2327796
7 0.017005 8550 1 27086 2320667
7 0.018004 8437 0 26692 2330464
7 0.019004 8499 0 27293 2331000
7 0.020004 8513 0 26853 2330760
7 0.021005 8458 0 26962 2329879
7 0.022005 8673 0 26837 2332483
7 0.023004 8548 0 26702 2331282
7 0.024004 8337 0 26119 2322851
7 0.025005 8619 1 26908 2331574
7 0.026004 8497 0 26283 2333723
7 0.027004 8670 0 26305 2332597
7 0.028004 8425 0 26458 2336567
7 0.029005 8707 1 27032 2329880
7 0.030005 8495 0 26094 2336501
7 0.031004 8494 0 25926 2326163
7 0.032004 8431 0 26192 2330891
7 0.033005 8703 1 26976 2332860
7 0.034004 8594 0 26887 2326866
7 0.035004 8764 0 27403 2333933
7 0.036004 8455 0 27019 2329837
7 0.037005 8474 1 26225 2330609
7 0.038004 8400 0 25436 2326466
7 0.039004 8616 0 27336 2336391
7 0.040004 8670 0 26433 2333968
7 0.041005 8593 0 26166 2330115
7 0.042005 8572 0 27022 2329863
7 0.043004 8540 0 27182 2332972
7 0.044004 8573 0 26990 2334932
7 0.045005 8383 0 26523 2334387
7 0.046004 8563 0 26752 2332035
7 0.047004 8678 0 26881 2335378
7 0.048004 8428 0 26067 2329551
7 0.049005 8555 0 27014 2327210
7 0.050005 8637 0 26957 2333053
7 0.051004 8559 0 27071 2331807
7 0.052004 8510 0 26515 2326645
7 0.053005 8510 0 25594 2333314
7 0.054005 8817 0 26996 2328682
7 0.055004 8502 0 27263 2333574
7 0.056004 8453 0 26601 2334223
7 0.057005 8403 0 25944 2333573
7 0.058004 8668 0 27006 2328357
7 0.059004 8754 0 27572 2328805
7 0.060004 8621 0 26789 2330234
7 0.061005 8538 0 26909 2331532
7 0.062004 8437 3 26132 2332109
7 0.063004 8771 0 27549 2331734
7 0.064005 8793 0 27341 2336986
7 0.065005 8403 1 26598 2327617
7 0.066004 8411 0 27084 2331509
7 0.067004 8450 0 26506 2331696
7 0.068004 8432 0 26870 2329793
7 0.069005 8224 0 26464 2332275
7 0.070005 8320 0 26496 2334182
7 0.071004 8204 0 26552 2332116
7 0.072004 8431 0 26816 2323481
7 0.073005 8557 0 26391 2327973
7 0.074004 8746 2 27241 2326188
7 0.075005 8948 4 27425 2339148
7 0.076008 8820 3 27650 2423562
7 0.077006 8167 6 24892 2301380
7 0.078005 8396 0 26049 2237708
7 0.079005 8508 0 26794 2333000
7 0.080006 8175 0 26226 2336590
7 0.081005 8211 1 26290 2324920
7 0.082005 8062 3 24363 2336621
7 0.083008 7848 3 23469 2450766
7 0.084008 7929 3 23092 2458668
7 0.085007 4945 1 14313 2231342
7 0.086006 4406 0 12332 2271136
7 0.087006 5729 0 16202 2353583
7 0.088005 6688 4 20005 2331817
7 0.089005 8402 4 25782 2326225
7 0.090005 8096 3 25671 2332849
7 0.091005 8527 0 26304 2328076
7 0.092004 8329 0 26261 2333201
7 0.093005 8472 2 26575 2327149
7 0.094004 8610 0 26231 2330742
7 0.095005 8370 3 26036 2337103
7 0.096005 8163 0 25479 2330896
7 0.097005 8448 4 25334 2328301
7 0.098006 8153 3 24124 2336273
7 0.099006 7995 4 24583 2444200
7 0.100005 7551 0 23272 2513537
7 0.101005 4902 0 13851 2339010
7 0.102005 4573 0 12644 2352830
7 0.103004 5536 0 15952 2347431
7 0.104005 7021 3 20791 2341394
7 0.105005 8175 3 25096 2249377
7 0.106008 8548 2 26210 2340912
7 0.107005 8369 2 24972 2266888
7 0.108005 8534 0 25129 2270974
7 0.109005 8256 3 25337 2326144
7 0.110004 8348 0 26411 2330988
7 0.111005 8375 3 26104 2338636
7 0.112005 8471 8 25112 2318995
7 0.113005 8824 1 25099 2264439
7 0.114005 8611 0 24824 2331702
7 0.115005 8104 2 24524 2278690
7 0.116006 8191 5 24317 2463420
7 0.117005 8577 1 26208 2566769
7 0.118004 8450 0 26037 2331025
7 0.119004 8290 0 25696 2335852
7 0.120004 8193 0 25440 2325784
7 0.121005 8220 5 24958 2324690
7 0.122004 8342 0 25357 2328623
7 0.123004 8424 0 26015 2331037
7 0.124004 8298 0 25922 2330641
7 0.125005 8386 1 25692 2328798
7 0.126006 8355 0 25803 2334307
7 0.127004 8505 0 26262 2328734
7 0.128005 8400 3 25352 2332665
7 0.129005 8334 1 25398 2319547
7 0.130004 8287 0 25429 2331208
7 0.131005 8488 0 26428 2332363
7 0.132004 8335 0 26047 2333702
7 0.133005 8423 2 25775 2330172
7 0.134004 8436 0 26090 2330457
7 0.135004 8340 0 25668 2334661
7 0.136004 8342 0 26486 2331311
7 0.137010 8652 2 26496 2343689
7 0.138006 8309 0 25016 2311875
7 0.139004 8349 0 25405 2329000
7 0.140004 8291 0 25967 2334440
7 0.141005 8339 3 25684 2334124
7 0.142004 8187 0 25905 2332158
7 0.143005 8389 0 25396 2333586
7 0.144004 8398 0 25719 2332604
7 0.145005 8069 2 24623 2331000
7 0.146005 8155 0 25587 2332593
7 0.147004 8064 0 24977 2338363
7 0.148004 8236 0 25222 2333149
7 0.149005 8225 3 26048 2336248
7 0.150005 8389 0 26127 2325117
7 0.151004 8223 0 25948 2332390
7 0.152005 8212 0 25581 2335643
7 0.153005 8349 3 25780 2331571
7 0.154004 8355 0 26536 2333192
7 0.155004 8243 0 25585 2327045
7 0.156004 8285 0 26142 2331786
7 0.157005 8454 1 25625 2332533
7 0.158004 8160 0 25777 2336104
7 0.159004 8357 0 26031 2324713
7 0.160004 8323 0 25881 2334786
7 0.161005 8164 0 26056 2330254
7 0.162005 8274 2 25654 2336887
7 0.163005 8244 2 26004 2329991
7 0.164005 8490 0 25909 2328364
7 0.165005 8523 1 26228 2331128
7 0.166004 8450 0 26411 2327939
7 0.167004 8442 0 26166 2336292
7 0.168004 8417 0 26147 2329877
7 0.169005 8451 1 26302 2329676
7 0.170005 8440 0 26210 2331315
7 0.171004 8347 0 26303 2330051
7 0.172004 8306 0 25797 2333541
7 0.173005 8441 0 26459 2327241
7 0.174004 8453 0 26209 2331325
7 0.175005 8469 0 26346 2332753
7 0.176004 8432 0 26129 2327403
7 0.177005 8625 0 27056 2335078
7 0.178005 8428 0 25818 2330789
7 0.179004 8524 0 26018 2336275
7 0.180004 8404 0 26282 2329725
7 0.181005 8206 1 25818 2335594
7 0.182005 8217 0 26042 2332820
7 0.183004 8472 0 26166 2328854
7 0.184004 8454 0 26207 2333627
7 0.185005 8336 1 26199 2331116
7 0.186005 8474 0 25905 2334933
7 0.187004 8424 0 25917 2333189
7 0.188004 8216 0 25852 2325526
7 0.189005 8350 1 25933 2327031
7 0.190005 8221 0 26330 2333266
7 0.191004 8365 0 25888 2332060
7 0.192004 8436 0 26487 2329311
7 0.193005 8615 1 26756 2332390
7 0.194004 8766 0 26810 2334659
7 0.195004 8224 0 25437 2333884
7 0.196004 8423 0 25884 2329992
7 0.197005 8318 1 26067 2334110
7 0.198005 8182 0 25927 2331931
7 0.199004 8355 0 26377 2327335
7 0.200004 8655 0 26401 2327432
7 0.201005 8471 0 26255 2332802
7 0.202004 8559 0 26029 2336280
7 0.203005 8467 0 26404 2329918
7 0.204004 8322 0 26766 2331760
7 0.205005 8370 0 26189 2331434
7 0.206004 8624 0 26441 2326947
7 0.207004 8203 0 26046 2334136
7 0.208005 8256 0 26216 2332565
7 0.209005 8289 0 26049 2331133
7 0.210004 8485 0 26218 2334857
7 0.211004 8350 0 26200 2330382
7 0.212004 8480 0 26094 2334885
7 0.213005 8738 0 26651 2330590
7 0.214005 8451 0 26448 2328793
7 0.215004 8321 0 25408 2328661
7 0.216004 8366 0 26162 2331582
7 0.217005 8150 5 24834 2331168
7 0.218004 8626 4 25602 2658582
7 0.219005 8603 0 25761 2881875
7 0.220004 8457 0 25860 2661463
7 0.221005 8446 1 26252 2330683
7 0.222004 8252 0 25640 2331726
7 0.223004 8462 0 26394 2330215
7 0.224005 8196 0 25855 2338909
7 0.225005 8370 3 26034 2320824
7 0.226004 8307 0 26081 2329151
7 0.227004 8274 0 26163 2332483
7 0.228004 8203 0 25989 2339052
7 0.229005 8386 1 25822 2330769
7 0.230005 8406 0 26006 2332577
7 0.231004 8216 0 25468 2335073
7 0.232004 8438 0 26104 2330282
7 0.233005 8287 0 25681 2329967
7 0.234005 8252 0 25635 2334589
7 0.235004 8304 0 25338 2331419
7 0.236004 8496 0 25384 2336955
7 0.237005 8156 0 25499 2328944
7 0.238004 8192 0 26031 2338031
7 0.239004 8343 0 25521 2329679
7 0.240005 8270 0 25703 2332291
7 0.241005 8345 0 25246 2331952
7 0.242004 8339 0 25761 2328973
7 0.243004 8375 0 25480 2333617
7 0.244004 8266 0 25251 2332855
7 0.245005 8193 0 25345 2334226
7 0.246004 8113 0 25049 2330054
7 0.247005 8358 0 25734 2337093
7 0.248004 8294 0 25073 2327401
7 0.249005 8446 0 25919 2328857
7 0.250006 8338 3 25629 2316673
7 0.251004 8416 0 25224 2269759
7 0.252004 8516 0 26087 2334871
7 0.253005 8352 1 25838 2328588
7 0.254004 8244 0 25612 2328883
7 0.255004 8472 0 25861 2334667
7 0.256004 8285 0 25392 2334817
7 0.257005 8356 0 25652 2328740
7 0.258005 8561 0 25601 2328301
7 0.259004 8408 0 25313 2330537
7 0.260004 8489 0 25736 2335390
7 0.261005 8293 0 25373 2328664
7 0.262005 8198 0 25655 2328672
7 0.263005 8423 0 25546 2335666
7 0.264005 8339 0 25801 2329733
7 0.265005 8304 0 26090 2329496
7 0.266004 8422 0 26076 2330889
7 0.267004 8465 0 26096 2330881
7 0.268004 8556 0 25801 2329263
7 0.269005 8513 0 25962 2328662
7 0.270004 8485 0 25965 2331559
7 0.271005 8388 0 26018 2334157
7 0.272004 8417 0 25797 2326092
7 0.273005 8428 0 26460 2329730
7 0.274005 8378 0 25827 2335077
7 0.275004 8232 0 25785 2328171
7 0.276006 8753 0 27229 2337550
7 0.277005 8794 0 27388 2323996
7 0.278006 8600 0 26355 2334987
7 0.279006 8766 3 26339 2278469
7 0.280005 8520 0 25864 2257509
7 0.281005 8448 2 25902 2329369
7 0.282004 8341 0 25085 2328427
7 0.283004 8537 0 25953 2334174
7 0.284004 8249 0 26143 2329137
7 0.285004 8406 1 25629 2328155
7 0.286004 8362 0 25792 2331538
7 0.287005 8322 0 26011 2330891
7 0.288004 8356 0 25786 2330699
7 0.289005 8381 0 25790 2329594
7 0.290004 8409 0 25869 2330290
7 0.291004 8386 0 25336 2334273
7 0.292004 8248 0 25502 2334549
7 0.293005 8200 1 26018 2333795
7 0.294004 8384 0 25658 2329180
7 0.295004 8286 0 25133 2331846
7 0.296004 8434 0 25711 2336782
7 0.297005 8430 1 25941 2330493
7 0.298004 8448 0 25827 2333556
7 0.299004 8407 0 25958 2336593
7 0.300004 8379 0 25773 2333208
7 0.301005 8405 0 25976 2329961
7 0.302005 8385 0 26067 2331529
7 0.303004 8330 0 25615 2334376
7 0.304004 8337 0 25526 2332025
7 0.305005 8555 1 25676 2330033
7 0.306004 8436 0 25445 2327976
7 0.307004 8429 0 26041 2336053
7 0.308004 8335 0 25360 2333274
7 0.309005 8550 0 26087 2334359
7 0.310004 8213 0 25657 2336124
7 0.311004 8104 0 24837 2338019
7 0.312004 8400 0 25738 2333709
7 0.313005 8443 0 26179 2332857
7 0.314004 8563 0 26194 2337324
7 0.315004 8423 0 25672 2331366
7 0.316004 8278 0 25264 2332047
7 0.317005 8638 1 26734 2327303
7 0.318004 8603 0 26002 2334020
7 0.319004 8393 0 25740 2332145
7 0.320004 8274 0 24939 2328408
7 0.321005 8477 0 26095 2331965
7 0.322004 8557 0 26171 2334544
7 0.323004 8385 0 25503 2333130
7 0.324004 8788 0 26325 2330930
7 0.325005 8487 1 25801 2324387
7 0.326004 8358 0 26068 2327050
7 0.327004 8366 0 25813 2331109
7 0.328004 8293 0 25315 2333819
7 0.329005 8188 2 25230 2328954
7 0.330005 8396 0 25852 2334488
7 0.331004 8382 0 25425 2330437
7 0.332004 8362 0 25725 2339173
7 0.333005 8254 0 26852 2331290
7 0.334004 8314 0 26033 2330792
7 0.335004 8344 0 26244 2333276
7 0.336004 8284 0 25811 2328024
7 0.337004 8384 0 25607 2330855
7 0.338004 8273 0 25778 2332993
7 0.339004 8355 0 25860 2333632
7 0.340004 8520 0 26263 2334256
7 0.341004 8614 0 25838 2330495
7 0.342005 8341 0 25858 2331040
7 0.343004 8429 0 26007 2332348
7 0.344004 8261 0 25266 2337483
7 0.345005 8194 0 25242 2326747
7 0.346004 8229 0 25514 2331810
7 0.347004 8292 0 25840 2336260
7 0.348004 8339 0 26323 2331644
7 0.349005 8273 0 25515 2332006
7 0.350005 8309 3 25961 2332204
7 0.351004 8389 0 26147 2328937
7 0.352004 8339 0 25753 2327900
7 0.353005 8371 4 25486 2329448
7 0.354004 8490 0 25091 2325613
7 0.355004 8468 0 24726 2336965
7 0.356004 8485 0 24476 2336265
7 0.357005 8443 1 25153 2329934
7 0.358004 8516 0 24880 2317454
7 0.359004 8396 0 24588 2335412
7 0.360005 8584 0 25062 2321792
7 0.361005 8646 0 25386 2325371
7 0.362005 8404 0 24912 2329120
7 0.363005 8480 0 24976 2336775
7 0.364004 8463 0 24292 2330410
7 0.365005 8354 0 24926 2331736
7 0.366004 8516 0 25049 2336317
7 0.367004 8435 0 24732 2334784
7 0.368004 8482 0 25283 2331058
7 0.369005 8543 1 25109 2330797
7 0.370005 8439 0 24576 2336644
7 0.371005 8374 0 24857 2328752
7 0.372004 8531 0 24602 2331598
7 0.373005 8527 1 24591 2330900
7 0.374005 8320 3 24890 2277135
7 0.375005 8414 0 24688 2257282
7 0.376004 8373 0 25030 2337803
7 0.377005 8410 1 25096 2324932
7 0.378004 8353 0 24522 2334379
7 0.379004 8526 0 25092 2327832
7 0.380004 8306 0 24477 2338200
7 0.381005 8446 1 25493 2334288
7 0.382004 8468 0 24891 2336125
7 0.383004 8577 0 24388 2332595
7 0.384004 8467 0 24678 2328187
7 0.385005 8335 1 24745 2329047
7 0.386004 8555 0 25158 2334910
7 0.387004 8447 0 24972 2331683
7 0.388004 8547 0 25413 2337250
7 0.389004 8604 0 25059 2326925
7 0.390005 8496 0 24642 2332480
7 0.391004 8585 0 24888 2335665
7 0.392004 8600 0 24939 2331368
7 0.393004 8469 1 25427 2329833
7 0.394004 8516 0 24823 2333906
7 0.395004 8405 0 24488 2331338
7 0.396004 8521 0 25376 2336903
7 0.397005 8549 0 25180 2332679
7 0.398004 8610 0 25102 2335549
7 0.399004 8659 0 24797 2334709
7 0.400004 8612 0 24948 2330631
7 0.401005 8542 1 25373 2334073
7 0.402004 8456 0 24495 2332975
7 0.403004 8545 0 24942 2333569
7 0.404004 8564 0 24853 2337301
7 0.405005 8526 0 25002 2329475
7 0.406004 8548 0 25114 2330036
7 0.407004 8650 0 25334 2330957
7 0.408004 8447 0 25152 2332205
7 0.409005 8405 1 25314 2331496
7 0.410004 8344 0 24881 2330148
7 0.411004 8223 0 24239 2332051
7 0.412004 8396 0 24377 2333194
7 0.413004 8619 0 25070 2329078
7 0.414004 8598 0 25446 2334543
7 0.415004 8634 0 25270 2336261
7 0.416004 8642 0 25292 2334840
7 0.417005 8597 0 25930 2330429
7 0.418004 8448 0 25211 2328787
7 0.419004 8548 0 25390 2334142
7 0.420004 8545 0 25008 2336507
7 0.421004 8589 0 24797 2324482
7 0.422005 8483 0 24908 2340870
7 0.423004 8660 0 24955 2333525
7 0.424004 8675 0 25460 2329839
7 0.425005 8750 0 25775 2331065
7 0.426005 8445 0 24702 2332495
7 0.427004 8534 0 25217 2335248
7 0.428005 8331 0 24563 2337118
7 0.429005 8408 0 24723 2325783
7 0.430004 8440 0 24954 2333912
7 0.431004 8474 0 24887 2332269
7 0.432004 8545 0 24092 2333599
7 0.433005 8375 0 25183 2328713
7 0.434004 8425 0 24998 2329734
7 0.435004 8482 0 24868 2335433
7 0.436004 8457 0 24899 2334937
7 0.437005 8543 0 24998 2328153
7 0.438004 8413 0 24887 2326827
7 0.439004 8716 0 25160 2338693
7 0.440004 8570 0 24839 2332717
7 0.441005 8405 0 25340 2329783
7 0.442005 8652 0 25331 2339431
7 0.443004 8510 0 24640 2326393
7 0.444004 8455 0 25034 2334170
7 0.445004 8356 0 24847 2326697
7 0.446004 8447 0 24398 2335121
7 0.447004 8488 0 24300 2333969
7 0.448004 8306 0 24224 2335132
7 0.449005 8405 0 24739 2329210
7 0.450005 8539 0 24962 2335940
7 0.451004 8415 0 25038 2332878
7 0.452004 8427 0 25151 2330570
7 0.453005 8653 0 25788 2334676
7 0.454004 8556 0 24751 2323870
7 0.455004 8566 0 25084 2333900
7 0.456004 8389 0 25155 2339684
7 0.457005 8684 0 25165 2331257
7 0.458004 8579 0 24959 2331224
7 0.459004 8542 0 25196 2327633
7 0.460004 8560 0 25483 2331885
7 0.461005 8449 0 25055 2335704
7 0.462004 8549 0 24523 2331236
7 0.463004 8447 0 25070 2332361
7 0.464004 8558 0 24449 2327660
7 0.465004 8570 0 24746 2335108
7 0.466005 8563 0 24680 2333342
7 0.467004 8560 0 25022 2330612
7 0.468004 8502 0 24964 2336849
7 0.469004 8538 0 25116 2330922
7 0.470005 8572 0 24868 2322991
7 0.471005 8553 0 25323 2326368
7 0.472004 8614 0 25132 2340590
7 0.473005 8528 1 25102 2329470
7 0.474004 8380 0 25397 2327684
7 0.475004 8401 0 25169 2334474
7 0.476004 8641 0 25033 2329989
7 0.477005 8467 0 25558 2336099
7 0.478004 8316 0 24762 2337656
7 0.479004 8413 0 24911 2331013
7 0.480004 8608 0 25297 2334501
7 0.481005 8570 0 25128 2329038
7 0.482005 8447 0 24881 2330819
7 0.483004 8520 0 24979 2334397
7 0.484004 8516 0 25206 2332673
7 0.485005 8634 1 25268 2328568
7 0.486004 8636 0 25075 2332568
7 0.487004 8513 0 25275 2331976
7 0.488004 8601 0 24925 2336325
7 0.489004 8651 0 25666 2331303
7 0.490005 8642 0 25355 2333977
7 0.491004 8677 0 25300 2330875
7 0.492004 8590 0 24755 2331685
7 0.493005 8685 0 25331 2331683
7 0.494005 8694 0 25513 2334504
7 0.495004 8460 0 25080 2331980
7 0.496004 8453 0 25117 2328568
7 0.497004 8460 1 24858 2328326
7 0.498005 8331 3 24671 2296809
7 0.499005 8371 0 24530 2273277
7 0.500005 8406 0 24746 2333472
7 0.501005 8461 1 24973 2328373
7 0.502004 8347 0 24585 2333653
7 0.503004 8463 0 24771 2329497
7 0.504004 8607 0 24998 2332518
7 0.505005 8361 0 25202 2329489
7 0.506004 8538 0 25440 2334313
7 0.507004 8378 0 25007 2334015
7 0.508004 8637 0 24799 2330725
7 0.509005 8541 0 25133 2331376
7 0.510005 8424 0 25247 2334036
7 0.511005 8286 0 24576 2331724
7 0.512004 8344 0 25233 2333362
7 0.513005 8418 0 25117 2328546
7 0.514004 8442 0 24636 2331406
7 0.515004 8448 0 24954 2331898
7 0.516004 8283 0 24959 2330973
7 0.517005 8466 0 25019 2332297
7 0.518004 8376 0 25097 2327894
7 0.519004 8577 0 25214 2329737
7 0.520005 8510 0 24649 2335824
7 0.521005 8490 0 25166 2326527
7 0.522004 8527 0 25016 2329860
7 0.523004 8510 0 24662 2331191
7 0.524004 8321 0 25416 2337320
7 0.525005 8519 0 24957 2328258
7 0.526004 8521 0 25033 2331269
7 0.527004 8484 0 24875 2329821
7 0.528004 8426 0 24745 2332811
7 0.529005 8407 0 24907 2329979
7 0.530005 8577 0 25340 2331789
7 0.531004 8499 0 25201 2334036
7 0.532004 8556 0 24971 2336067
7 0.533005 8575 0 25468 2330544
7 0.534005 8630 0 25919 2330723
7 0.535004 8580 0 25132 2331143
7 0.536004 8529 0 24959 2333405
7 0.537004 8457 0 25603 2330939
7 0.538004 8520 0 25414 2337299
7 0.539004 8261 0 24141 2332579
7 0.540004 8438 0 24304 2331114
7 0.541005 8550 1 24973 2327162
7 0.542004 8661 0 25499 2336934
7 0.543004 8712 0 25673 2330581
7 0.544004 8555 0 25721 2335774
7 0.545004 8533 0 24998 2330625
7 0.546004 8696 0 25427 2332371
7 0.547004 8748 0 25131 2335920
7 0.548004 8674 0 25950 2327427
7 0.549005 8751 0 25974 2332582
7 0.550005 8710 0 24925 2337087
7 0.551004 8604 0 24895 2330352
7 0.552004 8620 0 24830 2331124
7 0.553005 8600 0 26304 2329077
7 0.554004 8792 0 25446 2328308
7 0.555004 8713 0 25434 2332812
7 0.556004 8684 0 25796 2329218
7 0.557004 8718 0 25785 2327622
7 0.558004 8491 0 25357 2331816
7 0.559005 8800 0 25273 2338574
7 0.560004 8701 0 25315 2330203
7 0.561005 8740 0 25124 2334284
7 0.562004 8622 0 25720 2326105
7 0.563004 8620 0 25616 2333517
7 0.564004 8834 0 26654 2333677
7 0.565005 8493 0 25398 2331649
7 0.566004 8871 0 25558 2328207
7 0.567004 8782 0 26286 2330669
7 0.568004 8854 0 25275 2332100
7 0.569005 8678 0 26078 2331880
7 0.570004 8708 0 25790 2327762
7 0.571005 8803 0 26124 2334764
7 0.572004 8712 0 25258 2326093
7 0.573004 8805 0 26190 2339357
7 0.574004 8530 0 25445 2328249
7 0.575004 8670 2 25759 2334130
7 0.576005 8724 0 25195 2334118
7 0.577005 9310 1 27506 2315013
7 0.578005 8911 0 25810 2333254
7 0.579005 8617 0 25208 2328907
7 0.580004 8580 0 24602 2337450
7 0.581005 8514 0 25861 2327674
7 0.582004 8731 0 25361 2327045
7 0.583004 8671 0 26039 2336552
7 0.584004 8930 0 26766 2328027
7 0.585004 8726 0 26151 2334625
7 0.586004 8745 0 25306 2336344
7 0.587005 8679 0 25028 2333581
7 0.588004 8674 0 25815 2330486
7 0.589005 8686 0 25883 2328060
7 0.590005 8694 0 25723 2328698
7 0.591004 8387 0 25117 2331557
7 0.592004 8732 0 25800 2335208
7 0.593004 8735 0 25792 2329946
7 0.594004 8824 0 26286 2331290
7 0.595004 8377 0 25725 2336796
7 0.596004 8586 0 26444 2332174
7 0.597004 8893 1 25502 2331703
7 0.598005 8662 3 25401 2333565
7 0.599004 8589 0 25591 2332073
7 0.600004 8754 0 25512 2332100
7 0.601004 8676 1 25452 2328526
7 0.602005 8676 0 25731 2334874
7 0.603004 8740 0 25948 2331107
7 0.604004 8431 0 25514 2330423
7 0.605005 8613 0 25281 2332826
7 0.606005 8548 0 24295 2332928
7 0.607005 8430 0 24093 2330407
7 0.608004 8656 0 25648 2328266
7 0.609004 8665 0 26451 2324832
7 0.610005 8667 2 25985 2333159
7 0.611004 8527 2 25030 2330153
7 0.612004 8632 0 25243 2332171
7 0.613004 8499 1 25537 2331979
7 0.614005 8542 0 24925 2331041
7 0.615004 8605 0 25518 2331177
7 0.616004 8635 0 25237 2336003
7 0.617005 8489 0 25212 2335038
7 0.618005 8386 3 24563 2327908
7 0.619004 8347 3 24006 2329900
7 0.620004 8410 3 24336 2335463
7 0.621004 8622 2 25359 2329236
7 0.622005 8454 4 25070 2296434
7 0.623005 8579 0 25181 2276703
7 0.624004 8506 0 25188 2329919
7 0.625004 8667 2 25637 2333031
7 0.626005 8481 0 25372 2332356
7 0.627004 8557 0 25336 2330680
7 0.628004 8477 0 24939 2334463
7 0.629005 8513 0 25395 2323526
7 0.630005 8698 0 24844 2336725
7 0.631005 8589 0 24933 2335564
7 0.632004 8488 0 25092 2331577
7 0.633005 8569 1 25684 2327205
7 0.634005 8512 0 25379 2334558
7 0.635004 8564 0 25738 2329758
7 0.636004 8485 0 25603 2330996
7 0.637005 8511 0 24821 2332038
7 0.638004 8492 0 24569 2317561
7 0.639004 8397 0 24159 2332478
7 0.640004 8666 0 25447 2330530
7 0.641005 8546 0 25488 2333113
7 0.642005 8801 0 26256 2332308
7 0.643004 8648 0 25158 2330821
7 0.644004 8588 0 24948 2333676
7 0.645005 8454 0 25246 2332369
7 0.646005 8476 0 25185 2329880
7 0.647004 8596 0 25243 2330152
7 0.648005 8521 0 25066 2335520
7 0.649005 8474 0 24710 2327643
7 0.650004 8538 0 24677 2332904
7 0.651004 8536 0 25368 2334754
7 0.652004 8682 0 25310 2330106
7 0.653005 8575 0 25742 2325079
7 0.654004 8428 0 25381 2329943
7 0.655004 8453 0 24850 2331137
7 0.656004 8534 0 25693 2329689
7 0.657004 8642 0 25262 2332271
7 0.658004 8454 0 24992 2329573
7 0.659005 8494 0 25555 2337495
7 0.660004 8713 0 25199 2332181
7 0.661005 8508 0 25353 2326846
7 0.662004 8674 0 25267 2334430
7 0.663005 8596 0 25021 2327496
7 0.664004 8438 0 25200 2333751
7 0.665005 8533 0 25472 2327926
7 0.666005 8537 0 25023 2331737
7 0.667004 8728 0 25066 2337142
7 0.668004 8456 0 24519 2331859
7 0.669004 8440 0 25166 2329314
7 0.670004 8635 0 25446 2332971
7 0.671005 8454 0 24709 2330660
7 0.672004 8480 0 24629 2326143
7 0.673005 8469 0 24737 2335175
7 0.674005 8379 0 25027 2327735
7 0.675004 8556 0 24974 2331357
7 0.676004 8616 0 24719 2334680
7 0.677005 8575 0 24803 2324280
7 0.678004 8409 0 24649 2333251
7 0.679004 8683 0 25082 2339878
7 0.680004 8639 0 25152 2330327
7 0.681005 8664 0 25439 2330873
7 0.682005 8598 0 25279 2330241
7 0.683005 8565 0 25088 2330453
7 0.684004 8683 0 25205 2330485
7 0.685005 8682 0 25339 2330372
7 0.686004 8526 0 25078 2329774
7 0.687004 8485 0 25694 2332071
7 0.688004 8550 0 25271 2331439
7 0.689005 8554 0 24810 2337259
7 0.690004 8617 0 24829 2330474
7 0.691004 8495 0 24869 2336549
7 0.692004 8523 0 24727 2332943
7 0.693004 8615 0 25040 2332191
7 0.694004 8660 0 24906 2333714
7 0.695004 8336 0 24138 2334813
7 0.696004 8574 0 24956 2338184
7 0.697005 8645 0 24960 2322451
7 0.698005 8603 0 25106 2330325
7 0.699004 8523 0 24620 2328866
7 0.700004 8553 0 25306 2334193
7 0.701005 8685 0 25353 2329904
7 0.702004 8697 0 25200 2332203
7 0.703004 8784 4 25865 2335493
7 0.704004 8797 1 26173 2329190
7 0.705004 9092 1 26780 2329339
7 0.706005 9077 1 26230 2336075
7 0.707005 9146 1 27465 2327609
7 0.708010 8722 2 25083 2306239
7 0.709005 8944 4 26599 2278013
7 0.710005 8911 0 26306 2331814
7 0.711004 8682 0 25623 2328260
7 0.712004 8900 0 26151 2331038
7 0.713005 8892 5 26285 2327387
7 0.714005 8858 1 26353 2327919
7 0.715005 8586 4 25188 2332080
7 0.716005 8508 6 25000 2378214
7 0.717006 8524 4 25149 2341106
7 0.718005 8911 1 25849 2330463
7 0.719004 8851 0 26326 2335546
7 0.720004 8882 1 25418 2334492
7 0.721005 8809 4 25596 2327868
7 0.722005 8809 2 25958 2331423
7 0.723004 8871 0 26355 2331069
7 0.724005 8991 3 26120 2332224
7 0.725005 8837 2 26213 2322524
7 0.726004 9083 1 26119 2327874
7 0.727004 8964 0 26313 2336226
7 0.728006 8819 3 25455 2335693
7 0.729005 8786 4 25701 2273380
7 0.730004 8636 0 25409 2258507
7 0.731005 8778 0 25788 2333255
7 0.732004 8765 0 25571 2329370
7 0.733005 8719 3 26336 2329936
7 0.734004 8916 1 26565 2329979
7 0.735004 8959 0 26534 2332616
7 0.736005 8795 0 26119 2332903
7 0.737005 8689 3 26180 2321561
7 0.738004 8738 0 25461 2332025
7 0.739004 8798 0 25633 2333995
7 0.740004 8839 0 25930 2330003
7 0.741005 8778 5 25630 2326535
7 0.742004 8716 0 25190 2335422
7 0.743004 8839 0 25703 2330492
7 0.744004 9014 1 26109 2331534
7 0.745005 8727 4 25259 2328731
7 0.746005 8695 3 25793 2288751
7 0.747004 8602 1 25790 2242099
7 0.748004 8844 0 26131 2329926
7 0.749006 8815 3 26151 2331501
7 0.750004 8742 1 25282 2327936
7 0.751004 8855 0 25968 2330742
7 0.752004 8652 0 25149 2334222
7 0.753005 8697 4 26064 2330973
7 0.754005 8645 0 25296 2334663
7 0.755005 8735 0 25941 2331060
7 0.756004 8850 0 25505 2328670
7 0.757005 8820 2 26029 2331319
7 0.758004 8863 1 25451 2327023
7 0.759005 8881 0 26304 2331953
7 0.760004 8740 1 25363 2330628
7 0.761006 8612 1 25324 2327324
7 0.762005 8734 0 25386 2333448
7 0.763004 8730 3 26101 2326501
7 0.764005 8807 1 25801 2327603
7 0.765005 8866 3 26061 2328858
7 0.766005 8625 3 25835 2326317
7 0.767004 8610 1 26029 2335501
7 0.768004 8724 1 25730 2330065
7 0.769005 8818 2 25986 2328622
7 0.770004 8883 1 25973 2332716
7 0.771005 8807 1 25905 2334755
7 0.772005 8929 2 26076 2329179
7 0.773004 8673 3 25752 2328570
7 0.774004 8786 0 25389 2328880
7 0.775004 8692 2 25536 2334384
7 0.776004 8670 0 26074 2329730
7 0.777004 8791 5 25629 2325272
7 0.778004 8734 1 25327 2337531
7 0.779004 8707 1 25371 2333294
7 0.780004 8570 0 25802 2335446
7 0.781005 8819 1 25517 2326937
7 0.782004 8901 0 25979 2330639
7 0.783004 8782 0 26097 2325584
7 0.784004 8820 1 26138 2331498
7 0.785004 8705 3 25870 2328931
7 0.786005 8787 1 25587 2331590
7 0.787005 8819 0 25692 2331434
7 0.788004 8840 0 25642 2328153
7 0.789005 8834 0 25641 2329149
7 0.790004 8764 1 25686 2331969
7 0.791004 8856 2 25587 2327549
7 0.792004 8838 1 25639 2334946
7 0.793005 8816 2 26122 2327348
7 0.794004 8821 1 26084 2329782
7 0.795004 8767 1 25358 2334852
7 0.796004 8877 1 26003 2328835
7 0.797005 8705 1 25961 2324158
7 0.798004 8877 0 26014 2332341
7 0.799005 9006 0 25955 2335464
7 0.800004 8631 0 26040 2325722
7 0.801008 8732 1 25702 2336512
7 0.802005 8806 1 25968 2323310
7 0.803004 8855 1 26116 2331784
7 0.804004 8873 1 25626 2330929
7 0.805004 8688 3 25921 2328094
7 0.806004 8858 0 26004 2327061
7 0.807004 8748 0 25638 2331427
7 0.808004 8965 0 26136 2329441
7 0.809004 8967 2 26354 2332212
7 0.810004 8833 1 25797 2327854
7 0.811004 8534 0 25724 2332611
7 0.812004 9015 1 26748 2338803
7 0.813005 8698 3 26174 2328928
7 0.814004 8832 1 26001 2332388
7 0.815005 8717 1 26001 2330199
7 0.816004 8947 1 26013 2325890
7 0.817004 8867 0 26408 2330462
7 0.818005 8797 1 25549 2328671
7 0.819004 8834 1 26325 2332447
7 0.820004 8729 1 26100 2332430
7 0.821005 8818 3 26254 2326378
7 0.822004 8855 0 25466 2331233
7 0.823004 8921 0 26046 2331669
7 0.824004 8770 1 25694 2324929
7 0.825005 8957 3 25518 2334596
7 0.826004 8975 2 25811 2329146
7 0.827004 8726 0 25661 2331029
7 0.828004 8677 0 25741 2336187
7 0.829005 8763 2 26087 2326102
7 0.830005 8888 0 26319 2322415
7 0.831004 8769 1 25707 2329981
7 0.832004 8892 1 26383 2330254
7 0.833005 8801 1 26216 2326681
7 0.834004 8907 0 25956 2328728
7 0.835004 8972 0 25550 2328553
7 0.836004 8785 0 26324 2336050
7 0.837005 8747 0 25398 2326089
7 0.838004 8869 0 26403 2332442
7 0.839004 8807 0 25801 2331428
7 0.840004 8703 0 26161 2329115
7 0.841004 8802 0 26312 2331409
7 0.842004 8748 0 26098 2336025
7 0.843005 8695 1 26325 2329330
7 0.844004 8711 0 26109 2334737
7 0.845005 8691 1 26037 2327296
7 0.846005 8761 3 26331 2328371
7 0.847004 8797 2 25852 2327290
7 0.848004 8822 1 25424 2335171
7 0.849005 8827 4 25422 2332662
7 0.850004 8847 1 25696 2325062
7 0.851004 8954 0 26043 2336343
7 0.852004 8861 1 26226 2330864
7 0.853004 8901 0 25842 2329964
7 0.854004 8811 0 25779 2332053
7 0.855004 8968 0 26376 2332795
7 0.856004 8747 0 25708 2330579
7 0.857005 8709 0 26423 2328808
7 0.858005 8679 0 25661 2329663
7 0.859004 8867 1 25995 2330201
7 0.860004 8802 0 26169 2329322
7 0.861004 8672 0 25918 2327042
7 0.862004 8838 0 25792 2326630
7 0.863004 8694 1 26463 2333876
7 0.864005 8817 2 27136 2330913
7 0.865005 8805 3 26306 2328493
7 0.866004 8777 1 26284 2328829
7 0.867004 8861 0 26169 2332845
7 0.868004 8723 0 25544 2333258
7 0.869005 8783 1 25914 2332364
7 0.870005 8871 2 26159 2308846
7 0.871005 8823 1 26026 2271306
7 0.872004 8960 1 25955 2327148
7 0.873005 8763 3 25623 2327769
7 0.874004 8709 0 26045 2332016
7 0.875004 8730 2 25862 2332763
7 0.876004 8865 4 25699 2331388
7 0.877004 8803 2 26249 2329290
7 0.878005 8590 2 25963 2329629
7 0.879004 8838 1 26113 2329788
7 0.880004 8880 0 25937 2329551
7 0.881005 8816 1 26170 2330604
7 0.882004 8771 1 26354 2335109
7 0.883005 8758 1 25737 2328874
7 0.884005 8787 0 25671 2330005
7 0.885005 8739 0 25479 2316146
7 0.886004 8836 2 25650 2335284
7 0.887004 8782 0 25965 2332137
7 0.888004 8826 1 26440 2324945
7 0.889005 9061 0 26459 2328342
7 0.890004 8850 0 25802 2329811
7 0.891005 8882 0 26397 2336910
7 0.892005 8704 0 26305 2336454
7 0.893005 8813 0 26173 2325143
7 0.894005 8743 0 25735 2333657
7 0.895005 8779 1 25729 2332742
7 0.896004 8979 1 25949 2327143
7 0.897005 8824 0 25923 2327570
7 0.898004 8736 0 25758 2329520
7 0.899005 8821 0 25431 2333264
7 0.900004 8803 0 25782 2328032
7 0.901005 8857 1 25981 2331184
7 0.902004 8710 0 25868 2332300
7 0.903004 8864 0 25972 2331572
7 0.904004 8702 0 25521 2334359
7 0.905005 8880 0 25841 2329711
7 0.906005 8837 0 26343 2331622
7 0.907004 8838 0 25797 2325697
7 0.908004 8687 0 25690 2333094
7 0.909005 8967 1 26063 2328620
7 0.910005 8950 0 26022 2335347
7 0.911004 8718 1 25647 2329830
7 0.912004 8839 1 26056 2330264
7 0.913005 8902 1 26229 2328197
7 0.914005 8890 0 25789 2331048
7 0.915004 8897 0 25532 2331623
7 0.916005 8947 0 26191 2334020
7 0.917005 8827 1 26441 2328999
7 0.918005 8824 0 25521 2328511
7 0.919005 8894 1 26387 2337407
7 0.920004 8825 0 26407 2326617
7 0.921005 8942 1 26883 2331421
7 0.922004 8852 0 25987 2331347
7 0.923004 8932 0 26178 2337121
7 0.924004 8857 0 25497 2329273
7 0.925005 8917 1 26169 2328279
7 0.926005 8952 1 25362 2330218
7 0.927004 8891 0 26053 2326718
7 0.928004 8685 0 25958 2333251
7 0.929005 8820 0 26096 2329542
7 0.930004 8961 0 26009 2329498
7 0.931004 8853 0 25985 2325709
7 0.932004 8685 0 25664 2329709
7 0.933005 8772 1 25810 2326397
7 0.934004 8714 0 26217 2332988
7 0.935004 8897 1 26117 2335184
7 0.936004 8716 1 26102 2329544
7 0.937005 8760 4 25860 2327805
7 0.938004 8754 0 25752 2334759
7 0.939004 8852 0 25956 2326913
7 0.940004 8792 1 25678 2334546
7 0.941005 8976 0 26726 2332261
7 0.942005 8949 1 26525 2329080
7 0.943004 8836 0 26290 2329319
7 0.944005 8933 0 26159 2332792
7 0.945005 8948 0 26089 2328538
7 0.946005 9017 0 26187 2328917
7 0.947005 8900 0 26258 2336671
7 0.948005 8833 0 26331 2330651
7 0.949005 8861 0 26357 2323734
7 0.950004 8954 0 26008 2334762
7 0.951004 9082 0 26658 2332456
7 0.952004 9020 0 26747 2330937
7 0.953005 8854 1 26342 2333096
7 0.954005 8908 0 25752 2337343
7 0.955004 8711 3 26166 2327103
7 0.956004 8790 2 25817 2329268
7 0.957005 8841 0 26245 2330393
7 0.958004 8771 0 26010 2329592
7 0.959004 8858 0 26457 2328786
7 0.960004 8775 0 26071 2335989
7 0.961005 8675 1 25759 2329502
7 0.962005 8781 0 26193 2330023
7 0.963004 8821 0 26123 2330964
7 0.964004 8789 1 26025 2333694
7 0.965005 8768 1 26307 2328897
7 0.966004 8834 0 26110 2330327
7 0.967004 8828 0 26009 2330615
7 0.968004 8636 0 25390 2334408
7 0.969005 8905 0 26233 2324945
7 0.970005 8770 2 25752 2334869
7 0.971005 8927 1 25674 2334502
7 0.972004 8885 1 25643 2328375
7 0.973005 8762 3 26099 2327356
7 0.974004 8753 1 26271 2329939
7 0.975004 8695 0 26018 2327777
7 0.976004 8795 0 26143 2333392
7 0.977005 8858 1 25666 2327832
7 0.978004 8844 1 25785 2329539
7 0.979004 8939 0 25683 2335141
7 0.980004 8950 0 26147 2326574
7 0.981004 8851 2 26476 2329784
7 0.982005 8794 0 25701 2329547
7 0.983005 9022 3 26123 2330280
7 0.984005 8818 1 26336 2325636
7 0.985005 8786 4 26179 2328905
7 0.986005 8834 3 26293 2328726
7 0.987004 9081 3 26316 2333839
7 0.988004 8817 4 26065 2328033
7 0.989004 8864 2 26922 2328122
7 0.990004 8790 0 26187 2333746
7 0.991004 8988 0 26004 2333271
7 0.992004 8630 0 25814 2333765
7 0.993005 8996 0 26494 2328895
7 0.994005 8972 3 26273 2292608
7 0.995005 8701 2 25511 2264993
7 0.996004 8865 1 26286 2328002
7 0.997005 9013 3 26166 2323270
7 0.998004 8896 0 25765 2334166
7 0.999004 8918 1 25882 2329765
7 1.000004 8923 0 26030 2331935
7 1.001005 8835 0 26263 2328594
7 1.002005 8796 3 26458 2334340
7 1.003005 8968 1 25777 2323783
7 1.004004 8993 3 26028 2332320
7 1.005005 8882 3 25509 2324165
7 1.006004 9024 0 26177 2336146
7 1.007005 8878 0 26848 2336384
7 1.008004 8965 0 26363 2329920
7 1.009005 8936 1 26468 2327139
7 1.010005 8865 0 26202 2328572
7 1.011004 8835 0 25625 2336700
7 1.012004 8739 1 26235 2333148
7 1.013005 8786 1 26323 2331677
7 1.014004 8859 0 25492 2328408
7 1.015004 8830 1 25588 2334321
7 1.016004 8948 2 26053 2330039
7 1.017005 8991 1 26655 2332618
7 1.018004 8868 1 26446 2326489
7 1.019005 8839 0 26255 2330558
7 1.020004 9049 3 26512 2326363
7 1.021005 8991 3 26589 2327289
7 1.022005 8892 0 26620 2338672
7 1.023004 8765 0 26080 2330452
7 1.024004 8693 0 25889 2332871
7 1.025005 8873 2 25930 2325289
7 1.026005 8877 1 26514 2335955
7 1.027004 8690 1 25592 2332384
7 1.028004 8732 0 25492 2333628
7 1.029005 8651 0 25869 2329534
7 1.030005 8702 0 26132 2334001
7 1.031004 8707 0 25795 2331558
7 1.032004 8706 0 25825 2331441
7 1.033004 8800 1 25745 2330361
7 1.034005 8859 1 25846 2331587
7 1.035004 8884 1 26176 2331754
7 1.036004 8813 1 26145 2329939
7 1.037005 8768 3 26187 2327794
7 1.038004 8775 1 26052 2332583
7 1.039004 8714 1 26220 2331568
7 1.040004 8775 2 26067 2330999
7 1.041004 8790 2 26397 2330197
7 1.042005 9023 3 26183 2329034
7 1.043005 8916 0 25203 2332259
7 1.044005 8763 0 24995 2336688
7 1.045005 8690 0 24484 2329084
7 1.046004 8841 0 24789 2339692
7 1.047004 8911 0 25021 2328998
7 1.048004 8846 0 24673 2333351
7 1.049005 8883 2 25569 2329052
7 1.050004 8769 0 24752 2332063
7 1.051004 8717 0 24616 2338057
7 1.052004 8848 0 24873 2333008
7 1.053005 8751 1 25379 2328615
7 1.054004 9062 0 25044 2335140
7 1.055005 8868 0 24942 2331906
7 1.056004 8917 0 25650 2335098
7 1.057005 9014 0 25841 2327999
7 1.058005 8960 0 25562 2333202
7 1.059005 9033 0 25307 2333186
7 1.060004 8895 0 25515 2333656
7 1.061005 8939 0 25210 2328830
7 1.062004 8939 0 25392 2330836
7 1.063004 9007 0 25801 2332207
7 1.064004 9147 0 26007 2328567
7 1.065005 8940 0 25506 2333023
7 1.066004 9021 0 25664 2333691
7 1.067004 9124 0 26041 2334530
7 1.068004 8884 0 25657 2329331
7 1.069005 9155 1 25602 2330383
7 1.070004 9057 0 25638 2330156
7 1.071005 8860 0 24882 2332039
7 1.072005 8668 0 24670 2332480
7 1.073005 9093 0 25564 2326628
7 1.074004 8940 0 25672 2331021
7 1.075004 9109 0 25641 2331989
7 1.076004 9086 0 26173 2334877
7 1.077005 9016 1 25545 2333771
7 1.078004 9098 0 25071 2330985
7 1.079004 8996 0 25459 2335972
7 1.080004 8823 0 25584 2316563
7 1.081005 9184 0 26026 2329603
7 1.082004 9022 0 25667 2331312
7 1.083004 9117 0 26033 2330290
7 1.084004 9082 0 25408 2331783
7 1.085004 9141 0 25803 2323687
7 1.086005 9121 0 26169 2334049
7 1.087004 8936 0 25378 2329905
7 1.088004 9012 0 26041 2332985
7 1.089005 9258 1 26329 2328126
7 1.090004 9033 0 25885 2327713
7 1.091005 9087 0 25957 2332787
7 1.092004 9183 0 25618 2331603
7 1.093005 8638 12 24436 2216246
7 1.094005 9063 3 25813 2327918
7 1.095005 8896 0 25108 2330731
7 1.096005 9237 0 25798 2331190
7 1.097005 9041 2 25667 2315184
7 1.098005 9143 3 25760 2333766
7 1.099005 9036 0 26014 2332767
7 1.100004 9056 0 25869 2332264
7 1.101004 9181 0 26198 2324051
7 1.102005 9066 0 25981 2329436
7 1.103004 8928 0 25728 2326875
7 1.104005 9215 0 26117 2331055
7 1.105004 9167 0 25473 2325400
7 1.106005 8939 0 25479 2330930
7 1.107004 8921 0 25508 2330892
7 1.108004 9107 0 25500 2335119
7 1.109004 8961 0 26031 2327215
7 1.110005 9221 0 25718 2334356
7 1.111004 8888 0 24794 2328337
7 1.112004 8996 0 26031 2333667
7 1.113005 8645 0 25177 2334800
7 1.114005 8997 0 25129 2326388
7 1.115004 9156 0 26045 2330106
7 1.116004 9099 0 25874 2333559
7 1.117005 8917 0 25751 2324640
7 1.118004 9008 0 25764 2330683
7 1.119005 9144 2 26175 2312902
7 1.120004 9228 0 26136 2276483
7 1.121004 9059 2 25756 2328925
7 1.122005 9017 0 25739 2336306
7 1.123004 9268 0 25572 2331088
7 1.124004 9186 0 26211 2330796
7 1.125005 8992 1 26024 2324205
7 1.126005 8980 0 25047 2329052
7 1.127004 9130 0 25451 2328348
7 1.128004 8955 0 25301 2336161
7 1.129004 9146 1 25472 2324586
7 1.130005 9068 0 25790 2331459
7 1.131005 8955 0 25309 2334944
7 1.132005 9138 0 25585 2333447
7 1.133005 8986 1 25751 2329235
7 1.134005 9155 0 25628 2333036
7 1.135004 9222 0 26027 2329577
7 1.136004 9124 0 25521 2326491
7 1.137005 9051 1 25490 2330804
7 1.138005 9087 0 25409 2332922
7 1.139004 9052 0 25448 2329829
7 1.140004 8896 0 25076 2334514
7 1.141005 8847 0 25494 2327406
7 1.142005 8872 0 24963 2331628
7 1.143004 8715 0 24656 2327238
7 1.144005 9157 0 25435 2329458
7 1.145005 8799 0 25244 2323924
7 1.146005 8938 0 25513 2334531
7 1.147005 8632 0 24722 2329298
7 1.148004 8666 0 24636 2328148
7 1.149005 9072 0 25315 2327391
7 1.150004 8994 0 25268 2338435
7 1.151004 9124 0 25554 2327261
7 1.152004 8947 0 25532 2325839
7 1.153004 9114 1 25983 2333035
7 1.154005 9039 0 25874 2333754
7 1.155004 8945 0 25825 2333719
7 1.156004 9055 0 25624 2329410
7 1.157005 8905 1 25482 2331032
7 1.158005 8958 0 25386 2332077
7 1.159004 8899 0 25621 2327424
7 1.160004 8963 0 25255 2333369
7 1.161004 9398 2 26550 2329744
7 1.162006 9838 0 27206 2323347
7 1.163006 10139 0 28616 2325505
7 1.164005 9923 0 28247 2324442
7 1.165005 9764 3 28716 2318483
7 1.166005 10006 0 28365 2333324
7 1.167005 9958 0 28415 2314464
7 1.168005 9725 0 27603 2328569
7 1.169005 9922 2 28423 2306971
7 1.170004 10144 0 28808 2324610
7 1.171004 10023 3 28092 2325203
7 1.172005 9968 0 28070 2328331
7 1.173005 9669 2 28260 2324932
7 1.174005 9304 0 26638 2325558
7 1.175004 9501 0 26597 2327589
7 1.176005 9230 0 26209 2329779
7 1.177005 9886 1 27967 2302806
7 1.178004 9713 0 27482 2326390
7 1.179004 9836 0 28221 2329174
7 1.180004 9858 0 27645 2326791
7 1.181004 10053 2 27957 2323557
7 1.182005 9883 0 28133 2326021
7 1.183004 9940 0 27795 2329873
7 1.184004 9846 0 28067 2327752
7 1.185005 9462 1 27034 2308333
7 1.186005 9599 0 27142 2324507
7 1.187004 9648 0 27565 2329924
7 1.188004 9700 0 27413 2325769
7 1.189005 10032 1 28308 2323436
7 1.190005 9990 0 27653 2324359
7 1.191004 9762 0 27640 2327020
7 1.192004 9373 0 26832 2329365
7 1.193005 9461 3 27009 2324630
7 1.194005 9966 0 28471 2331980
7 1.195004 9990 0 27875 2330611
7 1.196004 9755 0 27740 2331907
7 1.197004 9764 3 27995 2318953
7 1.198004 9951 0 28008 2328317
7 1.199005 9758 0 27477 2326555
7 1.200004 9924 0 27472 2331944
7 1.201005 9735 2 27287 2312304
7 1.202004 9975 0 27468 2330609
7 1.203004 9820 0 27671 2327601
7 1.204005 9488 0 26322 2331935
7 1.205004 8981 1 25300 2321681
7 1.206005 8921 0 25253 2332865
7 1.207004 8906 0 24676 2325804
7 1.208004 8915 0 25021 2334520
7 1.209005 9007 1 25313 2321998
7 1.210004 8968 0 25208 2331100
7 1.211004 8626 0 24452 2334408
7 1.212004 8842 0 24772 2331157
7 1.213005 8891 3 25252 2327976
7 1.214005 8943 0 25302 2327244
7 1.215005 9079 0 25143 2337162
7 1.216004 8951 0 25166 2329507
7 1.217005 8860 3 25107 2329148
7 1.218004 8822 0 24533 2338476
7 1.219005 8916 3 24950 2327680
7 1.220004 8884 0 25265 2335005
7 1.221005 8868 2 25045 2330617
7 1.222004 8969 0 24794 2326151
7 1.223004 9030 0 25387 2330136
7 1.224004 8952 0 25108 2334505
7 1.225005 8625 1 24516 2325845
7 1.226005 8906 0 24971 2332265
7 1.227004 8802 0 24736 2331697
7 1.228004 8764 0 25000 2330686
7 1.229005 9095 2 25310 2329284
7 1.230004 8954 0 24901 2330929
7 1.231004 8942 0 25080 2329923
7 1.232004 8953 0 25155 2326385
7 1.233005 8971 1 25436 2330109
7 1.234004 8660 0 24824 2326497
7 1.235004 8698 0 25035 2334171
7 1.236004 8795 0 25034 2327875
7 1.237005 8960 0 25282 2328564
7 1.238004 8859 0 25063 2331820
7 1.239004 8789 0 25513 2329866
7 1.240004 8777 0 25043 2332046
7 1.241005 8801 0 25434 2328907
7 1.242005 8913 0 25249 2335401
7 1.243005 8756 2 24975 2308938
7 1.244005 8781 0 25392 2280730
7 1.245005 8582 1 24644 2327077
7 1.246004 8927 0 25363 2335531
7 1.247004 8861 0 25227 2335517
7 1.248004 8936 0 24948 2333954
7 1.249005 8998 0 25465 2327874
7 1.250005 9055 0 25463 2330547
7 1.251004 8977 0 25187 2331985
7 1.252004 9012 0 25296 2335066
7 1.253005 8828 0 25119 2334339
7 1.254005 8881 0 24784 2326192
7 1.255004 8928 0 25026 2329963
7 1.256004 9082 0 25265 2332953
7 1.257005 9050 0 25523 2330470
7 1.258005 8908 0 25038 2334224
7 1.259004 8910 0 24870 2331066
7 1.260004 8882 0 25125 2333047
7 1.261005 8755 0 24622 2328997
7 1.262005 8973 0 24737 2332268
7 1.263004 9036 0 25170 2332837
7 1.264004 9061 0 25830 2332838
7 1.265004 8789 0 24906 2328942
7 1.266004 8891 0 24722 2329008
7 1.267004 8905 0 25447 2330958
7 1.268004 8790 0 25062 2338214
7 1.269005 8717 0 24623 2316316
7 1.270004 8938 0 25181 2329225
7 1.271004 8910 2 25151 2335527
7 1.272005 8740 0 24801 2311389
7 1.273005 8818 1 24977 2264596
7 1.274004 8795 0 24816 2331228
7 1.275004 8818 0 25264 2328043
7 1.276004 9086 0 25131 2327528
7 1.277005 8943 0 25585 2329363
7 1.278005 8886 0 25378 2335351
7 1.279004 8901 0 25504 2330167
7 1.280004 8974 0 25568 2331182
7 1.281005 8782 0 24860 2328156
7 1.282004 8922 0 24750 2325448
7 1.283004 8784 0 24952 2329567
7 1.284005 8782 0 24807 2330665
7 1.285005 8853 2 24819 2328082
7 1.286005 8954 2 25154 2326452
7 1.287005 8778 0 24868 2327116
7 1.288004 8705 0 24170 2337398
7 1.289005 8791 1 25032 2329666
7 1.290005 8619 0 24480 2330867
7 1.291004 8565 0 24352 2329393
7 1.292004 8860 0 24577 2331410
7 1.293005 8921 0 24750 2326970
7 1.294005 8600 0 24926 2305944
7 1.295004 8535 0 24437 2325002
7 1.296004 8639 0 24427 2335695
7 1.297004 8621 0 24648 2323229
7 1.298005 8679 0 24423 2334131
7 1.299004 8824 0 24541 2335780
7 1.300004 8684 0 24769 2331708
7 1.301005 8917 0 25106 2330329
7 1.302004 8755 0 24598 2324658
7 1.303004 8847 0 24439 2336549
7 1.304004 8667 0 24941 2332691
7 1.305005 8828 0 24656 2326746
7 1.306004 8746 0 25262 2333103
7 1.307004 8641 0 25024 2338441
7 1.308005 8911 0 25681 2326816
7 1.309008 8186 7 23790 2223858
7 1.310005 9319 0 26782 2259278
7 1.311005 9371 0 26331 2332477
7 1.312005 9452 0 27020 2331608
7 1.313005 8952 1 25242 2324622
7 1.314004 8750 0 24734 2329319
7 1.315005 8667 3 24483 2324621
7 1.316006 8203 5 23803 2354050
7 1.317006 8526 10 24736 2372072
7 1.318004 9635 2 27247 2316891
7 1.319005 9748 0 27464 2327954
7 1.320005 9647 0 27455 2325444
7 1.321005 9463 1 27266 2322744
7 1.322005 9598 0 26706 2330131
7 1.323005 8808 0 24690 2333610
7 1.324004 8742 0 24366 2316555
7 1.325005 8924 0 24829 2336871
7 1.326004 8738 3 24724 2326675
7 1.327004 8755 2 24763 2332867
7 1.328005 8452 5 24054 2307752
7 1.329006 8729 2 24393 2328886
7 1.330004 8684 0 24626 2326919
7 1.331004 8684 0 24478 2330132
7 1.332004 8714 0 24414 2330534
7 1.333005 8715 0 24767 2324092
7 1.334004 8812 0 24409 2323128
7 1.335005 8534 0 24435 2331925
7 1.336004 8785 0 24724 2331713
7 1.337005 8745 1 24360 2327450
7 1.338004 8724 0 24439 2327608
7 1.339004 8700 0 24490 2332508
7 1.340004 8703 0 24681 2332285
7 1.341005 8530 1 23916 2312045
7 1.342004 8794 0 24114 2333614
7 1.343004 8857 0 25307 2331654
7 1.344004 8933 0 24703 2329001
7 1.345005 8624 1 24162 2310599
7 1.346004 8706 2 24668 2327640
7 1.347004 8840 1 24498 2335354
7 1.348004 8654 1 24477 2331785
7 1.349005 8647 0 24847 2326893
7 1.350004 8534 0 24192 2325199
7 1.351005 8706 0 24302 2334187
7 1.352004 8619 0 24216 2330759
7 1.353005 8779 0 24747 2324889
7 1.354004 8614 0 24380 2331419
7 1.355004 8641 0 24546 2328262
7 1.356004 8630 0 24797 2331627
7 1.357005 8712 0 24776 2335679
7 1.358004 8705 0 24342 2329733
7 1.359004 8664 0 24479 2332716
7 1.360004 8850 0 25051 2333796
7 1.361005 8660 0 24322 2329451
7 1.362005 8749 0 24831 2334199
7 1.363004 8755 0 25115 2328357
7 1.364004 8915 0 24972 2327365
7 1.365005 8881 0 25217 2327885
7 1.366004 8841 0 25293 2334362
7 1.367005 8643 3 24391 2321189
7 1.368004 8731 0 24926 2260494
7 1.369005 8956 3 24793 2323819
7 1.370004 8886 0 24950 2327431
7 1.371004 8667 3 24448 2329613
7 1.372005 8781 0 25047 2310422
7 1.373005 8539 9 24390 2239834
7 1.374004 8872 0 25149 2328284
7 1.375004 9033 0 25602 2336436
7 1.376004 8825 0 24635 2331533
7 1.377005 8599 1 24710 2339213
7 1.378004 8668 0 24694 2322267
7 1.379005 8908 0 25199 2333911
7 1.380004 8786 0 24777 2336672
7 1.381005 8796 0 25465 2330800
7 1.382004 8716 0 24336 2330763
7 1.383004 8706 0 25271 2329910
7 1.384004 8702 0 24841 2328085
7 1.385005 8814 1 25817 2333544
7 1.386004 8800 0 24950 2326708
7 1.387005 8717 5 24029 2258755
