3 0.001018 5710 35 795 985167
3 0.002014 17958 25 1278 2329939
3 0.003011 18540 20 1400 2204487
3 0.004010 18728 23 1658 2353315
3 0.005012 23982 55 1906 2415875
3 0.006015 19459 50 1720 2647619
3 0.007011 16501 30 1393 2594788
3 0.008020 17311 27 1767 2501188
3 0.009012 17269 21 1163 2472746
3 0.010008 20545 17 1199 2557256
3 0.011006 9216 71 978 2126626
3 0.012007 10215 143 1189 2476597
3 0.013006 10660 87 1205 2639376
3 0.014006 10887 90 1240 2647648
3 0.015072 11480 178 1384 2805897
3 0.016006 10243 66 1097 2469820
3 0.017007 10624 153 1239 2638491
3 0.018007 10772 73 1181 2648464
3 0.019007 10515 90 1163 2614182
3 0.020008 9998 150 1279 2520345
3 0.021007 9377 87 1476 2630145
3 0.022007 10556 76 1502 2653138
3 0.023007 9851 80 1484 2641841
3 0.024011 9338 151 1479 2658542
3 0.025011 10379 63 1453 2586104
3 0.026014 17219 36 1514 2654379
3 0.027010 10008 67 1081 2597485
3 0.028009 14189 53 1218 2517375
3 0.029008 11122 151 1329 2628932
3 0.030006 10848 74 1316 2645450
3 0.031007 10601 76 1347 2612176
3 0.032008 10899 141 1322 2640518
3 0.033006 10802 81 1337 2646785
3 0.034006 11082 66 1347 2649668
3 0.035007 10556 152 1337 2575204
3 0.036007 10393 75 1320 2476909
3 0.037006 10847 77 1315 2647992
3 0.038008 9949 92 1326 2554022
3 0.039007 10320 137 856 2621236
3 0.040007 9709 81 790 2660355
3 0.041006 9718 74 876 2661739
3 0.042006 9690 62 832 2663249
3 0.043007 9673 89 918 2652124
3 0.044007 9822 92 851 2662485
3 0.045007 9689 166 830 2651259
3 0.046006 9437 78 888 2643579
3 0.047007 9665 81 912 2655979
3 0.048006 9857 75 938 2659166
3 0.049006 9833 85 863 2660662
3 0.050006 9682 78 816 2662721
3 0.051007 9441 152 908 2641934
3 0.052006 9599 75 835 2670237
3 0.053006 9554 74 937 2641344
3 0.054006 9885 70 815 2663059
3 0.055006 9550 81 851 2636585
3 0.056007 9722 74 837 2664830
3 0.057007 9602 159 1099 2591657
3 0.058007 10698 80 1898 2562026
3 0.059008 10552 81 1865 2523638
3 0.060007 10496 68 1896 2561552
3 0.061007 10968 73 1945 2562610
3 0.062006 10863 89 1947 2564023
3 0.063007 10731 85 1977 2552073
3 0.064006 10468 148 1862 2548966
3 0.065006 10754 76 1771 2561022
3 0.066006 10777 73 1777 2562770
3 0.067007 10309 82 1794 2555521
3 0.068007 10811 84 1847 2565437
3 0.069006 10766 63 1786 2563253
3 0.070006 10794 73 1762 2562747
3 0.071007 10527 173 1938 2544647
3 0.072007 11153 63 2162 2555713
3 0.073006 11273 84 2184 2562189
3 0.074006 11262 70 2240 2563458
3 0.075006 11183 91 2112 2553329
3 0.076007 11260 82 2162 2564990
3 0.077007 10870 149 2167 2547167
3 0.078007 10844 69 2100 2563492
3 0.079007 11183 82 2170 2553326
3 0.080007 11268 85 2214 2559826
3 0.081006 11253 65 2183 2560708
3 0.082006 11244 90 2120 2563293
3 0.083007 10852 175 2116 2539154
3 0.084006 10894 83 2120 2561242
3 0.085006 11246 82 2079 2562799
3 0.086006 11262 72 2208 2562421
3 0.087007 11166 89 2125 2550379
3 0.088006 11004 78 2183 2562305
3 0.089007 10988 155 2176 2550868
3 0.090006 11072 78 2155 2558171
3 0.091007 11173 81 2176 2548446
3 0.092007 11259 65 2129 2560540
3 0.093006 11237 82 2087 2560555
3 0.094006 11227 164 2146 2561333
3 0.095007 10599 83 2001 2550858
3 0.096007 11130 78 2129 2556666
3 0.097007 11260 92 2118 2563897
3 0.098006 11232 80 2118 2560237
3 0.099006 10998 72 2436 2500304
3 0.100005 11071 82 4875 2562543
3 0.101005 11325 131 5085 2563819
3 0.102005 11112 176 5032 2564850
3 0.103005 11158 175 5036 2550968
3 0.104005 11212 146 5100 2565357
3 0.105005 11045 127 5041 2568442
3 0.106005 11360 169 5131 2568562
3 0.107005 11280 182 5097 2558023
3 0.108005 11371 159 5099 2567241
3 0.109005 11260 149 5072 2566464
3 0.110007 11309 231 4706 2554879
3 0.111005 10984 142 4871 2553534
3 0.112005 11246 147 5110 2563400
3 0.113005 11340 153 5154 2566248
3 0.114005 11426 154 5093 2565566
3 0.115005 11326 153 5143 2560856
3 0.116005 11362 162 5110 2566016
3 0.117005 11004 158 4946 2569441
3 0.118005 11215 266 5132 2562544
3 0.119005 11089 183 4989 2563518
3 0.120005 11192 165 5108 2564282
3 0.121005 10915 156 4944 2567484
3 0.122005 11495 159 4854 2567431
3 0.123005 11302 140 5078 2561020
3 0.124005 11336 157 5197 2565160
3 0.125005 11339 139 5140 2563752
3 0.126005 11262 152 5110 2567563
3 0.127005 10958 308 4931 2546004
3 0.128005 10914 154 5021 2568170
3 0.129005 11226 162 5103 2567328
3 0.130005 11353 159 5058 2565246
3 0.131005 11295 162 5191 2562969
3 0.132005 11340 139 5097 2562587
3 0.133005 11356 163 5077 2566890
3 0.134005 10947 162 5034 2566221
3 0.135005 11246 141 5063 2562121
3 0.136005 10971 344 4982 2550138
3 0.137005 11259 184 5117 2567596
3 0.138005 11013 146 4836 2569929
3 0.139005 11279 166 5020 2562131
3 0.140005 11418 144 5095 2565849
3 0.141005 11327 140 5185 2564331
3 0.142005 11341 158 5188 2567809
3 0.143005 11195 140 5134 2558001
3 0.144005 11038 313 5075 2550168
3 0.145005 10895 145 4940 2568304
3 0.146005 11245 129 5083 2567582
3 0.147005 11288 152 5114 2558937
3 0.148005 11358 150 5191 2568063
3 0.149005 11351 152 5188 2566163
3 0.150005 11057 155 5021 2568733
3 0.151005 11224 164 5086 2560406
3 0.152005 11239 329 5138 2560322
3 0.153005 11138 154 5056 2570497
3 0.154005 11273 151 5066 2566647
3 0.155005 10898 161 4886 2563751
3 0.156005 11341 153 5121 2564878
3 0.157005 11775 136 4847 2565857
3 0.158005 11342 156 5139 2565682
3 0.159007 11280 185 4972 2551147
3 0.160006 11542 140 4732 2557943
3 0.161005 10818 296 4884 2558106
3 0.162005 11181 179 5114 2571183
3 0.163005 11145 181 5134 2554928
3 0.164005 11294 191 5106 2567473
3 0.165005 11344 146 5069 2564617
3 0.166005 11790 166 4901 2565296
3 0.167005 11008 168 4957 2559780
3 0.168005 11348 163 5154 2566552
3 0.169005 11221 162 5152 2565200
3 0.170005 10873 308 5028 2550895
3 0.171005 10910 180 4891 2562110
3 0.172005 11257 152 5138 2563881
3 0.173005 11340 156 5184 2567010
3 0.174005 11786 149 4856 2565165
3 0.175005 11474 157 4782 2562340
3 0.176005 11329 160 5170 2562922
3 0.177005 11698 186 4805 2564223
3 0.178005 10952 168 4904 2567972
3 0.179005 10842 325 4979 2545051
3 0.180005 11262 183 5111 2564943
3 0.181005 11272 158 5121 2567867
3 0.182005 11320 156 5218 2564607
3 0.183005 11319 166 5019 2560666
3 0.184005 11165 154 4806 2566636
3 0.185005 11774 155 4837 2565778
3 0.186005 11262 152 5067 2565210
3 0.187005 11057 329 4995 2552820
3 0.188005 10934 157 4945 2575796
3 0.189005 11216 125 5054 2564388
3 0.190005 11208 142 5071 2564987
3 0.191005 11295 175 5158 2557725
3 0.192005 11340 165 5182 2566912
3 0.193005 11355 161 5077 2566131
3 0.194005 11353 155 5176 2567968
3 0.195005 10885 153 4843 2561125
3 0.196005 11011 313 4959 2550993
3 0.197005 11249 139 5156 2564555
3 0.198005 11236 143 5080 2563977
3 0.199005 11331 138 5123 2560542
3 0.200005 11075 144 4976 2567126
3 0.201005 11343 158 5129 2563680
3 0.202011 10951 159 2404 2517009
3 0.203008 15177 151 1529 2523312
3 0.204014 15720 205 1730 2562488
3 0.205009 16449 67 2801 2526047
3 0.206006 11824 136 3407 2538038
3 0.207008 12878 90 2351 2550307
3 0.208015 16306 133 1518 2563226
3 0.209008 18479 44 2388 2511230
3 0.210013 11675 93 1245 2596210
3 0.211010 17546 99 1352 2505632
3 0.212016 18251 83 1519 2562674
3 0.213010 15533 248 2324 2513770
3 0.214007 11897 102 3083 2536594
3 0.215008 13026 63 2462 2540600
3 0.216010 17280 88 1829 2567446
3 0.217006 15601 133 1413 2526525
3 0.218005 13327 163 1338 2553141
3 0.219005 12366 289 1335 2507722
3 0.220005 12928 143 1391 2558644
3 0.221007 12522 155 1501 2569345
3 0.222006 13881 148 1432 2552300
3 0.223007 13230 150 1349 2564476
3 0.224006 13377 130 1263 2532649
3 0.225007 11019 63 2343 2559103
3 0.226011 10392 104 1417 2588534
3 0.227006 13487 129 926 2513169
3 0.228005 13859 140 1302 2554982
3 0.229005 12812 329 1375 2544033
3 0.230005 12814 153 1345 2557621
3 0.231006 13010 169 1385 2548515
3 0.232006 13262 128 1301 2533420
3 0.233005 13119 148 1410 2558085
3 0.234005 13231 148 1309 2558551
3 0.235005 12942 174 1373 2540300
3 0.236005 12978 306 1315 2541764
3 0.237005 12167 159 1478 2438662
3 0.238006 11139 169 2037 2567624
3 0.239005 11300 168 1842 2531974
3 0.240005 11511 154 1905 2563822
3 0.241005 11310 166 1882 2562687
3 0.242005 11261 157 1879 2566973
3 0.243005 11145 173 1858 2553915
3 0.244005 11353 162 1878 2565318
3 0.245005 10971 143 1769 2567091
3 0.246005 11161 166 1908 2566461
3 0.247005 10924 265 1909 2547167
3 0.248005 11213 171 1878 2570534
3 0.249005 11256 129 1854 2564803
3 0.250005 11071 151 1773 2563572
3 0.251006 11165 153 1834 2557393
3 0.252005 10864 127 1795 2563433
3 0.253005 11351 166 1897 2563819
3 0.254005 11449 161 1871 2563601
3 0.255005 11252 181 1794 2559244
3 0.256005 11374 151 1762 2565035
3 0.257005 11272 151 1807 2569576
3 0.258005 11388 153 1812 2563452
3 0.259005 10849 154 1725 2562021
3 0.260006 11381 152 1746 2565823
3 0.261005 11069 283 1754 2556363
3 0.262005 11288 160 1644 2564589
3 0.263005 11326 140 1714 2557516
3 0.264005 11290 128 1708 2564159
3 0.265005 11321 154 1732 2563625
3 0.266005 11111 129 1716 2568791
3 0.267005 11317 166 1749 2559401
3 0.268005 11363 143 1828 2564746
3 0.269005 11416 187 1820 2569648
3 0.270005 11458 154 1818 2563954
3 0.271005 11220 162 1819 2559648
3 0.272005 11692 130 1887 2560873
3 0.273005 11461 309 1940 2553446
3 0.274005 11456 149 1963 2568205
3 0.275005 11476 146 1923 2551551
3 0.276005 11565 152 1877 2562430
3 0.277005 11665 169 1946 2562020
3 0.278005 11290 160 1853 2563367
3 0.279005 11618 159 1887 2549330
3 0.280005 11727 141 1925 2560941
3 0.281005 11572 148 1953 2562998
3 0.282005 11359 291 1901 2552323
3 0.283005 11159 157 1869 2563263
3 0.284005 11547 159 1861 2562399
3 0.285005 11548 160 1864 2564505
3 0.286005 11668 144 1949 2563471
3 0.287005 11597 138 2003 2556834
3 0.288005 11379 183 1843 2564269
3 0.289005 11675 158 1871 2561989
3 0.290005 11562 157 1898 2561671
3 0.291005 11494 324 1935 2552139
3 0.292005 11532 164 1972 2566361
3 0.293005 11544 140 1934 2563230
3 0.294005 11556 147 1934 2562972
3 0.295005 11249 153 1794 2557585
3 0.296005 11671 141 1865 2561243
3 0.297005 11676 149 1997 2568239
3 0.298005 11643 140 1960 2562818
3 0.299005 11517 141 1974 2554513
3 0.300005 11282 316 1903 2557937
3 0.301005 11459 135 1855 2568028
3 0.302005 11542 165 1896 2560519
3 0.303005 11444 160 1910 2554412
3 0.304005 11682 153 1878 2562476
3 0.305005 11349 175 1879 2563762
3 0.306005 11651 184 1995 2563267
3 0.307005 11607 148 1887 2557629
3 0.308005 11646 165 1979 2562058
3 0.309005 11260 318 1967 2550692
3 0.310005 11474 196 1912 2561343
3 0.311005 11120 145 1874 2558861
3 0.312005 11515 163 1930 2561341
3 0.313005 11643 152 1886 2562779
3 0.314005 11644 157 1938 2563352
3 0.315005 11488 147 2054 2555383
3 0.316005 11747 168 1929 2562576
3 0.317005 11295 140 1870 2563251
3 0.318005 11225 293 1867 2547105
3 0.319005 11524 132 1859 2557310
3 0.320006 11604 134 2030 2566899
3 0.321005 11415 134 1870 2561896
3 0.322005 11647 146 1943 2562720
3 0.323005 11606 170 2007 2557344
3 0.324005 11722 153 1956 2562556
3 0.325005 11694 142 1959 2566258
3 0.326005 11567 148 1920 2563261
3 0.327005 11257 320 1892 2541611
3 0.328005 11242 171 1776 2563245
3 0.329005 11526 185 1920 2564976
3 0.330005 11660 162 1981 2562203
3 0.331005 11661 163 1956 2555372
3 0.332005 11676 152 1865 2565777
3 0.333005 11390 161 1851 2567086
3 0.334005 11680 143 1926 2564324
3 0.335005 11456 149 1945 2558010
3 0.336005 11416 288 1920 2547060
3 0.337005 11560 161 1873 2563231
3 0.338005 11256 165 1824 2564331
3 0.339005 11622 192 1865 2551250
3 0.340005 11659 146 1890 2561500
3 0.341005 11685 151 1912 2564375
3 0.342005 11656 153 1891 2561768
3 0.343005 11564 166 1966 2555505
3 0.344005 11644 308 1960 2559162
3 0.345005 11100 172 1906 2567335
3 0.346005 11524 145 1816 2563522
3 0.347005 11536 175 1846 2554655
3 0.348005 11679 141 1836 2566929
3 0.349005 11645 162 1976 2562588
3 0.350005 11362 157 1923 2565258
3 0.351005 11647 157 1970 2555359
3 0.352005 11701 148 1922 2566439
3 0.353005 11560 308 1926 2559575
3 0.354005 11399 141 1849 2564809
3 0.355005 11162 148 1831 2557947
3 0.356005 11475 130 1832 2560359
3 0.357005 11677 158 1911 2565682
3 0.358005 11669 168 1928 2562897
3 0.359005 11619 145 1997 2556306
3 0.360006 11679 192 1974 2565267
3 0.361005 11270 154 1815 2560892
3 0.362005 11554 162 1958 2562275
3 0.363005 11198 424 1958 2542203
3 0.364005 11550 158 1917 2559952
3 0.365005 11564 189 1873 2562210
3 0.366005 11689 148 1906 2563936
3 0.367005 11301 177 1882 2558884
3 0.368005 11695 141 1898 2560931
3 0.369005 11692 136 1936 2563578
3 0.370005 11592 161 1919 2562945
3 0.371005 11237 133 1884 2557750
3 0.372005 11250 282 1892 2548649
3 0.373005 11559 166 1854 2563368
3 0.374005 11562 140 1924 2562702
3 0.375005 11615 165 1935 2557950
3 0.376005 11651 165 1931 2561491
3 0.377005 11702 186 1943 2563655
3 0.378005 11327 149 1890 2566389
3 0.379005 11546 153 1944 2556332
3 0.380005 11604 303 1941 2561909
3 0.381005 11464 159 1939 2566845
3 0.382005 11547 151 1861 2562324
3 0.383005 11166 156 1867 2556751
3 0.384005 11675 153 1908 2565663
3 0.385005 11692 141 1845 2563526
3 0.386005 11652 148 2002 2565409
3 0.387005 11604 154 2009 2557383
3 0.388005 11325 146 1877 2565125
3 0.389005 11535 306 1923 2559219
3 0.390005 11421 142 1954 2565893
3 0.391005 11513 166 1913 2554489
3 0.392005 11554 153 1898 2565647
3 0.393005 11681 153 1959 2563342
3 0.394005 11676 144 1935 2564700
3 0.395005 11289 175 1816 2555744
3 0.396005 11649 154 1942 2561403
3 0.397005 11583 169 1963 2564729
3 0.398005 11377 280 1877 2551156
3 0.399005 11472 151 1900 2561732
3 0.400005 11244 130 1851 2567357
3 0.401005 11531 178 1947 2562057
3 0.402005 11655 141 1871 2561686
3 0.403005 11599 150 1940 2555086
3 0.404005 11676 171 1874 2563532
3 0.405005 11381 166 1869 2565000
3 0.406005 11530 166 1945 2563034
3 0.407005 11429 344 1921 2549066
3 0.408005 11474 183 1935 2565913
3 0.409006 11647 167 1996 2564416
3 0.410005 11620 157 1945 2559248
3 0.411005 11343 159 1823 2552602
3 0.412005 11711 166 1914 2561636
3 0.413005 11698 138 1917 2564179
3 0.414005 11692 148 1932 2564552
3 0.415005 11535 159 1963 2557506
3 0.416005 11345 311 1970 2548512
3 0.417005 11271 150 1870 2567744
3 0.418005 11534 161 1952 2563111
3 0.419005 11591 142 1914 2555469
3 0.420005 11583 153 1960 2566389
3 0.421005 11431 147 1840 2565718
3 0.422005 11659 171 1952 2564042
3 0.423005 11612 150 1805 2555663
3 0.424005 11718 142 1928 2566017
3 0.425006 11466 229 1951 2550618
3 0.426005 11558 170 1881 2555670
3 0.427011 11303 154 1888 2504329
3 0.428006 11342 130 1901 2546235
3 0.429005 11691 167 1922 2558466
3 0.430005 11644 144 1968 2562068
3 0.431005 11575 153 1928 2554478
3 0.432005 11671 137 1966 2563408
3 0.433005 11295 152 1868 2564966
3 0.434005 11259 314 1932 2548763
3 0.435005 11465 147 1944 2552055
3 0.436005 11600 174 1903 2569487
3 0.437005 11674 134 1961 2562351
3 0.438005 11364 154 1933 2565171
3 0.439005 11624 152 1962 2553682
3 0.440005 11672 175 1972 2562826
3 0.441005 11654 135 1970 2562007
3 0.442005 11576 161 1867 2561719
3 0.443005 11180 293 1883 2539079
3 0.444005 11570 170 1920 2565426
3 0.445005 11181 139 1842 2563998
3 0.446005 11684 157 1896 2563319
3 0.447005 11616 187 1929 2559234
3 0.448005 11645 161 1913 2560208
3 0.449005 11699 161 1902 2564280
3 0.450005 11267 163 1835 2563108
3 0.451005 11476 161 1909 2551089
3 0.452005 11324 313 1943 2549118
3 0.453005 11531 164 1946 2563693
3 0.454005 11478 174 1854 2560741
3 0.455005 11309 136 1897 2556481
3 0.456005 11708 122 1917 2565516
3 0.457005 11711 133 1933 2565453
3 0.458005 11662 181 1936 2562580
3 0.459005 11578 128 1890 2548550
3 0.460006 11677 105 1904 2564116
3 0.461005 11085 190 1845 2560842
3 0.462005 11553 153 1883 2561332
3 0.463005 11467 155 1934 2550704
3 0.464005 11693 165 1951 2564627
3 0.465005 11672 157 1938 2561266
3 0.466005 11674 166 1956 2567543
3 0.467005 11244 160 1956 2556865
3 0.468005 11673 160 1938 2561567
3 0.469005 11551 187 1905 2566098
3 0.470005 11342 300 1919 2554138
3 0.471005 11247 145 1849 2560164
3 0.472005 11496 143 1895 2561215
3 0.473005 11656 143 1901 2562374
3 0.474005 11659 154 1972 2562986
3 0.475005 11601 171 1937 2556859
3 0.476005 11684 151 1910 2562568
3 0.477005 11542 144 1982 2564621
3 0.478005 11231 170 1885 2565712
3 0.479005 11193 314 1954 2538194
3 0.480005 11566 148 1969 2567943
3 0.481005 11556 146 1958 2564175
3 0.482005 11688 160 1917 2564960
3 0.483005 11261 154 1917 2555458
3 0.484005 11669 153 1920 2562477
3 0.485005 11687 167 1946 2570899
3 0.486005 11535 142 1945 2561678
3 0.487005 11499 199 1970 2552359
3 0.488005 11120 154 1931 2566072
3 0.489005 11546 161 1864 2563249
3 0.490005 11505 146 1930 2561319
3 0.491008 11652 145 1949 2568246
3 0.492006 11663 172 1880 2548602
3 0.493005 11683 160 1913 2560618
3 0.494005 11664 140 1890 2562702
3 0.495005 11172 180 1858 2557697
3 0.496005 11671 257 1975 2559280
3 0.497005 11386 163 1927 2561817
3 0.498005 11565 160 1960 2565148
3 0.499005 11429 163 1888 2552295
3 0.500005 11387 163 1853 2567076
3 0.501005 11600 145 1926 2556488
3 0.502005 11698 149 1919 2565579
3 0.503005 11637 142 2002 2556621
3 0.504005 11699 165 1868 2561816
3 0.505005 11311 137 1861 2563645
3 0.506005 11355 327 1920 2553185
3 0.507005 11567 131 1868 2556016
3 0.508005 11490 157 1920 2560537
3 0.509005 11662 157 1896 2563474
3 0.510005 11658 158 1901 2562351
3 0.511013 10393 78 1556 2569384
3 0.512015 17738 52 1462 2460847
3 0.513012 17973 126 1564 2536869
3 0.514007 20779 107 1266 2525898
3 0.515005 14374 262 1238 2525787
3 0.516005 13310 143 1414 2556866
3 0.517005 13145 198 1305 2559358
3 0.518005 13245 143 1291 2557142
3 0.519025 13209 158 1380 2592564
3 0.520006 13149 123 1187 2501814
3 0.521007 12377 193 1671 2560776
3 0.522006 14026 324 1264 2536321
3 0.523006 12797 135 1362 2494438
3 0.524005 11985 154 2312 2335753
3 0.525008 10573 89 2257 2525134
3 0.526021 14148 63 1432 2623953
3 0.527009 8147 0 1285 2358922
3 0.528006 21677 281 1325 2521868
3 0.529005 12978 149 1375 2533668
3 0.530006 13303 157 1372 2561008
3 0.531006 13306 171 1644 2534888
3 0.532006 13431 128 1141 2505273
3 0.533005 13442 160 1284 2554866
3 0.534005 13479 165 1208 2559326
3 0.535005 13155 142 1242 2549750
3 0.536005 12978 296 1315 2550685
3 0.537005 13062 162 1304 2555892
3 0.538006 11701 134 1823 2487685
3 0.539005 11351 188 1888 2544933
3 0.540005 11440 125 1859 2564015
3 0.541006 10607 155 1952 2568372
3 0.542010 10671 97 2292 2577296
3 0.543006 14799 109 1771 2502338
3 0.544005 11472 143 1848 2549265
3 0.545005 11372 192 1821 2570974
3 0.546005 12122 272 1374 2428627
3 0.547006 12662 151 1464 2562196
3 0.548005 13540 157 1264 2535922
3 0.549005 13633 149 1201 2555739
3 0.550005 13213 171 1352 2558257
3 0.551005 13322 150 1256 2550589
3 0.552005 13284 120 1250 2554928
3 0.553005 11880 140 1449 2445291
3 0.554005 11318 349 1852 2559167
3 0.555006 11017 140 2060 2556035
3 0.556005 11346 178 1827 2559141
3 0.557005 11180 148 1878 2566584
3 0.558005 10857 166 1785 2566324
3 0.559005 11281 170 1923 2546139
3 0.560006 11374 116 1798 2567419
3 0.561005 11292 150 1890 2563964
3 0.562005 11316 159 1857 2566137
3 0.563005 11179 158 1915 2554805
3 0.564005 11340 125 1910 2564914
3 0.565005 10871 156 1715 2563775
3 0.566005 11289 173 1841 2567488
3 0.567005 11092 298 1884 2550335
3 0.568005 11235 198 1873 2567248
3 0.569005 11239 172 1869 2564930
3 0.570005 11220 187 1813 2563628
3 0.571005 10919 164 1840 2558752
3 0.572005 11472 150 1807 2564918
3 0.573005 11403 152 1748 2564587
3 0.574005 11363 139 1721 2565058
3 0.575005 11338 161 1777 2557197
3 0.576005 11535 128 1760 2567485
3 0.577005 11373 129 1780 2565427
3 0.578005 11278 157 1735 2565067
3 0.579006 10949 148 1633 2562857
3 0.580005 11400 131 1770 2554260
3 0.581005 11059 302 1766 2556493
3 0.582005 11292 155 1766 2566675
3 0.583005 11330 162 1740 2559295
3 0.584005 11260 135 1738 2562906
3 0.585005 11316 170 1737 2566991
3 0.586005 11116 153 1670 2573307
3 0.587005 11419 146 1868 2552084
3 0.588005 11367 142 1890 2566019
3 0.589005 11662 152 1911 2563036
3 0.590005 11643 181 1961 2560536
3 0.591005 11557 163 2002 2557856
3 0.592005 11338 342 1958 2548207
3 0.593005 11539 145 1959 2562769
3 0.594005 11557 180 1953 2564060
3 0.595005 11148 168 1864 2556682
3 0.596005 11661 163 1885 2564632
3 0.597005 11668 157 1901 2564218
3 0.598005 11648 153 1960 2562221
3 0.599005 11622 152 1989 2557650
3 0.600005 11371 161 1860 2564079
3 0.601005 11240 311 1939 2548791
3 0.602005 11552 134 1850 2562785
3 0.603005 11510 163 1920 2559381
3 0.604005 11662 148 1946 2563074
3 0.605005 11399 143 1874 2547426
3 0.606005 11654 152 1954 2561691
3 0.607005 11639 174 1941 2556596
3 0.608005 11723 187 1930 2565781
3 0.609005 11627 94 1924 2553978
3 0.610005 11227 293 1969 2545847
3 0.611005 11199 168 1847 2562395
3 0.612005 11601 123 1940 2560296
3 0.613005 11679 143 1919 2562780
3 0.614005 11663 164 1945 2561743
3 0.615005 11627 157 1939 2557958
3 0.616005 11714 131 1947 2561702
3 0.617005 11371 140 1871 2564747
3 0.618005 11570 134 1945 2560641
3 0.619005 11198 309 1967 2541541
3 0.620005 11598 185 1945 2564731
3 0.621005 11275 156 1865 2565632
3 0.622005 11722 149 1935 2560590
3 0.623005 11642 166 1877 2556301
3 0.624005 11651 153 1866 2560150
3 0.625005 11674 149 1886 2562367
3 0.626005 11669 156 1894 2563835
3 0.627005 11549 135 1972 2558488
3 0.628005 11042 287 1820 2558597
3 0.629005 11576 148 1889 2564005
3 0.630005 11559 151 1966 2565288
3 0.631005 11652 174 1968 2555880
3 0.632005 11686 148 1936 2561481
3 0.633005 11366 149 1874 2563972
3 0.634005 11676 133 1916 2564573
3 0.635006 11607 125 2001 2558384
3 0.636005 11645 308 1935 2551793
3 0.637005 11508 174 1925 2572350
3 0.638005 11235 182 1833 2565666
3 0.639005 11505 163 1946 2553391
3 0.640005 11679 143 1912 2562030
3 0.641005 11653 150 1916 2563122
3 0.642005 11659 177 1899 2561160
3 0.643005 11567 157 1950 2552432
3 0.644005 11714 175 1947 2564431
3 0.645005 11227 282 1871 2562744
3 0.646005 11448 177 1915 2565659
3 0.647005 11517 160 1910 2558544
3 0.648005 11560 172 1961 2563802
3 0.649005 11651 145 1920 2561852
3 0.650005 11388 158 1905 2564611
3 0.651006 11648 176 1965 2560453
3 0.652005 11724 147 1935 2560966
3 0.653005 11605 131 1947 2562401
3 0.654005 11243 335 1927 2547899
3 0.655005 11490 152 1913 2554153
3 0.656005 11554 156 1965 2562398
3 0.657005 11525 138 1867 2562319
3 0.658005 11634 148 1964 2561356
3 0.659005 11602 163 1908 2554082
3 0.660006 11677 157 1924 2568633
3 0.661005 11312 164 1907 2561120
3 0.662005 11584 162 1898 2561177
3 0.663005 11176 294 1888 2539234
3 0.664005 11575 141 1885 2562748
3 0.665005 11543 176 1958 2563681
3 0.666005 11672 162 1927 2563634
3 0.667005 11368 144 1858 2559738
3 0.668005 11673 147 1909 2562357
3 0.669005 11689 158 1918 2562888
3 0.670005 11652 165 1937 2561590
3 0.671005 11225 161 1766 2560010
3 0.672005 11371 290 1904 2549639
3 0.673005 11574 162 1939 2563207
3 0.674005 11545 144 1930 2562704
3 0.675005 11599 159 1997 2555665
3 0.676005 11658 152 1938 2562808
3 0.677005 11690 143 1890 2566276
3 0.678005 11341 134 1841 2564240
3 0.679005 11546 164 1929 2557942
3 0.680005 11654 159 1925 2562998
3 0.681005 11226 331 1930 2547014
3 0.682005 11560 183 1903 2562159
3 0.683006 11241 150 1831 2557267
3 0.684005 11705 174 1974 2559814
3 0.685005 11712 189 1905 2564305
3 0.686005 11633 149 1919 2560760
3 0.687005 11596 154 1953 2557443
3 0.688005 11357 144 1879 2563247
3 0.689005 11566 163 1917 2563962
3 0.690005 11239 323 1961 2547550
3 0.691005 11519 170 1937 2558791
3 0.692005 11554 166 1908 2564359
3 0.693005 11671 168 1927 2564995
3 0.694005 11656 165 1980 2563521
3 0.695005 11384 152 1886 2555093
3 0.696005 11670 164 1918 2562072
3 0.697005 11559 159 1953 2563567
3 0.698005 11591 139 1911 2561108
3 0.699005 11269 226 1864 2546942
3 0.700005 11227 165 1840 2562434
3 0.701005 11539 176 1940 2564848
3 0.702005 11663 145 1929 2563353
3 0.703005 11614 142 1894 2555646
3 0.704005 11362 152 1823 2563719
3 0.705005 11679 132 1882 2563020
3 0.706005 11659 162 2000 2564484
3 0.707005 11492 188 1917 2557020
3 0.708005 11383 260 1906 2557270
3 0.709005 11539 173 1964 2561229
3 0.710005 11507 151 1876 2561546
3 0.711005 11306 133 1807 2561492
3 0.712005 11669 166 1935 2560693
3 0.713005 11000 96 1758 2565536
3 0.714008 11797 151 1957 2571354
3 0.715006 12180 83 1813 2401036
3 0.716005 15138 289 1375 2536344
3 0.717005 13215 167 1433 2553286
3 0.718005 13419 162 1211 2555796
3 0.719006 13403 161 1370 2551423
3 0.720005 13499 152 1322 2556046
3 0.721005 13416 148 1278 2558424
3 0.722005 13400 150 1270 2554867
3 0.723005 13246 309 1334 2539402
3 0.724005 13513 195 1285 2556699
3 0.725005 12269 161 2663 2486116
3 0.726005 11324 155 5128 2565056
3 0.727005 11288 150 5115 2556844
3 0.728005 11105 144 4972 2566568
3 0.729005 11268 138 5145 2565237
3 0.730005 11273 141 5134 2566598
3 0.731005 10891 296 5049 2545719
3 0.732005 11233 156 5101 2564542
3 0.733005 10976 138 4871 2570038
3 0.734005 11365 144 5095 2567666
3 0.735005 11306 137 5017 2560446
3 0.736005 11432 166 5136 2563044
3 0.737005 11377 156 5146 2565021
3 0.738005 10964 170 4919 2567766
3 0.739005 10917 301 4876 2543523
3 0.740005 11232 148 5082 2564981
3 0.741006 11231 151 4933 2566860
3 0.742005 11380 137 5166 2560461
3 0.743005 11292 165 5103 2559266
3 0.744005 11243 148 5103 2570521
3 0.745005 11324 152 5167 2562158
3 0.746005 11320 147 5232 2566030
3 0.747006 11223 165 5034 2560453
3 0.748005 11118 161 5110 2562127
3 0.749005 11176 162 5073 2565410
3 0.750005 10943 169 5026 2567567
3 0.751005 11278 161 5103 2558715
3 0.752005 11350 154 5136 2564526
3 0.753005 11341 136 5222 2566454
3 0.754005 11063 135 4885 2567835
3 0.755005 11228 161 5122 2563172
3 0.756005 11049 324 4978 2549592
3 0.757005 11190 152 5112 2564439
3 0.758005 11234 183 5066 2566319
3 0.759005 11281 137 5151 2556419
3 0.760006 11405 140 4925 2567665
3 0.761005 11444 148 4701 2563318
3 0.762005 11336 142 5158 2564660
3 0.763005 11312 158 5118 2561079
3 0.764005 11295 306 5062 2560529
3 0.765005 11108 179 5060 2567783
3 0.766005 11199 158 5107 2565761
3 0.767005 10902 165 4897 2559822
3 0.768005 11788 146 4849 2567961
3 0.769005 11345 166 5091 2564584
3 0.770005 11337 143 5147 2565075
3 0.771005 10980 141 4897 2560678
3 0.772005 11355 157 5119 2566746
3 0.773005 10914 264 4993 2551996
3 0.774005 11211 130 5047 2563571
3 0.775005 11244 155 5077 2556716
3 0.776005 11344 167 5148 2567434
3 0.777005 11331 158 5208 2564874
3 0.778005 11038 175 4940 2568730
3 0.779005 11324 142 5162 2556755
3 0.780005 11345 162 5179 2567598
3 0.781005 11209 156 5095 2567133
3 0.782005 11465 161 4702 2563385
3 0.783005 10919 149 4917 2561884
3 0.784005 11228 125 5103 2563867
3 0.785005 11336 167 5167 2566401
3 0.786005 11340 147 5164 2565471
3 0.787005 11345 148 5065 2562916
3 0.788005 11068 170 4933 2567991
3 0.789005 11278 137 5095 2567361
3 0.790005 10982 288 4987 2553728
3 0.791005 11222 171 5054 2571345
3 0.792005 11215 165 5081 2561714
3 0.793005 11347 148 5162 2567533
3 0.794005 11023 183 4959 2569492
3 0.795005 11291 141 5087 2559862
3 0.796005 11335 160 5087 2562471
3 0.797005 11346 165 5139 2565824
3 0.798005 11239 145 5084 2565277
3 0.799005 11321 315 4692 2543994
3 0.800005 10923 162 4882 2566625
3 0.801005 11252 135 4996 2567147
3 0.802005 11360 160 5131 2566533
3 0.803005 11294 156 5175 2559257
3 0.804005 11040 144 4958 2566958
3 0.805005 11355 158 5158 2565710
3 0.806005 11251 164 5138 2567472
3 0.807005 11020 311 4927 2547669
3 0.808005 11211 152 5177 2573051
3 0.809005 11235 156 5084 2567972
3 0.810005 11348 149 5122 2565443
3 0.811005 10970 161 4993 2563570
3 0.812005 11823 169 4808 2565284
3 0.813005 11342 150 5134 2566104
3 0.814005 11343 158 5132 2565960
3 0.815005 11227 177 5018 2559810
3 0.816005 10965 292 5019 2551702
3 0.817005 10934 156 5001 2567814
3 0.818005 11223 144 5137 2564980
3 0.819005 11347 156 5072 2555451
3 0.820005 11351 170 5141 2567028
3 0.821005 11045 173 4917 2568286
3 0.822005 11329 171 5133 2567060
3 0.823005 11301 165 5027 2558804
3 0.824005 11055 280 5007 2549850
3 0.825005 11271 160 5000 2568099
3 0.826005 11217 169 5108 2565042
3 0.827005 11283 153 5116 2558015
3 0.828005 11046 162 4998 2573586
3 0.829005 11330 158 5141 2565580
3 0.830005 11343 141 5118 2565302
3 0.831005 11304 150 5057 2560119
3 0.832005 11798 133 4788 2564424
3 0.833005 10640 330 4864 2553925
3 0.834005 11229 152 5041 2565345
3 0.835005 11165 153 5160 2559708
3 0.836005 11317 159 5111 2562601
3 0.837005 11344 164 5204 2567841
3 0.838005 11507 169 4606 2567515
3 0.839005 11291 159 5129 2560030
3 0.840005 11357 159 5163 2567028
3 0.841005 10775 284 4950 2551800
3 0.842005 11300 144 5089 2564023
3 0.843005 10943 170 4930 2503374
3 0.844005 11076 167 4960 2564481
3 0.845005 11359 145 5139 2567537
3 0.846005 11417 163 5038 2567928
3 0.847005 11389 127 5100 2554350
3 0.848005 11414 144 5128 2563731
3 0.849005 11284 150 5120 2566517
3 0.850005 10615 356 4858 2554989
3 0.851005 11673 140 4609 2557976
3 0.852005 11232 130 5072 2562957
3 0.853005 11347 145 5198 2567624
3 0.854005 11146 156 4830 2566695
3 0.855005 11373 145 5141 2561833
3 0.856005 11348 156 5155 2565412
3 0.857005 11364 178 5209 2567493
3 0.858005 11087 307 5088 2559520
3 0.859005 11193 172 5096 2567065
3 0.860006 11236 155 4985 2566276
3 0.861005 10924 157 4939 2567909
3 0.862005 11371 151 5093 2567547
3 0.863005 11285 144 5196 2556070
3 0.864005 11383 200 5114 2568956
3 0.865005 11342 187 5142 2566155
3 0.866005 11262 164 5071 2564891
3 0.867005 10823 301 4836 2546712
3 0.868005 11220 143 5078 2564580
3 0.869005 11204 156 5139 2565963
3 0.870005 11334 164 5209 2566355
3 0.871005 11001 152 5005 2565129
3 0.872005 11317 152 5135 2562797
3 0.873005 11340 147 5101 2565916
3 0.874005 11253 173 5164 2566327
3 0.875005 10931 313 4913 2547707
3 0.876005 11199 167 5113 2574168
3 0.877005 11244 138 5085 2567181
3 0.878005 10915 141 4844 2567960
3 0.879005 11253 116 5160 2554606
3 0.880005 11425 138 5085 2566270
3 0.881005 11341 158 5174 2565880
3 0.882005 11334 153 5144 2564573
3 0.883005 10963 153 4888 2564568
3 0.884005 11056 335 4960 2550995
3 0.885005 11221 150 5086 2566430
3 0.886005 11220 161 5076 2566401
3 0.887005 11278 142 5147 2559471
3 0.888005 11081 142 4792 2569281
3 0.889005 11344 140 5110 2567018
3 0.890005 11350 157 5124 2566726
3 0.891005 11211 180 5102 2562878
3 0.892005 11125 296 5012 2554132
