2 0.001015 6095 84 273 1226859
2 0.002014 21402 40 225 2582700
2 0.003011 20749 66 34 2581964
2 0.004009 17240 109 65 2683191
2 0.005010 20451 20 123 2606231
2 0.006009 22545 76 88 2685966
2 0.007007 12766 2 163 2703266
2 0.008012 21265 26 277 2700338
2 0.009010 21950 43 160 2498259
2 0.010030 21317 30 186 2754538
2 0.011010 22042 36 70 2361742
2 0.012004 14890 146 25 2683131
2 0.013362 20239 129 29 3670049
2 0.014005 9363 131 15 1721602
2 0.015004 14967 141 24 2706202
2 0.016006 14374 116 114 2685227
2 0.017005 14371 167 17 2683972
2 0.018004 14428 99 44 2646648
2 0.019006 14708 134 58 2708102
2 0.020012 15096 103 59 2722955
2 0.021010 17740 89 142 2629022
2 0.022008 13883 125 72 2687372
2 0.023018 18206 111 23 2729035
2 0.024005 14898 176 23 2651275
2 0.025005 14977 138 40 2693063
2 0.026004 14741 122 16 2703538
2 0.027004 14683 146 23 2710790
2 0.028004 14601 135 22 2709669
2 0.029005 14736 130 27 2646086
2 0.030004 14468 76 32 2706354
2 0.031004 14619 122 22 2708929
2 0.032004 14649 154 23 2709088
2 0.033006 14387 153 85 2698818
2 0.034004 14499 262 39 2683387
2 0.035004 14609 156 20 2707808
2 0.036007 14146 107 87 2601459
2 0.037005 14489 151 24 2678931
2 0.038005 14423 148 23 2707292
2 0.039004 14897 129 22 2705279
2 0.040004 14611 145 21 2709907
2 0.041005 14825 129 25 2698445
2 0.042004 14597 151 18 2708304
2 0.043004 14689 151 22 2710939
2 0.044004 14487 140 22 2709939
2 0.045005 14641 142 25 2698353
2 0.046004 15107 126 17 2704136
2 0.047004 14727 125 22 2709762
2 0.048004 15011 120 23 2707202
2 0.049005 14725 155 27 2665906
2 0.050004 15187 138 16 2700251
2 0.051004 15294 118 22 2703016
2 0.052004 15053 126 22 2704971
2 0.053004 14649 246 40 2676638
2 0.054004 15133 116 23 2702548
2 0.055004 15125 138 24 2704306
2 0.056004 15105 129 22 2703796
2 0.057005 15271 159 29 2696252
2 0.058004 15271 114 16 2701807
2 0.059004 15001 111 22 2704787
2 0.060004 15315 154 22 2703470
2 0.061004 15248 122 29 2693929
2 0.062004 15309 139 17 2703849
2 0.063004 15219 155 23 2704467
2 0.064004 15219 120 22 2703847
2 0.065004 14594 259 43 2680862
2 0.066004 14942 154 21 2707177
2 0.067004 14867 126 20 2709750
2 0.068004 14785 149 22 2710464
2 0.069004 14773 127 28 2701784
2 0.070004 14893 121 14 2710632
2 0.071004 15263 151 22 2705835
2 0.072004 15403 159 23 2705684
2 0.073004 14691 135 25 2701266
2 0.074004 15267 143 16 2707132
2 0.075004 14275 160 25 2608467
2 0.076004 14617 130 22 2703793
2 0.077004 14541 167 24 2694890
2 0.078004 14639 133 17 2702763
2 0.079004 14571 132 22 2704727
2 0.080004 14293 158 22 2705640
2 0.081004 14479 127 29 2691146
2 0.082004 14545 120 16 2703947
2 0.083004 14135 134 21 2705061
2 0.084004 14464 261 40 2701822
2 0.085004 14262 168 24 2687559
2 0.086004 14489 167 24 2702514
2 0.087004 14521 145 23 2704175
2 0.088004 14531 158 22 2703600
2 0.089004 14465 120 25 2695591
2 0.090004 14083 136 17 2705140
2 0.091004 14505 144 24 2704205
2 0.092004 14521 164 23 2703509
2 0.093004 14483 173 27 2694785
2 0.094005 14463 122 16 2707094
2 0.095004 14143 177 23 2700367
2 0.096004 14665 163 22 2703434
2 0.097004 14653 144 25 2696269
2 0.098004 14673 118 15 2704392
2 0.099008 13754 139 39 2607925
2 0.100004 14295 135 22 2587857
2 0.101005 14363 162 25 2595927
2 0.102004 14385 145 17 2603248
2 0.103004 14397 119 23 2604782
2 0.104004 14417 147 23 2646117
2 0.105004 13925 127 24 2524296
2 0.106004 13964 127 18 2643565
2 0.107004 14645 123 21 2704162
2 0.108004 14243 131 24 2589208
2 0.109004 14319 132 29 2594638
2 0.110004 14287 124 16 2605493
2 0.111004 14229 145 25 2644180
2 0.112004 14103 136 20 2705427
2 0.113004 14439 156 27 2694123
2 0.114004 14191 117 17 2590536
2 0.115004 14321 163 24 2651370
2 0.116004 14127 120 23 2706310
2 0.117004 14472 148 26 2693485
2 0.118004 14663 153 16 2704603
2 0.119004 14547 121 21 2703469
2 0.120004 14113 165 24 2598881
2 0.121004 14277 150 26 2641634
2 0.122004 14479 118 16 2703943
2 0.123004 13987 132 22 2705365
2 0.124004 14100 257 38 2695284
2 0.125004 14002 142 20 2585127
2 0.126004 14227 141 28 2642827
2 0.127004 14081 151 25 2589914
2 0.128004 13757 121 24 2605758
2 0.129004 14244 149 24 2639757
2 0.130004 14159 132 25 2596615
2 0.131004 14255 130 23 2605200
2 0.132004 14261 129 23 2605046
2 0.133005 13813 139 22 2646853
2 0.134004 14101 158 25 2589047
2 0.135005 14091 137 23 2608007
2 0.136004 14161 139 23 2600431
2 0.137005 14206 103 34 2595397
2 0.138005 14240 143 37 2603137
2 0.139005 14303 119 32 2604201
2 0.140004 13867 132 25 2643060
2 0.141004 14207 121 22 2642862
2 0.142004 14466 76 18 2701474
2 0.143004 14535 171 22 2704117
2 0.144004 14083 145 22 2588058
2 0.145004 13775 142 24 2594145
2 0.146004 14183 116 19 2604255
2 0.147004 14253 152 22 2605031
2 0.148004 14243 138 22 2604565
2 0.149004 13791 159 25 2599793
2 0.150004 14227 138 20 2604749
2 0.151004 14223 132 21 2605254
2 0.152004 14179 148 22 2604525
2 0.153004 14293 130 24 2638134
2 0.154004 14235 140 20 2589515
2 0.155004 14365 118 21 2605711
2 0.156004 13951 139 23 2606208
2 0.157004 14345 150 24 2600379
2 0.158004 14361 153 18 2605450
2 0.159004 14385 149 22 2604501
2 0.160004 14351 144 23 2605811
2 0.161004 14381 136 23 2595553
2 0.162004 13977 114 20 2654287
2 0.163004 14281 126 23 2590564
2 0.164004 14391 135 23 2650254
2 0.165004 14621 131 24 2699139
2 0.166004 14183 126 18 2705119
2 0.167004 14605 132 18 2704260
2 0.168004 14589 132 22 2704369
2 0.169004 14587 150 28 2699033
2 0.170004 14183 102 19 2594309
2 0.171004 14231 133 24 2643641
2 0.172004 14545 159 22 2703043
2 0.173004 14087 149 23 2698530
2 0.174004 14633 177 18 2703742
2 0.175004 14565 153 23 2704195
2 0.176004 14509 123 23 2703361
2 0.177005 14143 136 24 2589534
2 0.178004 13885 135 18 2603638
2 0.179004 14281 133 22 2605066
2 0.180004 14273 128 24 2604847
2 0.181004 14137 275 38 2597274
2 0.182004 14001 159 20 2596893
2 0.183004 14001 144 21 2616534
2 0.184004 14051 141 25 2596696
2 0.185004 14199 118 19 2599296
2 0.186004 14235 158 25 2604022
2 0.187004 14253 137 22 2605053
2 0.188004 14185 133 22 2604999
2 0.189004 14167 152 19 2599071
2 0.190004 13793 149 21 2605304
2 0.191004 14193 153 22 2604283
2 0.192004 14221 126 21 2604791
2 0.193004 14195 144 20 2638480
2 0.194005 14027 160 24 2590178
2 0.195004 13766 137 22 2603218
2 0.196004 14113 154 20 2604998
2 0.197005 14266 138 22 2602330
2 0.198004 14284 141 24 2641510
2 0.199004 14063 134 23 2704524
2 0.200004 14511 131 22 2703682
2 0.201004 14133 152 25 2582236
2 0.202012 14295 131 95 2675446
2 0.203008 14473 143 80 2486557
2 0.204012 19398 52 202 2613467
2 0.205007 18007 59 466 2540695
2 0.206005 14018 1 427 2601279
2 0.207012 14864 52 232 2558025
2 0.208013 21945 22 219 2439580
2 0.209015 21083 38 189 2558904
2 0.210006 19693 35 201 2402471
2 0.211008 19852 51 305 2605628
2 0.212005 17171 69 491 2580419
2 0.213011 15856 58 386 2515519
2 0.214011 20527 64 63 2434247
2 0.215004 15446 148 21 2581467
2 0.216007 14498 86 82 2586570
2 0.217005 14393 129 24 2575118
2 0.218004 14454 131 22 2599563
2 0.219007 14203 143 49 2614801
2 0.220009 15078 131 100 2607300
2 0.221006 11733 0 75 2477960
2 0.222005 16876 61 30 2596370
2 0.223004 14657 155 17 2601530
2 0.224004 14209 270 40 2594782
2 0.225005 14272 148 21 2587673
2 0.226004 14433 162 22 2601859
2 0.227004 14432 149 22 2603317
2 0.228004 14523 147 22 2604026
2 0.229005 14110 128 35 2596748
2 0.230004 14543 127 32 2603722
2 0.231004 14467 162 22 2603799
2 0.232004 14682 154 24 2604005
2 0.233006 14153 119 93 2561323
2 0.234004 14456 119 15 2594436
2 0.235004 14481 160 21 2604558
2 0.236004 14615 117 22 2604839
2 0.237005 14237 142 30 2594884
2 0.238004 14621 136 15 2602946
2 0.239004 14577 128 23 2605003
2 0.240004 14663 118 22 2604247
2 0.241004 14554 130 28 2594434
2 0.242004 14609 124 16 2604184
2 0.243004 14599 137 24 2604857
2 0.244004 14439 135 23 2597815
2 0.245005 14559 148 25 2596081
2 0.246004 14575 143 17 2603195
2 0.247004 14527 121 20 2604881
2 0.248004 14529 141 24 2604656
2 0.249004 14185 151 28 2589185
2 0.250004 14711 130 15 2603204
2 0.251004 14461 167 21 2604249
2 0.252004 14443 129 21 2604791
2 0.253005 14207 270 38 2591789
2 0.254004 14210 126 24 2596787
2 0.255004 14397 170 24 2604143
2 0.256004 14425 136 21 2604158
2 0.257004 14321 160 20 2595555
2 0.258004 14151 155 23 2604829
2 0.259004 14368 158 22 2605584
2 0.260004 14369 136 22 2603943
2 0.261005 14059 157 23 2540509
2 0.262004 14387 75 18 2602066
2 0.263004 14387 172 23 2604365
2 0.264004 14135 164 24 2604948
2 0.265004 14372 150 21 2593162
2 0.266004 14481 124 18 2604146
2 0.267004 14855 130 24 2603979
2 0.268004 14809 127 29 2592371
2 0.269005 14865 129 22 2597643
2 0.270004 14839 145 20 2602964
2 0.271004 14875 124 22 2603600
2 0.272004 14865 148 23 2603439
2 0.273005 14317 126 23 2549279
2 0.274004 14836 142 20 2601051
2 0.275004 13739 147 22 2511086
2 0.276004 14207 131 21 2604990
2 0.277004 14149 155 29 2594332
2 0.278004 14317 139 17 2605818
2 0.279004 14037 139 21 2605511
2 0.280004 14251 125 22 2604760
2 0.281004 14226 127 27 2596347
2 0.282004 14341 125 16 2606058
2 0.283004 13757 132 22 2605929
2 0.284004 14183 164 24 2605374
2 0.285004 14206 157 28 2596257
2 0.286004 14215 131 17 2605911
2 0.287004 14209 151 21 2605260
2 0.288004 14189 133 22 2605590
2 0.289004 14181 142 30 2597012
2 0.290004 13811 109 15 2606788
2 0.291004 14245 132 21 2605383
2 0.292004 14251 154 19 2605394
2 0.293004 14142 158 27 2596111
2 0.294006 14068 137 16 2612205
2 0.295004 13805 134 23 2598787
2 0.296004 14197 144 23 2604646
2 0.297005 14152 118 26 2598265
2 0.298004 14114 262 34 2601390
2 0.299004 13932 11 4 2611648
2 0.300004 14062 322 37 2600335
2 0.301004 14001 143 17 2584732
2 0.302004 14137 164 23 2604134
2 0.303004 14237 138 23 2605056
2 0.304004 14205 137 21 2604799
2 0.305004 14237 145 22 2596078
2 0.306004 13703 131 21 2606743
2 0.307004 14193 144 23 2604953
2 0.308004 14151 141 24 2604264
2 0.309004 14084 134 21 2592522
2 0.310004 14147 133 22 2605388
2 0.311004 13843 100 23 2605854
2 0.312004 14161 137 24 2604071
2 0.313004 14193 110 20 2596444
2 0.314004 14213 117 21 2604826
2 0.315004 14209 149 22 2605211
2 0.316004 13709 131 21 2605533
2 0.317004 14253 113 22 2595906
2 0.318004 14223 139 22 2605585
2 0.319004 14229 127 23 2604904
2 0.320004 14215 129 23 2604557
2 0.321004 14222 159 25 2595883
2 0.322004 14231 138 16 2604791
2 0.323004 13787 124 24 2606726
2 0.324004 14213 127 22 2604896
2 0.325004 14191 131 27 2596072
2 0.326004 14201 133 15 2604884
2 0.327004 14097 154 22 2605590
2 0.328004 13757 126 23 2605820
2 0.329005 14065 148 28 2597420
2 0.330004 14175 140 16 2604005
2 0.331004 14241 128 23 2604085
2 0.332004 14233 157 24 2604652
2 0.333005 13752 147 27 2599703
2 0.334004 14181 115 17 2603530
2 0.335004 14185 127 21 2605004
2 0.336004 14369 139 23 2605211
2 0.337004 14334 118 25 2596034
2 0.338004 14365 134 16 2605473
2 0.339004 14375 139 24 2605275
2 0.340004 14021 140 20 2601031
2 0.341004 14290 143 26 2594853
2 0.342004 14339 123 16 2605798
2 0.343004 14371 125 21 2605061
2 0.344004 14359 117 22 2604648
2 0.345004 13945 152 29 2597709
2 0.346004 14331 112 16 2605760
2 0.347004 14319 112 21 2605826
2 0.348004 14349 158 22 2605067
2 0.349004 13926 122 29 2598024
2 0.350004 14333 130 15 2605583
2 0.351004 14379 165 20 2605691
2 0.352004 14349 130 22 2605531
2 0.353004 14351 116 29 2596596
2 0.354004 14373 169 16 2605391
2 0.355004 14193 150 21 2604893
2 0.356004 13819 148 23 2605949
2 0.357004 14218 171 25 2596183
2 0.358004 14311 113 17 2605349
2 0.359004 14201 143 22 2604708
2 0.360004 14149 130 23 2604852
2 0.361004 13830 120 28 2594442
2 0.362004 14261 137 18 2606171
2 0.363004 14207 142 23 2605021
2 0.364004 14291 167 23 2605150
2 0.365004 14230 121 26 2596248
2 0.366004 13819 139 16 2605965
2 0.367004 14239 146 22 2604841
2 0.368004 14261 122 21 2605088
2 0.369004 14220 146 26 2595813
2 0.370004 14165 143 16 2605573
2 0.371004 14202 139 22 2605690
2 0.372004 14241 146 22 2605262
2 0.373004 13782 167 26 2596903
2 0.374004 14219 158 18 2605560
2 0.375004 14237 160 19 2605350
2 0.376004 14169 130 24 2604745
2 0.377004 14176 117 28 2596291
2 0.378004 13925 155 12 2606061
2 0.379004 14090 258 39 2604151
2 0.380004 14001 157 21 2601504
2 0.381004 14000 160 18 2593930
2 0.382004 14119 138 23 2605537
2 0.383004 13857 138 20 2611865
2 0.384004 14055 148 25 2603006
2 0.385004 14159 135 20 2596690
2 0.386004 14179 144 22 2605496
2 0.387004 14241 125 22 2604806
2 0.388004 14205 151 22 2605684
2 0.389004 13973 132 21 2597966
2 0.390004 14037 128 22 2594231
2 0.391004 14167 141 23 2606269
2 0.392005 14047 159 24 2607057
2 0.393005 14108 122 21 2594457
2 0.394005 14181 121 25 2605567
2 0.395004 13827 136 22 2602473
2 0.396004 14236 124 25 2604503
2 0.397005 14233 142 22 2598947
2 0.398004 14249 131 21 2601305
2 0.399004 13837 172 22 2605506
2 0.400004 14181 139 23 2604689
2 0.401004 14096 156 27 2596098
2 0.402004 14165 139 16 2605478
2 0.403004 14077 153 22 2604985
2 0.404004 14241 124 23 2604476
2 0.405004 14077 123 28 2596771
2 0.406004 13719 147 16 2606112
2 0.407004 14187 147 22 2605687
2 0.408004 14141 132 22 2604409
2 0.409004 14151 142 26 2596211
2 0.410004 14191 134 16 2604950
2 0.411004 13865 139 21 2606055
2 0.412004 14221 159 23 2605483
2 0.413004 14159 144 27 2594761
2 0.414004 14173 151 16 2605402
2 0.415004 14153 107 23 2604934
2 0.416004 13751 142 22 2605872
2 0.417004 14124 137 27 2597385
2 0.418004 14175 146 15 2604744
2 0.419004 14159 128 23 2605302
2 0.420004 14271 143 23 2605747
2 0.421004 14308 138 24 2594971
2 0.422004 14309 106 16 2605836
2 0.423004 13871 159 24 2606875
2 0.424004 14331 138 23 2605518
2 0.425004 14293 164 27 2596738
2 0.426004 14319 126 17 2605558
2 0.427004 14365 141 22 2605965
2 0.428004 13925 120 21 2606606
2 0.429004 14311 141 27 2597352
2 0.430004 14307 117 16 2605294
2 0.431004 14317 135 22 2605613
2 0.432004 14307 143 23 2605579
2 0.433004 13884 138 28 2597528
2 0.434004 14367 144 17 2605371
2 0.435004 14391 162 23 2604934
2 0.436004 14257 144 39 2606314
2 0.437004 14238 121 21 2593093
2 0.438004 14309 120 16 2605116
2 0.439004 13867 154 23 2606710
2 0.440004 14319 123 21 2605219
2 0.441004 14312 109 28 2596480
2 0.442004 14387 120 14 2605079
2 0.443004 14271 171 21 2605179
2 0.444004 14289 121 21 2605112
2 0.445004 13989 147 27 2597303
2 0.446004 14375 136 14 2605383
2 0.447004 14297 127 21 2605148
2 0.448004 14293 157 22 2604658
2 0.449004 13836 129 24 2597186
2 0.450004 14191 142 15 2605400
2 0.451004 14173 175 21 2605295
2 0.452004 14177 124 23 2605133
2 0.453004 14145 149 26 2596791
2 0.454004 14181 127 16 2604650
2 0.455004 14243 146 24 2605296
2 0.456004 13759 142 21 2606425
2 0.457005 14167 127 29 2598809
2 0.458004 14216 133 17 2602094
2 0.459004 14193 139 24 2604796
2 0.460004 14257 144 20 2604705
2 0.461004 13770 162 25 2597025
2 0.462004 14227 164 15 2605602
2 0.463004 14199 134 20 2605666
2 0.464004 14157 132 21 2605006
2 0.465004 14008 224 19 2591635
2 0.466004 13976 13 4 2614855
2 0.467004 14008 220 22 2598699
2 0.468004 14027 172 27 2601290
2 0.469004 14164 150 21 2596819
2 0.470004 14197 160 24 2604642
2 0.471004 14159 141 22 2605268
2 0.472004 14171 119 21 2604647
2 0.473004 13635 140 23 2596604
2 0.474004 14119 117 22 2605101
2 0.475004 14173 137 23 2605143
2 0.476004 14179 133 22 2605066
2 0.477004 14132 167 21 2596732
2 0.478004 13827 137 23 2606356
2 0.479004 14135 146 23 2605567
2 0.480004 14219 127 22 2604927
2 0.481004 14173 135 21 2594710
2 0.482004 14197 145 23 2605164
2 0.483004 13813 163 25 2605750
2 0.484004 14239 135 24 2604485
2 0.485004 14193 131 23 2597416
2 0.486004 14211 139 22 2604028
2 0.487004 14251 112 23 2604869
2 0.488004 14233 151 22 2604848
2 0.489005 13760 153 31 2599673
2 0.490005 14241 110 17 2604679
2 0.491004 14223 160 23 2601657
2 0.492004 14177 142 22 2603969
2 0.493005 14217 135 26 2597220
2 0.494005 14252 133 16 2606165
2 0.495004 13793 146 23 2603734
2 0.496004 14149 184 23 2604493
2 0.497005 14265 146 28 2601334
2 0.498004 14195 167 18 2600459
2 0.499004 13899 115 21 2606372
2 0.500004 14139 106 22 2605106
2 0.501005 14122 129 42 2594435
2 0.502004 14335 114 17 2603236
2 0.503004 14389 138 21 2605421
2 0.504004 14361 114 21 2604739
2 0.505004 14369 122 26 2597280
2 0.506004 13951 142 17 2606270
2 0.507004 14359 148 22 2605159
2 0.508004 14381 130 23 2605115
2 0.509005 14000 131 83 2595619
2 0.510008 13570 107 243 2618726
2 0.511013 17213 81 164 2477070
2 0.512006 17438 105 52 2549738
2 0.513005 14742 141 28 2576571
2 0.514004 14905 127 15 2601759
2 0.515004 14867 125 22 2603525
2 0.516004 14622 131 21 2604056
2 0.517005 14476 132 29 2619773
2 0.518004 14491 147 40 2575988
2 0.519010 14453 128 86 2627240
2 0.520016 14829 125 216 2627458
2 0.521010 21396 59 112 2518915
2 0.522004 15232 132 17 2576386
2 0.523004 14629 142 22 2603558
2 0.524004 14617 108 21 2604583
2 0.525005 14242 130 27 2626772
2 0.526004 14032 126 40 2571774
2 0.527004 14578 111 26 2603762
2 0.528004 14623 130 19 2604186
2 0.529005 14466 146 25 2594109
2 0.530004 14589 127 15 2604512
2 0.531004 14683 151 22 2604006
2 0.532004 14500 147 22 2603817
2 0.533006 14346 112 86 2597970
2 0.534004 14664 109 18 2593057
2 0.535004 14527 145 21 2604308
2 0.536013 13866 145 74 2633698
2 0.537009 12858 154 179 2548965
2 0.538012 19331 29 84 2596500
2 0.539005 19639 103 20 2574140
2 0.540005 14667 130 20 2599537
2 0.541005 14372 141 25 2578501
2 0.542004 14588 115 17 2601177
2 0.543004 14272 140 24 2604867
2 0.544004 14515 136 24 2604726
2 0.545005 14183 151 30 2631118
2 0.546004 14010 73 38 2564250
2 0.547004 14124 321 39 2592394
2 0.548004 14501 132 28 2603885
2 0.549007 14087 136 38 2603971
2 0.550004 14677 138 17 2584415
2 0.551004 14233 125 21 2604050
2 0.552004 14449 132 22 2603808
2 0.553009 14612 118 51 2610943
2 0.554010 17208 82 82 2592861
2 0.555004 14466 121 25 2578653
2 0.556005 14527 136 22 2606453
2 0.557004 14137 149 29 2588884
2 0.558004 14548 117 16 2604700
2 0.559004 14459 135 21 2604781
2 0.560004 14471 134 24 2604423
2 0.561005 14553 147 27 2594416
2 0.562004 14566 93 35 2602398
2 0.563004 14301 124 23 2604069
2 0.564004 14594 110 23 2604180
2 0.565004 14647 140 24 2593857
2 0.566007 14341 93 96 2611375
2 0.567004 14612 124 16 2591503
2 0.568004 14637 126 23 2604022
2 0.569005 14569 131 23 2593550
2 0.570004 14613 153 17 2603754
2 0.571004 14631 127 22 2604341
2 0.572004 14289 132 21 2604917
2 0.573005 14506 136 31 2596204
2 0.574004 14615 158 16 2602991
2 0.575004 14529 137 23 2603709
2 0.576004 14495 135 20 2603411
2 0.577005 14494 139 27 2593368
2 0.578004 14420 271 35 2603508
2 0.579004 14315 142 25 2593628
2 0.580004 14473 123 24 2604357
2 0.581004 14427 142 19 2594806
2 0.582004 14629 123 22 2603227
2 0.583004 14422 141 24 2603956
2 0.584004 14419 110 22 2603772
2 0.585005 14361 151 28 2596101
2 0.586004 14173 134 17 2604058
2 0.587005 14358 140 22 2608341
2 0.588004 14446 121 21 2600505
2 0.589005 14265 139 26 2590307
2 0.590004 14507 125 16 2603828
2 0.591004 14531 119 22 2604365
2 0.592004 14315 170 22 2604639
2 0.593005 14497 139 27 2594448
2 0.594005 14476 112 15 2606537
2 0.595004 14483 134 22 2602310
2 0.596004 14507 124 21 2604724
2 0.597005 14433 113 25 2598711
2 0.598004 14497 126 16 2603114
2 0.599004 14479 154 23 2599781
2 0.600004 14881 149 21 2603153
2 0.601004 14731 142 25 2591307
2 0.602004 14891 147 15 2602841
2 0.603004 14751 129 22 2603461
2 0.604004 14789 151 22 2603382
2 0.605004 14518 274 39 2587014
2 0.606004 14375 119 25 2600385
2 0.607004 14767 138 22 2604165
2 0.608004 14773 135 22 2603899
2 0.609004 13676 105 25 2494510
2 0.610004 14207 124 21 2605216
2 0.611004 14219 120 22 2604405
2 0.612004 14217 129 22 2604296
2 0.613004 13916 126 29 2597208
2 0.614004 14181 135 19 2605779
2 0.615004 14169 133 23 2605020
2 0.616004 13771 129 21 2606116
2 0.617004 14162 146 26 2596092
2 0.618004 14199 134 16 2605339
2 0.619004 14173 152 22 2605313
2 0.620004 14201 141 23 2604743
2 0.621004 14138 161 25 2596856
2 0.622004 14279 153 16 2604973
2 0.623004 13837 149 22 2606011
2 0.624004 14257 133 23 2605318
2 0.625004 14180 153 26 2592694
2 0.626004 14265 130 16 2605265
2 0.627004 14399 114 22 2605092
2 0.628004 14009 126 21 2606379
2 0.629004 14368 158 28 2596486
2 0.630004 14397 110 16 2605756
2 0.631004 14377 182 22 2605442
2 0.632004 14385 129 21 2605377
2 0.633004 13874 138 28 2597480
2 0.634004 14257 147 15 2605700
2 0.635004 14315 121 22 2605460
2 0.636004 14287 139 24 2605649
2 0.637004 14315 167 26 2597284
2 0.638004 14273 133 18 2604875
2 0.639004 13907 130 21 2606830
2 0.640004 14331 160 22 2605064
2 0.641004 14336 145 28 2597844
2 0.642004 14345 166 17 2604521
2 0.643004 14309 147 23 2605841
2 0.644004 14299 138 22 2605438
2 0.645004 13912 112 28 2597820
2 0.646004 14317 131 17 2605847
2 0.647004 14397 126 22 2605749
2 0.648004 14259 143 24 2604936
2 0.649004 13879 144 26 2597665
2 0.650004 14405 144 16 2606102
2 0.651004 14269 152 22 2604835
2 0.652004 14265 122 22 2604539
2 0.653004 14251 167 26 2596090
2 0.654004 14339 127 17 2605779
2 0.655004 14147 143 21 2605322
2 0.656004 13799 148 22 2606262
2 0.657004 14157 126 26 2595944
2 0.658004 14207 125 16 2605435
2 0.659004 14213 114 22 2605371
2 0.660004 14141 148 22 2604901
2 0.661004 13795 146 27 2594182
2 0.662004 14283 136 17 2605529
2 0.663004 14257 130 22 2605893
2 0.664004 14287 118 22 2604343
2 0.665005 14238 145 25 2598364
2 0.666004 13793 124 14 2604081
2 0.667004 14191 155 23 2605388
2 0.668004 14215 174 22 2604690
2 0.669004 14117 153 27 2595583
2 0.670004 14100 295 35 2603486
2 0.671004 14001 131 21 2596530
2 0.672004 14137 135 21 2604909
2 0.673004 13846 160 18 2605992
2 0.674004 14001 163 21 2604540
2 0.675004 14075 154 22 2604673
2 0.676004 14185 117 22 2604892
2 0.677004 14118 149 23 2596443
2 0.678004 13787 134 22 2607089
2 0.679004 14267 156 22 2605298
2 0.680004 14217 131 22 2604147
2 0.681004 14175 155 21 2591736
2 0.682004 14173 131 23 2605098
2 0.683004 13773 157 22 2606386
2 0.684004 14145 124 21 2604961
2 0.685005 14123 189 21 2599328
2 0.686004 14177 157 22 2601791
2 0.687004 14269 156 22 2604377
2 0.688004 14257 126 24 2604453
2 0.689004 13874 122 25 2594776
2 0.690004 14257 137 18 2605071
2 0.691004 14263 144 23 2605237
2 0.692004 14269 125 23 2604644
2 0.693004 14218 133 27 2596133
2 0.694005 14115 135 19 2608936
2 0.695004 13759 130 22 2602450
2 0.696004 14155 141 23 2604714
2 0.697005 14215 114 26 2599011
2 0.698004 14173 131 17 2601765
2 0.699004 13731 150 21 2606020
2 0.700004 14119 162 24 2605298
2 0.701004 14182 161 26 2596529
2 0.702004 14249 138 16 2604863
2 0.703004 14237 147 22 2604892
2 0.704004 14241 140 20 2604477
2 0.705004 14378 144 25 2596846
2 0.706004 13967 130 18 2606112
2 0.707004 14401 151 23 2605847
2 0.708004 14391 115 23 2605877
2 0.709004 14359 133 26 2596380
2 0.710004 14301 137 16 2605766
2 0.711007 13162 93 194 2619576
2 0.712010 15525 101 207 2537484
2 0.713006 16133 146 112 2542668
2 0.714004 15005 131 16 2595582
2 0.715004 14855 130 23 2602845
2 0.716004 14627 139 23 2603734
2 0.717004 14847 139 24 2595171
2 0.718004 14891 144 15 2604293
2 0.719004 14869 144 21 2603837
2 0.720004 14899 144 22 2602248
2 0.721004 14852 131 24 2590763
2 0.722004 14915 157 16 2603772
2 0.723004 13443 151 23 2525952
2 0.724004 14253 146 22 2604938
2 0.725004 14180 151 27 2596150
2 0.726004 14257 154 18 2605842
2 0.727004 14213 129 22 2605336
2 0.728004 13713 148 22 2606217
2 0.729004 14199 134 24 2590445
2 0.730004 14297 148 17 2604593
2 0.731004 14203 138 23 2605666
2 0.732004 14179 122 22 2605473
2 0.733004 13789 136 29 2597782
2 0.734004 14249 146 15 2605625
2 0.735004 14217 143 21 2605433
2 0.736004 14191 122 23 2605205
2 0.737004 14173 151 28 2596655
2 0.738004 14181 154 15 2606031
2 0.739004 13721 120 23 2607887
2 0.740004 14177 150 23 2604938
2 0.741004 14143 133 28 2596951
2 0.742004 14161 138 17 2605223
2 0.743004 14070 291 38 2604245
2 0.744004 14001 138 20 2599447
2 0.745004 14000 84 12 2610846
2 0.746004 14001 146 23 2598402
2 0.747004 14099 144 25 2604088
2 0.748004 14083 131 23 2604775
2 0.749004 13789 152 19 2601415
2 0.750004 14041 152 23 2603778
2 0.751004 14131 143 23 2605123
2 0.752004 14255 123 22 2604899
2 0.753004 14195 167 20 2594718
2 0.754004 14137 141 23 2604786
2 0.755004 14219 135 24 2605441
2 0.756004 13739 138 23 2605397
2 0.757004 14190 154 20 2596504
2 0.758004 14265 154 22 2604801
2 0.759004 14247 131 21 2604892
2 0.760004 14255 138 21 2604751
2 0.761004 13917 84 22 2596890
2 0.762004 14247 112 22 2605299
2 0.763004 14213 120 22 2604958
2 0.764004 14243 160 21 2604754
2 0.765004 14258 152 27 2596526
2 0.766004 13883 173 18 2604394
2 0.767004 14301 133 23 2605600
2 0.768004 14217 148 23 2604699
2 0.769004 14152 109 28 2596498
2 0.770004 14143 122 16 2605351
2 0.771004 14215 135 24 2605421
2 0.772004 14141 138 23 2605468
2 0.773004 13657 160 28 2596486
2 0.774004 14249 143 16 2605543
2 0.775004 14225 141 24 2605593
2 0.776004 14187 126 21 2603248
2 0.777004 14377 145 26 2596755
2 0.778004 14001 148 18 2606695
2 0.779004 14387 131 19 2605291
2 0.780004 14401 168 22 2605031
2 0.781004 14365 132 25 2594846
2 0.782009 14160 128 20 2621841
2 0.783004 14083 151 22 2567628
2 0.784004 14391 148 21 2603956
2 0.785004 14266 141 27 2596693
2 0.786004 14326 130 17 2603535
2 0.787005 14273 130 24 2609450
2 0.788005 14368 146 22 2602021
2 0.789004 13894 151 26 2595487
2 0.790005 14401 158 17 2605518
2 0.791004 14319 114 22 2603778
2 0.792004 14333 137 23 2605348
2 0.793004 14272 144 29 2597105
2 0.794005 14251 109 16 2608028
2 0.795005 13990 130 24 2599859
2 0.796004 14377 162 22 2601809
2 0.797005 14192 138 25 2597958
2 0.798004 14334 140 17 2601842
2 0.799004 13867 149 23 2606063
2 0.800004 14209 136 23 2605231
2 0.801004 14037 139 53 2594292
2 0.802004 14394 119 18 2603531
2 0.803004 14303 143 23 2604883
2 0.804004 14297 152 22 2605371
2 0.805004 14165 137 26 2596629
2 0.806004 13873 151 16 2607268
2 0.807004 14105 152 22 2604948
2 0.808004 14185 130 24 2605157
2 0.809004 14231 168 28 2596361
2 0.810004 14209 131 17 2606482
2 0.811004 13731 142 23 2605113
2 0.812004 14163 125 22 2605574
2 0.813004 14130 150 27 2597104
2 0.814004 14237 145 16 2604737
2 0.815004 14213 146 22 2605469
2 0.816004 13829 136 23 2605530
2 0.817004 14230 129 26 2597135
2 0.818004 14281 130 16 2604610
2 0.819004 14281 157 22 2604924
2 0.820004 14253 137 22 2604187
2 0.821004 14104 303 37 2594437
2 0.822004 14025 165 27 2595947
2 0.823004 13959 144 19 2613969
2 0.824004 14107 158 25 2600343
2 0.825004 14218 116 24 2596538
2 0.826004 14175 123 22 2605568
2 0.827004 14163 139 24 2605710
2 0.828004 13817 167 22 2606015
2 0.829004 14159 179 19 2596590
2 0.830004 14205 141 23 2605221
2 0.831004 14175 136 22 2605027
2 0.832004 13907 156 23 2607646
2 0.833004 14063 168 19 2587421
2 0.834005 14263 121 22 2606025
2 0.835004 14165 108 24 2604233
2 0.836004 14171 159 21 2604913
2 0.837004 14141 139 23 2594000
2 0.838004 14244 139 22 2604264
2 0.839004 13819 156 22 2605006
2 0.840004 14253 121 20 2604353
2 0.841004 13835 142 21 2532346
2 0.842004 14120 144 18 2604727
2 0.843004 14215 159 23 2605432
2 0.844004 14153 145 23 2604742
2 0.845004 13816 148 25 2596234
2 0.846004 14259 148 16 2604994
2 0.847004 14295 140 23 2604770
2 0.848004 14305 126 22 2605226
2 0.849004 13849 149 29 2597062
2 0.850004 14279 146 16 2605714
2 0.851004 14279 143 22 2605033
2 0.852004 14238 122 22 2604942
2 0.853004 14211 134 26 2596528
2 0.854004 14395 145 17 2605333
2 0.855004 14389 148 23 2605836
2 0.856004 13986 137 21 2606326
2 0.857004 14344 163 27 2596464
2 0.858004 14401 122 18 2605153
2 0.859004 14397 120 23 2605239
2 0.860004 14383 151 24 2604989
2 0.861004 13935 139 26 2597503
2 0.862004 14243 116 17 2606045
2 0.863004 14307 152 22 2605198
2 0.864004 14327 147 22 2604995
2 0.865004 14296 166 28 2596382
2 0.866004 13893 119 16 2606837
2 0.867004 14315 153 21 2605730
2 0.868004 14295 132 24 2605437
2 0.869004 14366 153 26 2596118
2 0.870004 14395 137 17 2605270
2 0.871004 14393 157 23 2605712
2 0.872004 14383 118 22 2605349
2 0.873005 13824 126 29 2600391
2 0.874006 13815 129 17 2558381
2 0.875004 14383 126 19 2597200
2 0.876004 14301 139 23 2604383
2 0.877005 14203 125 27 2592493
2 0.878004 14017 132 16 2605760
2 0.879004 14297 150 21 2604689
2 0.880005 14265 149 24 2607352
2 0.881005 14215 151 26 2592805
2 0.882004 13898 125 17 2605327
2 0.883004 14171 139 23 2605445
2 0.884004 14217 137 23 2604641
2 0.885005 14199 135 25 2597521
2 0.886004 14289 137 17 2602612
2 0.887004 14293 126 21 2604781
2 0.888004 14297 131 21 2604787
2 0.889004 13839 155 27 2595482
2 0.890004 14289 145 16 2605261
2 0.891004 14301 162 23 2605070
2 0.892004 14227 151 23 2604878
2 0.893004 14192 152 24 2596241
2 0.894004 14086 288 35 2602484
2 0.895005 13908 10 4 2615150
2 0.896004 14073 292 41 2597795
2 0.897005 13997 130 37 2592511
2 0.898004 14199 159 23 2601460
2 0.899004 13791 128 23 2605787
2 0.900004 14257 147 21 2604919
2 0.901004 14192 131 21 2592197
2 0.902004 14223 147 24 2604545
2 0.903004 14247 120 23 2605093
2 0.904004 14249 147 23 2604809
2 0.905004 14194 131 23 2596272
2 0.906004 13835 137 22 2606179
2 0.907004 14279 137 23 2605069
2 0.908004 14273 138 23 2604953
2 0.909004 14247 101 27 2595878
2 0.910004 14237 113 17 2604834
2 0.911004 13885 172 21 2606602
2 0.912004 14183 135 23 2605138
2 0.913004 14236 132 28 2596249
2 0.914004 14251 113 16 2605349
2 0.915004 14265 123 22 2605294
2 0.916004 13839 117 23 2606579
2 0.917004 14235 127 26 2597085
2 0.918004 14231 111 17 2604909
2 0.919004 14249 152 22 2604556
2 0.920004 14295 102 20 2604980
2 0.921004 14255 115 28 2596517
2 0.922004 14311 145 15 2606007
2 0.923004 13917 128 23 2607230
2 0.924004 14295 158 25 2605266
2 0.925004 14312 140 26 2596679
2 0.926004 14277 149 18 2605784
2 0.927004 14395 134 23 2606046
2 0.928004 13989 135 23 2605112
2 0.929004 14373 120 26 2597511
2 0.930004 14381 123 17 2604353
2 0.931004 14401 129 22 2605875
2 0.932004 13965 139 23 2606073
2 0.933004 14365 122 26 2596147
2 0.934004 14397 113 16 2605613
2 0.935004 14397 135 22 2605937
2 0.936004 14399 128 23 2605461
2 0.937004 14355 130 25 2593359
2 0.938004 14395 121 16 2605729
2 0.939004 13871 140 25 2644848
2 0.940004 14179 146 21 2590339
2 0.941004 14200 125 26 2595158
2 0.942004 14399 117 16 2605573
2 0.943004 14253 146 22 2604979
2 0.944004 14235 139 23 2645169
2 0.945004 13719 153 26 2588609
2 0.946004 14383 127 18 2605802
2 0.947004 14275 132 24 2653837
2 0.948004 14557 149 22 2703433
2 0.949004 14122 123 29 2696613
2 0.950004 14163 145 16 2592645
2 0.951004 14287 122 21 2605003
2 0.952004 14257 151 24 2646465
2 0.953004 14070 168 30 2587806
2 0.954004 14223 126 18 2604735
2 0.955004 14249 120 25 2652999
2 0.956004 14051 142 22 2704929
2 0.957004 14421 138 27 2696057
2 0.958004 14033 124 18 2591895
2 0.959004 14042 371 38 2601396
2 0.960004 14001 144 23 2599654
2 0.961004 14001 133 16 2606617
2 0.962004 14001 158 21 2598406
2 0.963004 14057 154 24 2605199
2 0.964004 14099 139 21 2604696
2 0.965004 14120 159 21 2597184
2 0.966004 13747 143 23 2606593
2 0.967004 14167 133 23 2604712
2 0.968004 14125 153 23 2604705
2 0.969005 14132 141 21 2597955
2 0.970004 14167 129 23 2602406
2 0.971004 14231 156 23 2604829
2 0.972004 14191 157 22 2605044
2 0.973004 13685 156 19 2597101
2 0.974004 14193 145 23 2604950
2 0.975004 14199 127 24 2605103
2 0.976004 14219 128 23 2604773
2 0.977005 14188 97 18 2598892
2 0.978004 13725 134 22 2602705
2 0.979004 14221 137 22 2605126
2 0.980004 14183 155 22 2604713
2 0.981004 14150 149 24 2597549
2 0.982004 13761 127 19 2606043
2 0.983004 14209 129 22 2605184
2 0.984004 14193 128 23 2604667
