1 0.001015 2613 38 282394 511631
1 0.002012 84 4 844461 1025764
1 0.003011 86 2 843753 1057060
1 0.004009 74 8 854769 1044608
1 0.005011 10603 51 918463 1247767
1 0.006009 117 9 952796 1166218
1 0.007011 103 1 929927 1226035
1 0.008010 131 6 900559 1120864
1 0.009009 10636 22 822744 1162057
1 0.010007 15 3 810043 1176423
1 0.011005 0 1 977924 1178650
1 0.012005 8924 29 954345 1204015
1 0.013005 0 2 980689 1183140
1 0.014006 0 6 963804 1145672
1 0.015005 0 1 979873 1149556
1 0.016005 1798 78 963091 1186012
1 0.017007 17 1 974895 1175321
1 0.018011 95 5 955901 1179108
1 0.019009 10064 25 932596 1196547
1 0.020008 46 8 920858 1121885
1 0.021005 0 0 1012478 1220794
1 0.022006 22 7 907147 1344198
1 0.023006 7649 28 990529 1234006
1 0.024005 0 2 1014847 1227384
1 0.025005 0 2 1047239 1263112
1 0.026006 451 86 895556 1102367
1 0.027005 0 2 1050668 1266730
1 0.028005 0 1 1048879 1230967
1 0.029005 0 1 1052490 1234471
1 0.030006 23 95 924239 1142838
1 0.031005 0 4 1012359 1195601
1 0.032005 0 1 1050829 1267178
1 0.033005 513 83 1035179 1283333
1 0.034005 2 6 1009069 1217309
1 0.035005 0 1 1052112 1233935
1 0.036005 6 71 1036166 1282559
1 0.037005 0 1 1052220 1234165
1 0.038005 0 6 1000070 1242820
1 0.039005 0 2 1051686 1233418
1 0.040005 6 74 1036102 1282755
1 0.041005 0 2 1052331 1234354
1 0.042005 0 5 1010656 1219410
1 0.043005 13 83 1035959 1273102
1 0.044005 0 3 1052469 1269592
1 0.045005 0 4 1052489 1234471
1 0.046005 5 81 982478 1217528
1 0.047005 0 3 1044927 1260899
1 0.048005 0 4 1052550 1234758
1 0.049005 2 109 1035992 1248316
1 0.050005 2 5 1007122 1191331
1 0.051005 0 1 1052385 1269336
1 0.052005 0 2 1052625 1234842
1 0.053005 2 93 1036163 1247901
1 0.054007 0 8 1012543 1206845
1 0.055005 0 2 1050540 1267254
1 0.056005 14 81 1036274 1257827
1 0.057005 0 2 1052319 1234247
1 0.058005 0 4 998316 1215111
1 0.059005 15 63 1036137 1282423
1 0.060005 0 1 1052369 1234572
1 0.061005 0 0 1052858 1234834
1 0.062005 13 85 994702 1224099
1 0.063005 0 2 1052399 1269539
1 0.064005 0 2 1052445 1234647
1 0.065005 0 1 1052443 1234317
1 0.066005 1 83 994101 1207641
1 0.067005 0 1 1052414 1234508
1 0.068005 0 1 1052564 1269653
1 0.069005 1 79 1036309 1257152
1 0.070005 0 7 1011032 1228783
1 0.071005 0 1 1052474 1234588
1 0.072005 1 83 1036282 1248336
1 0.073005 0 3 1052433 1269289
1 0.074005 0 7 1009779 1222167
1 0.075005 1 60 1036152 1275008
1 0.076005 0 1 1052386 1234531
1 0.077005 0 1 1052227 1234181
1 0.078005 0 5 1010333 1227131
1 0.079005 1 97 1036250 1282549
1 0.080005 0 2 1052400 1269416
1 0.081005 0 0 1052631 1269335
1 0.082005 1 99 994881 1240679
1 0.083005 0 2 1052196 1269216
1 0.084005 0 2 1052616 1234781
1 0.085005 1 93 1036156 1265395
1 0.086006 54 9 1692918 346664
1 0.087005 48 37 2030190 62084
1 0.088004 0 0 2091651 736
1 0.089004 1 110 2057858 31739
1 0.090005 9 126 2047173 32754
1 0.091004 0 0 2091373 559
1 0.092004 1 150 2057773 31979
1 0.093004 0 0 2091811 793
1 0.094005 2 139 2052654 32961
1 0.095004 1 121 2057724 31519
1 0.096006 0 0 2024781 84678
1 0.097004 69 123 2053269 31921
1 0.098005 1 123 2056542 28027
1 0.099004 0 5 2090571 468
1 0.100004 1 157 2058101 32047
1 0.101004 0 0 2091525 474
1 0.102005 1 154 2053109 32755
1 0.103004 2 118 1977756 113764
1 0.104004 0 0 2091383 481
1 0.105004 1 120 2058095 31647
1 0.106005 0 1 2085226 1026
1 0.107004 1 151 2057773 31960
1 0.108004 1 124 2057871 31936
1 0.109004 0 0 2091329 565
1 0.110005 5 141 2053049 32183
1 0.111004 0 0 2091414 734
1 0.112004 1 153 2057838 31839
1 0.113004 1 105 2057383 31395
1 0.114005 0 1 2087395 1088
1 0.115004 2 109 2056889 31718
1 0.116004 1 113 2057944 32036
1 0.117004 0 0 2091630 733
1 0.118005 1 142 2052950 32386
1 0.119004 0 0 2091034 468
1 0.120004 1 117 2057819 31774
1 0.121004 1 133 2057871 31574
1 0.122005 0 3 2035175 53456
1 0.123004 5 85 2057331 31468
1 0.124004 0 0 2091699 463
1 0.125004 2 121 2057658 31603
1 0.126005 1 151 2051513 32430
1 0.127004 0 0 2091472 740
1 0.128004 1 141 2058057 31598
1 0.129004 1 97 2057898 31398
1 0.130005 0 2 2087954 1724
1 0.131004 1 134 2055970 31804
1 0.132004 0 0 2091781 509
1 0.133004 1 113 2058024 31658
1 0.134005 1 141 2052977 32814
1 0.135004 0 0 2091256 507
1 0.136004 1 128 2058088 31789
1 0.137004 0 0 2091645 739
1 0.138005 1 121 2053170 32441
1 0.139004 1 127 2057750 31978
1 0.140004 0 0 2092065 466
1 0.141004 1 117 2057915 31831
1 0.142005 2 155 2053215 32317
1 0.143004 0 0 2091330 793
1 0.144004 1 133 2057846 31767
1 0.145004 0 0 2091579 737
1 0.146005 1 126 2047603 32365
1 0.147004 1 106 2057821 31818
1 0.148004 0 0 2091992 476
1 0.149004 1 157 2057626 31710
1 0.150005 0 1 2086888 1329
1 0.151004 1 124 2056927 31923
1 0.152004 1 139 2057932 31612
1 0.153004 0 0 2091415 789
1 0.154005 1 150 2053026 32654
1 0.155004 1 160 2057299 31905
1 0.156004 0 0 2091872 465
1 0.157004 1 141 2057676 31977
1 0.158005 0 1 2087319 1245
1 0.159004 1 127 2056848 31844
1 0.160004 1 161 2057916 31945
1 0.161004 0 0 2091749 600
1 0.162005 1 154 2053105 32523
1 0.163004 0 0 2091696 462
1 0.164004 1 133 2057964 31571
1 0.165004 1 181 2057683 31875
1 0.166005 0 1 2086868 1015
1 0.167004 1 124 2057454 31912
1 0.168004 1 119 2057875 31693
1 0.169004 0 0 2091525 474
1 0.170004 1 158 2052877 32486
1 0.171004 0 0 2091741 464
1 0.172004 1 132 2058305 31524
1 0.173004 1 137 2058047 31583
1 0.174004 0 1 2086858 1096
1 0.175004 0 160 2057530 31970
1 0.176004 0 0 2091942 736
1 0.177004 1 161 2057562 32127
1 0.178005 1 134 2053127 32428
1 0.179004 0 0 2091611 465
1 0.180004 1 130 2057981 31709
1 0.181004 1 138 2057742 31707
1 0.182005 0 1 2087240 974
1 0.183004 1 122 2057843 31735
1 0.184004 0 0 2091908 515
1 0.185004 2 130 2057696 32049
1 0.186004 1 142 2053080 32690
1 0.187004 0 0 2091484 507
1 0.188004 2 134 2058252 31763
1 0.189004 0 0 2091984 468
1 0.190005 1 138 2053176 32381
1 0.191004 1 125 2057737 31962
1 0.192004 0 0 2091679 509
1 0.193004 1 126 2057476 32551
1 0.194005 2 141 2053024 32916
1 0.195005 0 0 2045839 57030
1 0.196004 12 130 2055723 31811
1 0.197004 0 0 2091395 737
1 0.198005 1 140 2052350 32112
1 0.199004 0 113 2057145 31786
1 0.200004 0 0 2092071 472
1 0.201004 1 149 2057645 31987
1 0.202011 2 2 2092602 25256
1 0.203008 2527 129 2019686 60577
1 0.204012 48 0 1400707 717451
1 0.205008 8528 105 932519 1269455
1 0.206005 22 3 1003259 1158592
1 0.207011 88 0 1227243 1035776
1 0.208013 10506 22 1662894 498540
1 0.209006 0 1 2022227 44146
1 0.210005 8847 69 1973061 113849
1 0.211005 242 120 2055300 32358
1 0.212004 0 0 2091342 592
1 0.213004 5 132 2057739 31953
1 0.214005 4 127 2027517 61466
1 0.215005 0 0 2088090 784
1 0.216005 6 123 1838194 283716
1 0.217006 47 1 1042214 1163570
1 0.218015 45 3 1698536 446895
1 0.219009 8512 22 1921260 162820
1 0.220008 48 1 1303915 866646
1 0.221005 8707 47 1033498 1136442
1 0.222007 61 1 1132086 1083581
1 0.223007 9996 30 2001778 99410
1 0.224005 0 0 2083757 512
1 0.225005 957 143 2052743 36476
1 0.226006 29 109 2013094 69401
1 0.227005 0 0 2087018 746
1 0.228005 2 140 2058066 31635
1 0.229004 0 0 1981581 4412
1 0.230009 12 114 1810311 326711
1 0.231006 7 0 2009565 76968
1 0.232004 333 120 2052415 32782
1 0.233004 9 132 2056769 31625
1 0.234007 16 1 1211321 955595
1 0.235008 22 1 798046 1390467
1 0.236005 2 0 451507 1877582
1 0.237005 5781 59 446338 1893316
1 0.238005 0 4 1674063 469316
1 0.239005 322 107 2056000 32572
1 0.240004 0 0 2091210 465
1 0.241004 0 130 2057039 31941
1 0.242005 1 124 2030653 58176
1 0.243005 0 0 2088975 733
1 0.244005 1 103 2058057 31828
1 0.245004 0 0 2091068 509
1 0.246005 2 157 1957821 45322
1 0.247006 6 3 1824183 318988
1 0.248005 198 129 2051202 32855
1 0.249004 1 120 2057248 31943
1 0.250005 0 8 2054928 31004
1 0.251005 1 126 2057525 31616
1 0.252004 1 135 2057477 31703
1 0.253004 0 0 2091555 462
1 0.254005 0 104 2032491 44573
1 0.255005 0 0 2090640 469
1 0.256004 1 133 2057600 32060
1 0.257004 5 162 2057524 31816
1 0.258005 0 4 2077809 9642
1 0.259005 1 134 2057851 31683
1 0.260004 0 0 2091879 462
1 0.261004 1 115 2055570 31833
1 0.262005 5 147 2045622 40617
1 0.263005 0 0 2090302 741
1 0.264005 1 128 2058410 31988
1 0.265004 1 139 2057026 31811
1 0.266005 0 6 2077879 4133
1 0.267005 1 135 2056988 31843
1 0.268004 0 0 2091601 465
1 0.269004 1 155 2057593 32126
1 0.270005 1 145 2045218 39439
1 0.271004 0 0 2090475 734
1 0.272004 1 147 2057705 31759
1 0.273004 0 0 2091384 737
1 0.274005 1 123 2044960 40202
1 0.275005 1 151 2056982 31650
1 0.276004 0 0 2091650 558
1 0.277004 1 151 2057902 32143
1 0.278005 2 118 2046421 38634
1 0.279005 0 0 2091173 460
1 0.280004 1 121 2058049 31945
1 0.281004 0 0 2091368 739
1 0.282005 1 123 2040753 44403
1 0.283004 5 124 2056817 31762
1 0.284004 0 0 2091983 560
1 0.285004 1 129 2057719 31968
1 0.286005 0 4 2077037 10299
1 0.287004 1 136 2057487 31624
1 0.288004 1 140 2058035 31713
1 0.289004 0 0 2091405 514
1 0.290005 1 131 2043707 41439
1 0.291005 7 122 2061314 34608
1 0.292004 6 12 2074862 11560
1 0.293004 1 125 2057772 31614
1 0.294005 0 4 2076539 10122
1 0.295005 3 134 2007532 90283
1 0.296004 1 128 2057154 31945
1 0.297004 0 0 2091601 464
1 0.298005 1 130 2051460 32776
1 0.299004 0 0 2091231 739
1 0.300004 1 155 2057643 31995
1 0.301004 1 130 2057852 31765
1 0.302005 0 2 2086515 1246
1 0.303004 1 116 2057378 31946
1 0.304004 0 0 2091863 563
1 0.305004 1 122 2057891 32053
1 0.306005 2 116 2053201 32117
1 0.307004 0 0 2091159 740
1 0.308004 1 94 2057905 31657
1 0.309004 2 133 2057796 31698
1 0.310011 0 1 2102854 1202
1 0.311005 1 150 2041448 31692
1 0.312004 0 0 2090497 737
1 0.313004 1 130 2057962 31636
1 0.314004 3 131 2040967 45977
1 0.315004 0 0 2091325 732
1 0.316004 1 138 2058043 31598
1 0.317004 0 0 2091704 471
1 0.318004 1 122 2026087 61576
1 0.319004 1 152 2057948 31631
1 0.320004 0 0 2091638 737
1 0.321004 0 129 2057599 31856
1 0.322004 3 124 1991959 101155
1 0.323004 0 0 2091345 737
1 0.324004 1 135 2058262 31995
1 0.325004 0 0 2091698 465
1 0.326004 1 161 2042462 38571
1 0.327004 2 118 2057865 31499
1 0.328004 0 0 2092118 473
1 0.329004 1 128 2057576 31695
1 0.330004 0 3 2078754 8570
1 0.331004 1 116 2058015 31868
1 0.332004 1 124 2058057 32161
1 0.333004 0 0 2091339 516
1 0.334004 1 145 2045046 39805
1 0.335004 1 130 2057911 31998
1 0.336004 0 0 2091713 513
1 0.337004 0 112 2057908 31551
1 0.338004 0 3 2079354 7834
1 0.339004 1 125 2058102 31465
1 0.340004 1 156 2058005 31721
1 0.341004 0 0 2091830 557
1 0.342005 55 36 1991342 45365
1 0.343007 15 1 1842396 285582
1 0.344007 1796 32 1145468 1015662
1 0.345005 20 2 1129806 1029845
1 0.346006 38 4 1085095 1010951
1 0.347007 6968 42 1085871 1081260
1 0.348007 63 0 1134846 1034895
1 0.349006 68 2 1096078 1072499
1 0.350008 8678 37 1081882 1067756
1 0.351006 28 3 1135137 1021047
1 0.352007 29 3 1336769 789266
1 0.353009 8260 54 1154212 1034257
1 0.354007 29 1 1159429 981859
1 0.355006 6840 47 1943588 159550
1 0.356005 0 0 2085000 476
1 0.357004 95 161 2056913 32410
1 0.358005 0 5 2073310 9168
1 0.359004 5 134 2056999 31698
1 0.360004 12 137 2057795 31719
1 0.361004 0 0 2091854 740
1 0.362005 7 150 2045634 39920
1 0.363004 1 120 2057468 31602
1 0.364004 0 0 2092098 568
1 0.365004 1 137 2057522 32152
1 0.366005 12 6 2080036 8241
1 0.367004 1 114 2057530 31494
1 0.368004 1 134 2057766 31940
1 0.369004 0 0 2091762 615
1 0.370005 1 143 2043018 34221
1 0.371004 0 0 2091006 473
1 0.372004 0 148 2057879 32474
1 0.373004 1 148 2057912 31722
1 0.374005 0 5 2080378 8714
1 0.375004 1 156 2056455 31990
1 0.376004 1 138 2057808 32063
1 0.377004 0 0 2091750 472
1 0.378004 1 137 2045273 39842
1 0.379004 0 0 2091542 515
1 0.380004 1 124 2058129 31652
1 0.381004 1 128 2057487 32223
1 0.382004 0 5 2075491 12797
1 0.383004 1 124 2058304 31959
1 0.384004 0 0 2091755 517
1 0.385004 1 125 2057672 31583
1 0.386004 1 114 2045943 38771
1 0.387004 0 0 2091831 793
1 0.388004 1 152 2057835 32097
1 0.389005 2 121 2040795 54724
1 0.390004 0 7 2066980 19306
1 0.391004 1 119 2057957 31604
1 0.392004 0 0 2091861 514
1 0.393004 1 124 2057640 31792
1 0.394004 19 138 2041147 43510
1 0.395004 0 0 2037854 64258
1 0.396004 3 151 2057700 31954
1 0.397004 0 0 2091546 525
1 0.398004 1 147 2043655 40361
1 0.399004 1 124 2057751 31839
1 0.400004 0 0 2092108 469
1 0.401004 3 128 2057502 32019
1 0.402004 1 119 2073332 14560
1 0.403004 0 12 2069080 18335
1 0.404005 1 135 2060339 31793
1 0.405004 0 0 2089624 468
1 0.406005 1 112 2046128 39076
1 0.407004 1 121 2057482 31535
1 0.408004 0 0 2091933 736
1 0.409004 1 135 2057808 32128
1 0.410004 0 5 2075784 12426
1 0.411004 1 143 2057909 31840
1 0.412004 1 128 2057936 32203
1 0.413004 0 0 2091481 468
1 0.414004 1 138 2045475 39272
1 0.415004 0 0 2092099 466
1 0.416004 1 126 2058224 31616
1 0.417004 1 141 2058109 31614
1 0.418004 0 5 2078989 8711
1 0.419004 1 131 2058152 31822
1 0.420004 0 138 2058157 31876
1 0.421004 0 0 2091742 736
1 0.422004 1 138 2045283 39397
1 0.423004 0 1 2039387 54124
1 0.424004 4 99 2057716 31465
1 0.425004 1 126 2058072 32025
1 0.426004 0 6 2074609 12649
1 0.427004 1 155 2058128 31942
1 0.428004 0 0 2092076 474
1 0.429004 1 131 2057966 31992
1 0.430004 1 139 2044225 35808
1 0.431004 0 0 2092021 468
1 0.432004 1 141 2058045 31919
1 0.433004 1 154 2058122 31582
1 0.434004 0 5 2079066 8215
1 0.435004 1 139 2057650 31925
1 0.436004 0 0 2091998 789
1 0.437004 1 133 2057791 31761
1 0.438005 1 162 2047147 39706
1 0.439005 0 0 2090160 468
1 0.440004 2 164 2057936 32012
1 0.441004 0 0 2091628 796
1 0.442004 1 144 2045138 38325
1 0.443004 1 145 2058081 31889
1 0.444004 0 0 2092075 469
1 0.445004 1 109 2057946 31751
1 0.446004 1 154 2045545 39416
1 0.447004 0 0 2091841 510
1 0.448004 1 160 2058280 31930
1 0.449004 0 0 2091710 468
1 0.450004 1 130 2045277 39610
1 0.451004 1 141 2057703 32004
1 0.452004 0 0 2091968 741
1 0.453004 1 141 2057966 31982
1 0.454005 0 5 2080917 7353
1 0.455004 3 118 2057015 32014
1 0.456004 0 127 2058149 31551
1 0.457004 0 0 2091503 472
1 0.458004 1 128 2038226 47730
1 0.459004 1 139 2059307 30426
1 0.460004 0 0 2091756 464
1 0.461004 1 128 2057793 31768
1 0.462004 0 5 2073896 13814
1 0.463004 1 120 2058208 31652
1 0.464004 1 102 2058135 31767
1 0.465004 0 0 2092010 566
1 0.466004 1 134 2039568 45146
1 0.467004 0 0 2091732 509
1 0.468004 2 139 2058055 31932
1 0.469004 0 129 2057968 31964
1 0.470004 0 5 2079312 8176
1 0.471004 1 113 2057988 31535
1 0.472004 0 0 2092091 473
1 0.473004 1 153 2057669 31711
1 0.474004 1 135 2045474 39702
1 0.475004 0 0 2091711 738
1 0.476004 1 143 2057831 32155
1 0.477004 1 155 2057628 31827
1 0.478004 2 6 2079534 8275
1 0.479004 1 106 2057914 31645
1 0.480004 0 0 2092163 467
1 0.481004 1 144 2057813 31961
1 0.482004 1 127 2046187 38609
1 0.483004 0 0 2091973 558
1 0.484004 0 137 2058240 31654
1 0.485004 0 0 2091520 474
1 0.486004 2 144 2038912 46953
1 0.487005 1 129 2042852 51416
1 0.488004 0 0 2090716 465
1 0.489004 1 119 2057880 31758
1 0.490004 1 141 2045157 37161
1 0.491004 0 0 2091808 470
1 0.492004 1 140 2058332 32119
1 0.493004 0 0 2091520 471
1 0.494004 1 130 2039529 45757
1 0.495004 1 121 2017392 80062
1 0.496004 0 0 2091962 740
1 0.497004 2 174 2057770 31899
1 0.498004 0 5 2072606 13253
1 0.499004 1 114 2058215 31674
1 0.500004 1 146 2057912 31483
1 0.501004 0 6 2021492 67096
1 0.502004 5 156 2038544 45979
1 0.503004 0 0 2091729 789
1 0.504004 0 14 2063395 23981
1 0.505006 4 138 1806440 321098
1 0.506008 24 1 1917981 191636
1 0.507005 4198 121 2035753 42377
1 0.508004 0 2 2085300 6377
1 0.509005 738 93 1010486 1168836
1 0.510013 39 2 1191923 987707
1 0.511006 8005 36 1937461 137477
1 0.512005 0 0 2084428 818
1 0.513004 205 122 2056566 32373
1 0.514006 3 127 2028145 48785
1 0.515005 0 0 2088999 737
1 0.516004 0 173 2055729 31913
1 0.517006 39 0 1272322 928473
1 0.518022 49 4 1170281 1075395
1 0.519009 9617 16 560938 1538745
1 0.520006 11 0 1789975 328779
1 0.521005 8818 78 2036618 52868
1 0.522005 0 7 2060591 14565
1 0.523005 310 78 2019033 77074
1 0.524004 5 123 2057094 31784
1 0.525004 0 1 2091055 492
1 0.526008 5 152 2035854 61329
1 0.527006 0 0 2081765 473
1 0.528005 3 137 2053407 33777
1 0.529004 2 123 2057416 31706
1 0.530009 0 4 1734334 354180
1 0.531007 308 138 2045380 32389
1 0.532005 0 0 2081510 468
1 0.533005 2 134 1950166 159640
1 0.534009 20 0 1156260 1023024
1 0.535019 6374 55 1440570 671401
1 0.536005 1 3 1986507 67387
1 0.537005 3343 80 2050426 40140
1 0.538005 152 123 2034726 40942
1 0.539005 0 0 2090933 466
1 0.540004 3 114 2057935 31559
1 0.541005 0 0 2091864 787
1 0.542005 1 145 2028382 57180
1 0.543005 1 151 2056262 32034
1 0.544004 0 0 2089957 744
1 0.545004 4 117 2057700 31958
1 0.546005 0 4 2002384 16969
1 0.547006 19 143 1763516 383972
1 0.548005 312 177 2049935 32668
1 0.549004 0 0 2091225 514
1 0.550005 14 115 2035572 37394
1 0.551005 0 0 2091240 739
1 0.552004 1 140 2057661 32287
1 0.553004 1 114 2051665 32160
1 0.554005 0 5 2079349 8549
1 0.555005 1 138 2056529 32030
1 0.556004 1 114 2057662 31934
1 0.557004 0 0 2091463 466
1 0.558009 3 135 2059797 40494
1 0.559008 0 0 2081802 478
1 0.560005 1 122 2049723 31648
1 0.561004 0 136 2057569 31628
1 0.562004 0 5 2078651 10295
1 0.563006 1 143 2060828 32081
1 0.564004 0 0 2079315 737
1 0.565004 1 138 2057774 31937
1 0.566004 1 137 2044212 37462
1 0.567004 0 0 2091801 740
1 0.568004 1 119 2058231 31920
1 0.569004 1 137 2063749 26667
1 0.570004 0 14 2068446 19574
1 0.571004 1 147 2057850 31694
1 0.572004 0 0 2092172 475
1 0.573004 1 139 2057764 31876
1 0.574005 1 139 2041844 44440
1 0.575004 0 0 2091206 794
1 0.576004 1 124 2058395 31702
1 0.577004 0 0 2091539 735
1 0.578005 17 122 2043471 42448
1 0.579004 1 123 2057265 31633
1 0.580004 0 0 2091943 743
1 0.581004 1 126 2057974 31700
1 0.582004 0 3 2072271 14345
1 0.583004 0 123 2058018 31514
1 0.584005 10 110 2042174 52856
1 0.585004 0 0 2089834 468
1 0.586005 1 129 2038386 46930
1 0.587005 1 128 2056501 31768
1 0.588004 0 0 2091626 464
1 0.589004 1 137 2057935 31696
1 0.590009 0 5 2076925 22228
1 0.591005 1 140 2046458 32114
1 0.592004 1 125 2056672 31657
1 0.593004 0 0 2091562 466
1 0.594005 1 136 2043833 40158
1 0.595004 0 0 2040500 60147
1 0.596004 3 137 2057480 31884
1 0.597004 1 132 2057704 31683
1 0.598005 0 6 2077592 9703
1 0.599004 1 143 2056942 31492
1 0.600004 1 162 2057529 32175
1 0.601004 0 0 2091623 557
1 0.602004 1 141 2044869 39683
1 0.603004 0 0 2090959 791
1 0.604004 1 119 2057842 32229
1 0.605004 1 147 2057733 31809
1 0.606004 0 6 2078332 9177
1 0.607004 1 115 2057898 31563
1 0.608004 0 0 2091763 738
1 0.609004 1 142 2057614 32019
1 0.610004 1 128 2044977 35772
1 0.611004 0 0 2091641 469
1 0.612004 1 127 2058329 31750
1 0.613004 1 124 2057672 31673
1 0.614004 0 7 2070844 17032
1 0.615004 1 148 2058031 31683
1 0.616004 0 0 2091968 465
1 0.617004 1 116 2057921 31688
1 0.618004 2 134 2045516 39428
1 0.619004 0 0 2091671 467
1 0.620004 1 116 2057982 32111
1 0.621004 0 0 2091728 741
1 0.622004 1 129 2038911 45823
1 0.623004 4 122 2010358 87687
1 0.624004 0 0 2091649 477
1 0.625004 1 146 2057934 31723
1 0.626004 0 6 2078319 8498
1 0.627004 1 136 2057842 31529
1 0.628004 1 170 2057946 32374
1 0.629004 0 0 2091696 518
1 0.630004 1 133 2044906 39583
1 0.631004 1 143 2057683 31633
1 0.632004 0 0 2091809 788
1 0.633004 1 136 2057963 31951
1 0.634004 6 6 2078867 8128
1 0.635004 1 109 2057935 31429
1 0.636004 1 146 2058079 32165
1 0.637004 0 0 2091639 468
1 0.638004 1 140 2045096 39618
1 0.639004 0 0 2091705 470
1 0.640004 1 138 2058010 31832
1 0.641004 1 127 2057513 31607
1 0.642004 0 6 2078544 8593
1 0.643004 1 140 2058039 31495
1 0.644004 1 148 2057975 32024
1 0.645004 0 0 2091642 737
1 0.646005 3 138 2026701 61718
1 0.647004 0 0 2091442 510
1 0.648004 1 144 2057839 31992
1 0.649004 1 137 2057790 31809
1 0.650004 0 5 2078426 8897
1 0.651004 1 118 2057949 31574
1 0.652004 0 0 2091819 786
1 0.653004 1 131 2057745 31914
1 0.654004 1 120 2042112 43059
1 0.655004 0 0 2091844 522
1 0.656004 1 140 2057698 32015
1 0.657004 1 122 2057694 31666
1 0.658004 0 7 2072467 15604
1 0.659004 1 129 2057775 31958
1 0.660004 0 0 2091789 742
1 0.661004 2 148 2057598 32103
1 0.662005 1 117 2041570 39750
1 0.663004 0 0 2090445 738
1 0.664004 1 128 2057917 32009
1 0.665004 0 0 2091501 472
1 0.666004 2 146 2038702 46147
1 0.667004 1 110 2058047 31467
1 0.668004 0 0 2091832 465
1 0.669004 2 131 2057609 32064
1 0.670004 1 134 2068367 15478
1 0.671004 0 14 2073366 14371
1 0.672004 1 120 2057805 31853
1 0.673004 0 0 2091301 562
1 0.674004 1 80 2045217 38922
1 0.675004 2 126 2058381 31542
1 0.676004 0 0 2091809 744
1 0.677004 1 135 2057946 31503
1 0.678004 0 6 2078965 8445
1 0.679004 1 131 2057986 31471
1 0.680004 1 130 2058174 31802
1 0.681004 0 0 2091467 471
1 0.682005 5 124 2025772 62602
1 0.683004 0 0 2090889 470
1 0.684004 1 129 2058124 31599
1 0.685004 1 142 2057573 32093
1 0.686004 0 5 2078407 8966
1 0.687004 2 138 2058036 31603
1 0.688004 1 145 2057944 32239
1 0.689004 0 0 2091480 468
1 0.690004 1 117 2045167 38428
1 0.691004 0 0 2091767 467
1 0.692004 1 157 2058119 31702
1 0.693004 1 147 2057659 31713
1 0.694004 0 6 2073980 13476
1 0.695004 1 142 2017873 79493
1 0.696004 0 0 2091592 514
1 0.697004 1 140 2057578 31634
1 0.698004 1 117 2045280 39081
1 0.699004 0 0 2091771 468
1 0.700004 1 156 2058494 31767
1 0.701004 1 183 2057532 31810
1 0.702004 0 6 2072150 15269
1 0.703004 1 129 2057969 31991
1 0.704004 0 0 2091736 469
1 0.705004 1 131 2057711 31634
1 0.706004 1 124 2045591 39270
1 0.707004 0 0 2091906 467
1 0.708004 1 111 2057966 31757
1 0.709004 0 0 2091617 464
1 0.710005 16 131 1806170 302992
1 0.711007 37 1 1151565 1027349
1 0.712009 4635 63 1295123 881056
1 0.713005 0 0 2072246 766
1 0.714005 2714 149 2020617 55534
1 0.715004 21 152 2057124 32100
1 0.716004 0 0 2091636 738
1 0.717005 13 171 2060150 32292
1 0.718005 0 5 2074255 9264
1 0.719007 3 117 2062618 31566
1 0.720005 1 100 2051706 31489
1 0.721004 0 0 2090325 781
1 0.722004 1 141 2036946 47629
1 0.723004 0 1 2043644 57140
1 0.724004 3 112 2057632 31818
1 0.725004 1 119 2057638 31989
1 0.726004 0 7 2076850 9249
1 0.727004 1 144 2057925 31706
1 0.728004 1 157 2057945 31834
1 0.729004 0 0 2091787 470
1 0.730004 1 103 2042919 34968
1 0.731004 0 0 2091699 740
1 0.732004 1 110 2058339 31753
1 0.733004 1 132 2057798 31930
1 0.734004 0 7 2078537 8905
1 0.735004 1 127 2058025 31734
1 0.736004 0 0 2092163 470
1 0.737004 2 133 2057764 31599
1 0.738005 1 105 2045006 39672
1 0.739004 0 0 2091923 738
1 0.740004 1 135 2058022 31716
1 0.741004 1 123 2058020 31649
1 0.742004 0 7 2070433 17683
1 0.743004 4 167 2057519 32166
1 0.744004 0 0 2091720 741
1 0.745004 1 145 2058125 31920
1 0.746004 1 134 2045055 39787
1 0.747004 0 0 2092005 467
1 0.748004 1 150 2057744 31802
1 0.749004 0 0 2091594 743
1 0.750004 1 144 2038656 46667
1 0.751004 1 130 2058355 31408
1 0.752004 0 0 2091849 746
1 0.753004 1 136 2057879 32040
1 0.754004 0 6 2078918 8107
1 0.755004 1 117 2058014 31926
1 0.756004 3 158 2058140 32055
1 0.757004 0 0 2091512 741
1 0.758004 1 165 2019504 69284
1 0.759004 1 129 2058172 31600
1 0.760004 0 0 2091936 792
1 0.761004 2 143 2057775 31738
1 0.762004 0 4 2072887 14427
1 0.763004 1 147 2057933 31572
1 0.764004 1 123 2058170 31500
1 0.765004 0 0 2091452 470
1 0.766005 1 138 2044461 40179
1 0.767004 0 0 2091239 513
1 0.768004 1 127 2057858 32198
1 0.769004 1 147 2057802 31920
1 0.770004 0 5 2077968 9016
1 0.771004 1 129 2057951 31665
1 0.772004 1 146 2057945 31805
1 0.773004 0 0 2091699 740
1 0.774004 1 143 2045182 39066
1 0.775004 0 0 2092007 517
1 0.776004 1 133 2057872 31929
1 0.777004 0 138 2057840 31748
1 0.778004 0 6 2072569 15688
1 0.779004 1 110 2058024 31808
1 0.780005 0 2 2075872 21997
1 0.781004 5 140 2056037 31916
1 0.782004 1 119 2039922 44174
1 0.783004 0 0 2091593 468
1 0.784004 0 143 2057876 31940
1 0.785004 1 126 2057798 31905
1 0.786004 0 5 2078922 8161
1 0.787004 1 125 2058089 31748
1 0.788004 0 0 2092058 562
1 0.789004 1 151 2057674 32184
1 0.790004 1 122 2026738 56599
1 0.791004 0 0 2091594 564
1 0.792004 1 128 2058155 31813
1 0.793004 0 0 2091835 736
1 0.794004 1 133 2039365 45081
1 0.795004 2 121 2010437 88360
1 0.796004 0 0 2091261 790
1 0.797004 8 141 2057614 31683
1 0.798004 0 6 2072588 14055
1 0.799004 1 105 2057748 31576
1 0.800005 1 145 2032201 61607
1 0.801004 0 1 2072340 19582
1 0.802004 6 134 2043523 39658
1 0.803004 2 149 2058281 32002
1 0.804004 0 0 2091592 495
1 0.805004 1 97 2057697 31695
1 0.806004 0 6 2078383 8894
1 0.807004 2 122 2057944 31968
1 0.808004 1 117 2058013 32043
1 0.809004 0 0 2091676 466
1 0.810004 1 130 2045222 39257
1 0.811004 0 0 2091906 474
1 0.812004 0 136 2057888 32040
1 0.813004 1 152 2057557 31694
1 0.814004 0 6 2070820 14635
1 0.815004 1 99 2057699 31846
1 0.816004 1 138 2058218 31492
1 0.817004 0 0 2091740 470
1 0.818004 1 136 2045009 39268
1 0.819004 0 0 2091734 467
1 0.820004 1 159 2057737 32061
1 0.821004 1 125 2057853 31865
1 0.822004 0 7 2073580 14025
1 0.823004 1 115 2023618 72713
1 0.824004 0 0 2091546 466
1 0.825004 1 91 2057887 31743
1 0.826004 1 134 2044567 39939
1 0.827004 0 0 2091675 464
1 0.828004 1 160 2058154 31920
1 0.829004 2 135 2057836 32056
1 0.830004 0 5 2079105 8617
1 0.831004 1 147 2058129 31707
1 0.832004 0 0 2091988 468
1 0.833004 1 156 2057560 32034
1 0.834004 1 110 2045073 39312
1 0.835004 0 0 2091786 470
1 0.836004 1 145 2058047 31704
1 0.837004 0 0 2091741 793
1 0.838004 1 127 2044936 39861
1 0.839004 0 133 2057806 31772
1 0.840004 0 0 2091670 736
1 0.841004 1 158 2057825 31765
1 0.842004 0 5 2078662 8533
1 0.843004 1 161 2057786 31562
1 0.844004 2 117 2058031 31854
1 0.845004 0 0 2091788 468
1 0.846004 1 126 2044384 40001
1 0.847004 2 121 2057937 31615
1 0.848004 0 0 2091970 514
1 0.849004 1 121 2057788 31861
1 0.850004 0 8 2078469 6420
1 0.851004 1 144 2058180 31627
1 0.852004 1 124 2058190 31925
1 0.853004 0 0 2091621 515
1 0.854004 1 125 2043550 41082
1 0.855004 0 0 2091802 467
1 0.856004 1 133 2058485 31879
1 0.857004 1 122 2057875 32173
1 0.858004 0 6 2074140 14100
1 0.859004 1 147 2058051 31752
1 0.860004 1 154 2058020 31953
1 0.861004 0 0 2091269 741
1 0.862004 1 116 2042246 42267
1 0.863004 0 0 2091630 513
1 0.864004 1 122 2058137 31939
1 0.865004 1 121 2057725 31920
1 0.866004 0 5 2074278 13383
1 0.867004 1 120 2057857 32177
1 0.868004 0 0 2091915 518
1 0.869004 2 129 2057501 31982
1 0.870004 1 126 2044829 39715
1 0.871004 0 0 2091553 734
1 0.872004 1 136 2057965 32014
1 0.873004 1 149 2057891 32056
1 0.874004 0 6 2078619 8401
1 0.875004 1 110 2058120 31548
1 0.876004 0 0 2091885 789
1 0.877004 1 139 2057666 32046
1 0.878004 13 134 2045134 39680
1 0.879005 0 2 2077647 18662
1 0.880004 1 123 2057177 31595
1 0.881004 0 0 2091504 470
1 0.882004 1 108 2045311 38792
1 0.883004 2 102 2058173 31668
1 0.884004 0 0 2091981 731
1 0.885004 1 127 2057666 31759
1 0.886004 2 126 2007966 32661
1 0.887004 0 0 2091205 467
1 0.888005 2 150 2058441 31866
1 0.889004 0 0 2090945 562
1 0.890005 4 127 2041167 44066
1 0.891004 6 145 2057358 31613
1 0.892004 0 0 2091390 466
1 0.893004 1 112 2057616 31940
1 0.894004 0 8 2074275 13292
1 0.895004 2 114 2040672 52338
1 0.896005 5 128 2034613 53736
1 0.897004 0 0 2088738 563
1 0.898004 1 125 2043183 40238
1 0.899004 0 0 2091819 855
1 0.900004 1 149 2057795 32325
1 0.901004 2 138 2057555 31727
1 0.902004 0 4 2078675 8514
1 0.903004 1 146 2057496 31633
1 0.904004 1 127 2057884 31896
1 0.905004 0 0 2091629 735
1 0.906004 1 157 2037843 47395
1 0.907004 0 0 2091686 466
1 0.908004 1 137 2057879 32008
1 0.909004 1 143 2057765 31859
1 0.910004 0 6 2073795 10484
1 0.911004 1 160 2058407 31756
1 0.912004 0 0 2091892 465
1 0.913004 1 120 2057810 32002
1 0.914004 1 141 2044683 39922
1 0.915004 0 0 2091810 468
1 0.916004 1 117 2057932 32103
1 0.917004 1 136 2057647 32000
1 0.918004 0 6 2061726 28533
1 0.919004 1 153 2057916 32005
1 0.920004 0 0 2091617 793
1 0.921004 1 131 2057931 31585
1 0.922004 1 145 2040656 43499
1 0.923004 0 0 2059815 38219
1 0.924004 3 119 2057869 31869
1 0.925004 0 0 2091663 514
1 0.926004 1 145 2044197 40399
1 0.927004 1 131 2057606 32221
1 0.928004 0 0 2091734 464
1 0.929004 1 131 2058023 31770
1 0.930004 1 122 2044984 39574
1 0.931004 0 0 2091594 738
1 0.932004 0 135 2058204 31806
1 0.933004 0 0 2091628 467
1 0.934004 9 170 2044848 40028
1 0.935004 1 116 2057976 32039
1 0.936004 0 0 2091729 514
1 0.937004 2 166 2057455 32214
1 0.938004 0 5 2078685 7456
1 0.939004 2 119 2058066 31544
1 0.940004 1 160 2058031 32176
1 0.941004 0 0 2091703 469
1 0.942004 2 162 2044952 39307
1 0.943004 1 137 2079065 12965
1 0.944004 0 14 2076380 12077
1 0.945004 1 125 2056930 31854
1 0.946004 0 6 2078405 8395
1 0.947004 1 132 2057821 31828
1 0.948004 1 131 2058137 32362
1 0.949004 0 0 2091840 468
1 0.950005 3 170 2026470 33150
1 0.951005 0 0 2088967 467
1 0.952004 4 151 2057733 32066
1 0.953004 1 109 2057891 31474
1 0.954004 0 6 2074819 12294
1 0.955004 1 117 2058181 31544
1 0.956004 0 0 2092030 469
1 0.957004 1 129 2057542 32241
1 0.958004 1 130 2039840 45255
1 0.959004 0 0 2091824 565
1 0.960004 1 115 2058250 31474
1 0.961004 1 146 2057832 32010
1 0.962004 0 5 2076979 9765
1 0.963004 1 138 2058096 31571
1 0.964004 0 0 2091978 744
1 0.965004 1 145 2057814 31709
1 0.966004 1 119 2041649 42645
1 0.967004 0 0 2091802 785
1 0.968004 1 83 2058132 31451
1 0.969004 0 0 2091596 475
1 0.970004 1 132 2042090 39505
1 0.971004 1 149 2057942 31771
1 0.972004 0 0 2091836 733
1 0.973004 1 146 2057693 31978
1 0.974004 1 110 2044985 39470
1 0.975004 0 0 2091512 515
1 0.976004 1 164 2058102 31735
1 0.977005 0 0 2050153 51580
1 0.978005 1 116 2042402 40201
1 0.979004 1 148 2057341 31755
1 0.980004 0 0 2091974 466
1 0.981004 1 151 2057850 31890
1 0.982005 0 6 2079683 8241
1 0.983004 1 143 2056676 32049
1 0.984004 1 153 2057720 31752
1 0.985004 0 0 2091669 567
1 0.986004 1 140 2044599 39332
1 0.987004 0 131 2057550 32036
1 0.988004 0 0 2092075 469
1 0.989004 1 144 2057741 31734
1 0.990004 0 6 2078534 8592
1 0.991004 1 131 2058205 31600
1 0.992004 1 126 2057841 32109
1 0.993004 0 0 2091839 738
1 0.994004 1 134 2045168 38771
1 0.995004 0 0 2091852 477
1 0.996004 1 152 2058085 31623
1 0.997004 1 131 2058190 31625
1 0.998004 0 6 2072933 15059
1 0.999004 1 134 2057935 31732
1 1.000004 3 142 2077939 14165
1 1.001004 0 14 2077583 10741
1 1.002005 1 123 2042238 43408
1 1.003004 0 0 2090093 469
1 1.004004 1 128 2057989 31489
1 1.005004 1 108 2057968 31539
1 1.006004 0 6 2079168 8092
1 1.007004 2 122 2058115 31803
1 1.008004 0 0 2091705 467
1 1.009004 1 129 2057635 31671
1 1.010004 1 117 1727915 408506
1 1.011004 0 0 2091969 468
1 1.012004 1 140 2057814 31798
1 1.013006 0 0 2096528 1534
1 1.014005 43 143 2036940 41268
1 1.015004 1 118 2057488 31598
1 1.016004 0 0 2091757 737
1 1.017004 3 147 2057795 31735
1 1.018004 4 4 2079085 7732
1 1.019004 1 136 2057894 31687
1 1.020004 3 129 2058148 31577
1 1.021004 0 0 2091782 506
1 1.022004 9 149 2038179 47262
1 1.023004 3 125 2025895 69606
1 1.024004 0 0 2091782 734
1 1.025004 4 133 2057777 31807
1 1.026004 0 6 2077947 8941
1 1.027004 1 107 2058343 31569
1 1.028004 3 148 2058062 31751
1 1.029004 0 0 2091504 515
1 1.030004 3 131 2043819 39156
1 1.031004 0 0 2091620 464
1 1.032004 2 132 2058058 31754
1 1.033004 2 143 2057949 31708
1 1.034004 0 5 2079112 8316
1 1.035004 1 116 2058030 31830
1 1.036004 1 138 2058139 32093
1 1.037004 0 0 2091601 465
1 1.038005 4 144 2044819 40125
1 1.039004 0 0 2091561 467
1 1.040004 1 143 2058092 31732
1 1.041004 1 131 2057508 32544
1 1.042004 0 5 2079045 8415
1 1.043004 1 160 2057977 31975
1 1.044004 0 0 2092028 465
1 1.045004 0 129 2057952 31603
1 1.046004 1 113 2044978 39364
1 1.047004 0 0 2092201 466
1 1.048004 1 131 2058139 31925
1 1.049004 2 141 2065673 24716
1 1.050004 0 12 2077092 8188
1 1.051004 1 121 2058054 31605
1 1.052004 0 0 2091954 477
1 1.053004 1 138 2057682 32223
1 1.054004 1 139 2042298 42730
1 1.055004 0 0 2091770 467
1 1.056004 1 120 2058286 31340
1 1.057004 0 0 2091745 738
1 1.058004 1 151 2039553 45515
1 1.059004 1 114 2058227 31524
1 1.060004 0 0 2092149 468
1 1.061004 1 150 2057782 32210
1 1.062004 0 5 2075328 10381
1 1.063004 1 134 2057901 31647
1 1.064004 1 133 2058257 31684
1 1.065004 0 0 2091570 737
1 1.066004 1 136 2039279 46021
1 1.067004 1 132 2057913 31611
1 1.068004 0 0 2091990 467
1 1.069004 1 117 2057618 31924
1 1.070004 0 6 2078478 8981
1 1.071004 1 128 2057839 31600
1 1.072004 1 153 2058256 31759
1 1.073004 0 0 2091600 745
1 1.074004 1 125 2046480 38022
1 1.075005 0 2 2078147 18409
1 1.076004 4 128 2057127 31360
1 1.077004 1 126 2019228 77745
1 1.078004 0 5 2077928 8555
1 1.079004 1 112 2057886 31856
1 1.080004 1 135 2057942 32008
1 1.081004 0 0 2091705 511
1 1.082004 1 128 2044878 39909
1 1.083004 0 0 2091751 465
1 1.084004 3 136 2058159 31950
1 1.085004 1 150 2057552 32533
1 1.086004 0 5 2078661 8885
1 1.087004 1 137 2057875 31843
1 1.088004 0 0 2091944 465
1 1.089004 1 163 2057562 32077
1 1.090004 2 126 2044568 38022
1 1.091004 0 0 2091542 560
1 1.092004 1 144 2058057 31739
1 1.093004 1 181 2057298 32285
1 1.094004 0 6 2079431 7773
1 1.095004 2 125 2058062 31750
1 1.096004 0 0 2091601 465
1 1.097004 1 138 2057014 32457
1 1.098004 1 126 2038573 46165
1 1.099004 0 0 2091899 737
1 1.100004 1 128 2057987 31888
1 1.101004 0 0 2091730 842
1 1.102004 1 148 2046264 38753
1 1.103004 1 119 2057328 31831
1 1.104004 0 0 2091900 733
1 1.105004 1 143 2057668 31973
1 1.106008 24 3 1694694 474398
1 1.107005 3874 127 2021278 42399
1 1.108005 263 116 2055351 32727
1 1.109004 0 1 2091390 470
1 1.110005 6 114 2027897 50682
1 1.111004 0 0 2091443 737
1 1.112004 1 158 2058067 32195
1 1.113004 1 144 2057833 32071
1 1.114005 0 7 2074112 14443
1 1.115005 1 132 2056548 31736
1 1.116005 2 0 1994219 118341
1 1.117007 50 67 1119806 1058073
1 1.118013 20 1 1849029 275438
1 1.119007 5345 79 2026562 45052
1 1.120005 207 167 2052568 32724
1 1.121004 0 0 2091265 511
1 1.122005 3 126 2038946 41568
1 1.123005 0 0 2042543 57255
1 1.124004 3 91 2057535 31486
1 1.125004 1 136 2057255 32494
1 1.126005 0 5 2078744 10009
1 1.127005 0 142 2054622 32002
1 1.128005 0 0 2091555 490
1 1.129004 1 127 2057237 31468
1 1.130006 128 175 1773656 363660
1 1.131005 0 2 2085503 592
1 1.132004 3 142 2056977 32147
1 1.133004 0 0 2091699 467
1 1.134005 1 119 2040376 40675
1 1.135004 1 135 2057082 32014
1 1.136004 0 0 2092036 470
1 1.137004 0 143 2057238 32031
1 1.138004 1 108 2044481 39631
1 1.139004 0 0 2091735 469
1 1.140004 1 134 2058114 31683
1 1.141004 0 0 2091582 467
1 1.142005 17 121 2045637 39609
1 1.143005 1 130 2056611 31634
1 1.144004 0 0 2091638 510
1 1.145004 1 118 2057676 31661
1 1.146005 0 6 2079895 8293
1 1.147005 1 171 2057151 31995
1 1.148004 1 109 2057529 31877
1 1.149004 0 0 2091370 468
1 1.150005 1 137 2041823 38870
1 1.151004 1 108 2057569 31821
1 1.152004 0 0 2091802 475
1 1.153004 1 149 2057781 32133
1 1.154005 0 6 2073110 14435
1 1.155004 2 113 2057047 31730
1 1.156004 1 137 2057980 32008
1 1.157004 0 0 2091615 467
1 1.158005 1 122 2045110 39215
1 1.159004 0 0 2091189 561
1 1.160004 1 148 2057825 31797
1 1.161004 1 143 2057878 32217
1 1.162005 0 4 2075201 12586
1 1.163004 0 135 2057248 31472
1 1.164004 2 133 2057901 31809
1 1.165004 0 0 2091565 564
1 1.166005 0 134 2041325 43744
1 1.167005 0 0 2090801 471
1 1.168004 1 157 2057689 31899
1 1.169004 1 121 2057983 31938
1 1.170004 0 5 2073707 13866
1 1.171004 1 116 2058222 31870
1 1.172004 0 0 2092110 473
1 1.173005 11 115 2040862 54170
1 1.174005 1 131 2038213 44397
1 1.175004 0 0 2091382 467
1 1.176004 1 140 2057726 32258
1 1.177004 0 0 2040860 61351
1 1.178004 17 117 2043033 40289
1 1.179004 1 106 2057897 31869
1 1.180004 0 1 2091870 487
1 1.181004 3 134 2057585 31974
1 1.182004 1 114 2044826 40075
1 1.183004 0 0 2091900 503
1 1.184004 1 163 2058146 31888
1 1.185004 0 0 2091493 562
1 1.186004 1 163 2044177 39599
1 1.187004 1 97 2058014 31410
1 1.188004 0 0 2091847 468
1 1.189004 1 141 2057781 31909
1 1.190004 0 6 2078440 8792
1 1.191004 1 102 2058030 31413
1 1.192004 1 122 2058090 32141
1 1.193004 0 0 2091616 741
1 1.194004 9 113 2044838 40159
1 1.195004 1 112 2058235 32081
1 1.196004 0 0 2091889 475
1 1.197004 1 91 2057851 31409
1 1.198004 0 6 2078358 8762
1 1.199004 1 117 2057896 31898
1 1.200004 1 127 2058020 31913
1 1.201004 0 0 2091443 473
1 1.202004 1 140 2044909 40231
1 1.203004 0 0 2091633 789
1 1.204004 1 114 2058055 31633
1 1.205004 2 125 2057874 31889
1 1.206004 0 6 2076331 11265
1 1.207004 0 135 2018639 78055
1 1.208004 1 141 2057822 31696
1 1.209004 0 0 2091722 468
1 1.210004 1 126 2036370 45190
1 1.211004 0 0 2091727 742
1 1.212004 1 131 2058190 31845
1 1.213004 1 136 2058032 31905
1 1.214004 0 4 2074046 13131
1 1.215004 2 154 2058044 31798
1 1.216004 0 0 2092108 468
1 1.217004 1 149 2057533 31760
1 1.218004 2 166 2044756 40074
1 1.219004 0 0 2091643 734
1 1.220004 1 119 2058473 31413
1 1.221004 1 135 2057811 31644
1 1.222004 0 6 2073984 13681
1 1.223004 1 149 2057985 32057
1 1.224005 0 0 2054056 45097
1 1.225004 2 128 2057338 31557
1 1.226004 1 107 2044999 39571
1 1.227004 0 0 2091804 473
1 1.228004 1 121 2058169 31618
1 1.229004 0 0 2091823 768
1 1.230005 1 159 2025305 63979
1 1.231004 1 113 2057029 31924
1 1.232004 0 0 2091876 740
1 1.233004 1 126 2057363 31897
1 1.234004 0 6 2078368 8923
1 1.235004 1 136 2057736 31773
1 1.236004 1 134 2057852 31643
1 1.237004 0 0 2091599 516
1 1.238004 1 105 2044894 39941
1 1.239004 1 136 2058044 31864
1 1.240004 0 0 2091740 469
1 1.241004 3 137 2057637 32016
1 1.242004 0 6 2078760 8904
1 1.243004 1 127 2058150 31518
1 1.244004 1 118 2058201 31721
1 1.245004 0 0 2091714 470
1 1.246004 1 120 2044913 39979
1 1.247004 0 0 2091864 470
1 1.248004 1 134 2058025 31597
1 1.249004 1 166 2057849 31696
1 1.250004 0 5 2078765 8091
1 1.251004 1 147 2057921 31763
1 1.252004 1 126 2058048 31942
1 1.253004 0 0 2091750 517
1 1.254004 1 129 2042530 42478
1 1.255004 0 0 2091472 465
1 1.256004 1 149 2057821 31982
1 1.257004 1 129 2057839 31660
1 1.258004 0 5 2074016 13955
1 1.259004 1 139 2058023 31848
1 1.260004 0 0 2092148 734
1 1.261004 1 142 2057711 31987
1 1.262004 1 136 2042434 41700
1 1.263004 0 0 2091734 785
1 1.264004 0 114 2057792 31875
1 1.265004 1 138 2057815 31667
1 1.266004 0 7 2074385 13528
1 1.267004 1 147 2057710 31560
1 1.268004 0 0 2092119 468
1 1.269004 1 138 2057528 31691
1 1.270004 1 126 2044933 38155
1 1.271004 0 0 2091879 463
1 1.272005 2 122 2045704 47879
1 1.273004 0 0 2090230 736
1 1.274004 1 168 2040138 44201
1 1.275004 1 134 2057275 32588
1 1.276004 0 0 2091599 609
1 1.277004 2 110 2017272 79633
1 1.278004 0 3 2077679 9177
1 1.279004 6 109 2058087 31653
1 1.280004 1 147 2057677 32216
1 1.281004 0 0 2091746 467
1 1.282004 1 128 2044470 40115
1 1.283004 1 145 2057824 31830
1 1.284004 0 0 2091849 566
1 1.285004 1 123 2057765 32151
1 1.286004 0 5 2078837 8848
1 1.287004 0 117 2058054 31461
1 1.288004 0 122 2058157 31562
1 1.289004 0 0 2091599 732
1 1.290004 0 139 2044582 40391
1 1.291004 0 0 2091680 567
1 1.292004 1 173 2057956 31790
1 1.293004 1 162 2057618 32019
1 1.294004 0 5 2078816 8830
1 1.295004 1 133 2058025 31831
1 1.296004 1 141 2058032 31673
1 1.297004 0 0 2091714 468
1 1.298004 1 121 2044933 39509
1 1.299004 0 0 2091484 792
1 1.300004 0 134 2058164 31982
1 1.301004 1 141 2057869 31962
1 1.302005 0 5 2081658 7854
1 1.303004 1 120 2055279 31554
1 1.304004 0 0 2091555 468
1 1.305004 1 119 2058148 32047
1 1.306004 1 132 2039696 44991
1 1.307004 0 0 2091719 513
1 1.308004 1 126 2057898 31644
1 1.309004 1 127 2057965 31715
1 1.310004 0 6 2075075 10350
1 1.311004 0 133 2057735 31960
1 1.312004 0 0 2092081 739
1 1.313004 1 133 2057475 31787
1 1.314004 1 131 2041009 43475
1 1.315004 0 0 2091663 740
1 1.316004 2 162 2057887 31713
1 1.317004 0 0 2091585 564
1 1.318004 1 123 2045170 39284
1 1.319004 1 127 2057671 31903
1 1.320004 0 0 2091570 739
1 1.321004 2 144 2057518 31859
1 1.322004 1 161 2040805 43547
1 1.323004 0 0 2091391 738
1 1.324004 1 123 2028068 67153
1 1.325004 0 0 2091255 818
1 1.326005 1 150 2044249 40078
1 1.327004 1 124 2057623 31586
1 1.328004 0 1 2091964 490
1 1.329004 1 119 2057966 31635
1 1.330004 0 7 2078684 6219
1 1.331004 1 128 2057805 31785
1 1.332004 1 113 2058316 31508
1 1.333004 0 0 2091629 738
1 1.334005 5 141 941032 32904
1 1.335004 0 0 2090004 470
1 1.336004 1 134 2057814 32053
1 1.337004 0 0 2091815 467
1 1.338004 1 164 2040736 44356
1 1.339004 1 139 2057850 32002
1 1.340004 0 0 2091624 561
1 1.341004 1 128 2057316 31663
1 1.342004 0 6 2078014 8781
1 1.343004 1 134 2057534 31871
1 1.344004 1 133 2057796 31627
1 1.345004 0 0 2091276 470
1 1.346004 1 141 2044821 39640
1 1.347004 2 140 2057479 31593
1 1.348004 0 0 2091581 838
1 1.349004 1 155 2057771 31833
1 1.350004 0 4 2079066 8344
1 1.351004 0 143 2057755 31733
1 1.352004 0 158 2057762 32034
1 1.353004 0 0 2091744 467
1 1.354004 1 147 2043389 41193
1 1.355004 0 0 2091422 782
1 1.356004 1 131 2057931 31793
1 1.357004 1 163 2057284 32173
1 1.358004 0 5 2079724 7213
1 1.359004 1 136 2057831 31724
1 1.360004 1 134 2057964 31589
1 1.361004 0 0 2091805 737
1 1.362004 1 122 2020652 67384
1 1.363004 0 0 2091297 510
1 1.364004 1 135 2058119 31655
1 1.365004 1 147 2057744 31703
1 1.366004 0 3 1991825 106228
1 1.367004 1 131 2057556 31990
1 1.368004 0 0 2091817 504
1 1.369004 1 141 2057268 31950
1 1.370005 2 134 2025004 62299
1 1.371004 0 0 2090274 464
1 1.372004 1 133 2057497 31589
1 1.373004 0 0 2091421 472
1 1.374004 1 133 2045397 38892
1 1.375004 1 132 2057340 31961
1 1.376004 0 0 2091750 737
1 1.377004 1 150 2016851 80422
1 1.378004 4 119 2043297 40965
1 1.379004 0 0 2091869 565
1 1.380004 1 125 2058149 31860
1 1.381004 0 0 2091469 464
1 1.382004 1 156 2044718 40178
1 1.383004 1 143 2057739 32042
1 1.384004 0 0 2091924 473
1 1.385004 1 129 2057699 31899
1 1.386004 0 5 2078279 9051
1 1.387004 1 128 2052734 31529
1 1.388004 1 138 2057933 31770
1 1.389004 0 0 2091616 464
1 1.390004 1 133 2044164 37600
1 1.391004 1 139 2057575 31981
1 1.392004 0 0 2091816 467
1 1.393004 1 137 2058006 31674
1 1.394004 0 5 2078517 8620
1 1.395004 1 162 2057641 31630
1 1.396004 1 126 2057968 31923
1 1.397004 0 0 2091571 558
1 1.398005 1 131 2041859 43815
1 1.399004 0 0 2090750 468
1 1.400004 1 153 2057862 31935
1 1.401004 1 141 2057646 32053
1 1.402004 0 5 2076307 11452
1 1.403004 1 132 2057955 31818
1 1.404004 1 142 2058098 31919
1 1.405004 0 0 2091694 468
1 1.406004 1 142 2039005 46595
1 1.407004 0 0 2090886 472
1 1.408004 2 128 2058288 31872
1 1.409004 1 146 2057323 31812
1 1.410004 0 6 2079295 8006
1 1.411004 2 121 2057944 31679
1 1.412004 0 0 2091969 468
1 1.413004 1 124 2057746 31666
1 1.414004 1 138 2040659 43749
1 1.415004 0 0 2091519 735
1 1.416004 1 165 2058096 32196
1 1.417004 1 148 2057700 31733
1 1.418004 0 6 2076880 10069
1 1.419004 1 170 2057929 31793
1 1.420004 0 0 2091701 466
1 1.421004 1 144 2057834 31985
1 1.422004 1 106 2041587 42892
1 1.423004 0 0 2091763 738
1 1.424004 1 117 2026499 69186
1 1.425004 0 0 2091544 481
1 1.426004 1 156 2042202 41381
1 1.427004 1 117 2058064 31718
1 1.428004 0 0 2091861 522
1 1.429004 1 99 2057569 31493
1 1.430005 20 6 2003284 7742
1 1.431004 35 35 2056960 32461
1 1.432004 1 137 2057549 31545
1 1.433004 0 0 2091394 559
1 1.434005 1 124 2049289 32444
1 1.435004 27 171 2056936 32167
1 1.436004 0 0 2091952 461
1 1.437004 1 163 2057487 31639
1 1.438005 0 1 2086860 1251
1 1.439004 1 116 2057392 31567
1 1.440004 1 132 2057792 31727
1 1.441004 0 0 2091480 466
1 1.442005 1 107 2053171 32614
1 1.443004 0 0 2091409 465
1 1.444004 1 132 2057904 31656
1 1.445004 1 121 2057845 31597
1 1.446005 0 1 2087039 1476
1 1.447004 1 121 2057413 31953
1 1.448004 1 132 2057880 31658
1 1.449004 0 0 2091519 464
1 1.450005 1 140 2052754 32748
1 1.451004 0 0 2091353 560
1 1.452004 2 170 2057780 32109
1 1.453004 2 148 2057665 31734
1 1.454005 0 1 2086958 1248
1 1.455004 1 155 2057147 32269
1 1.456004 0 0 2091893 475
1 1.457004 1 120 2057698 31899
1 1.458005 1 164 2051485 32518
1 1.459004 0 0 2090089 467
1 1.460004 2 117 2057582 31554
1 1.461004 1 96 2057734 31529
1 1.462005 0 1 2087469 1372
1 1.463004 1 153 2056301 31704
1 1.464004 0 0 2091474 792
1 1.465004 1 157 2057636 31841
1 1.466005 1 147 2053107 32696
1 1.467004 0 0 2090976 740
1 1.468004 1 151 2057804 31767
1 1.469005 0 0 2073689 23651
1 1.470005 1 144 2051086 32814
1 1.471004 1 120 2057150 31732
1 1.472004 0 0 2091997 474
1 1.473004 1 144 2057720 31681
1 1.474005 1 134 2052950 32276
1 1.475004 0 0 2091189 470
1 1.476004 2 124 2057741 31677
1 1.477006 0 0 2047541 57020
1 1.478005 4 132 2044549 36953
1 1.479005 1 138 2054750 32250
1 1.480005 0 0 2089825 466
1 1.481004 1 143 2057330 31765
1 1.482005 0 1 2087389 1528
1 1.483004 1 136 2057160 32064
1 1.484004 2 109 2057992 31496
1 1.485004 0 0 2091753 739
1 1.486005 1 138 2053355 32431
1 1.487004 1 127 2083631 8636
1 1.488004 0 13 2071877 16222
1 1.489004 1 140 2057670 31837
1 1.490005 0 1 2087165 1400
1 1.491004 0 143 2057477 31749
1 1.492004 1 127 2057976 31395
1 1.493004 0 0 2091517 563
1 1.494005 1 125 2052614 32648
1 1.495004 0 0 2091404 470
1 1.496004 2 123 2057675 31793
1 1.497004 1 131 2057540 31788
1 1.498005 0 1 2086745 1276
1 1.499004 1 132 2057999 31563
1 1.500004 0 0 2091876 463
1 1.501004 1 136 2059747 27334
1 1.502005 1 145 2052799 32170
1 1.503004 0 2 2048797 42235
1 1.504004 3 139 2057467 31883
1 1.505004 1 161 2057686 31644
1 1.506005 0 1 2086216 1484
1 1.507004 1 143 2056909 31954
1 1.508004 0 0 2091695 739
1 1.509004 0 155 2057474 31893
1 1.510005 1 168 2053109 32558
1 1.511004 0 0 2090978 736
1 1.512004 1 138 2057566 31761
1 1.513004 0 0 2091495 729
1 1.514005 10 161 2052876 33133
1 1.515004 1 125 2057598 31600
1 1.516004 0 0 2091765 561
1 1.517004 1 136 2057607 31856
1 1.518005 1 132 2053559 32379
1 1.519004 0 0 2090879 506
1 1.520004 1 112 2057778 31704
1 1.521004 0 0 2091779 739
1 1.522005 1 104 2049740 31913
1 1.523004 0 130 2057579 31653
1 1.524004 0 2 2054372 37181
1 1.525004 1 126 2057521 31822
1 1.526005 0 1 2085261 1525
1 1.527004 1 126 2057264 31733
1 1.528004 1 131 2057956 31615
1 1.529004 0 0 2091459 468
1 1.530005 1 138 2052775 32471
1 1.531004 1 156 2057417 31723
1 1.532006 0 0 2095159 472
1 1.533005 1 117 2049911 31581
1 1.534005 0 2 2085948 1237
1 1.535004 0 124 2057675 31860
1 1.536004 2 123 2057796 31879
1 1.537004 0 3 2069491 18387
1 1.538005 1 116 2052604 32176
1 1.539004 0 0 2091182 737
1 1.540004 1 113 2057749 31608
1 1.541004 1 120 2057814 31735
1 1.542005 0 1 2087040 974
1 1.543004 1 136 2057419 31968
1 1.544004 2 139 2057814 31770
1 1.545004 0 0 2091510 464
1 1.546005 1 157 2053095 32115
1 1.547004 0 0 2091550 465
1 1.548004 1 129 2057697 32203
1 1.549004 1 126 2057879 31801
1 1.550004 0 1 2087065 996
1 1.551004 1 123 2057784 31673
1 1.552004 0 0 2092005 463
1 1.553004 1 138 2057841 31689
1 1.554004 1 147 2050497 32541
1 1.555004 0 0 2091502 460
1 1.556004 1 123 2057816 31747
1 1.557004 1 129 2057924 31641
1 1.558005 0 1 2086696 1258
1 1.559004 0 152 2057435 32200
1 1.560004 0 0 2091762 792
1 1.561004 1 133 2057605 31711
1 1.562005 1 160 2053485 32201
1 1.563004 0 0 2091294 469
1 1.564004 1 134 2057774 31720
1 1.565004 0 0 2091666 464
1 1.566005 1 131 2053347 32252
1 1.567005 1 114 2043316 49359
1 1.568004 0 0 2090265 786
1 1.569004 1 128 2057565 31483
1 1.570005 1 147 2036625 41416
1 1.571004 0 0 2091185 564
1 1.572004 1 131 2057739 32101
1 1.573004 0 0 2091619 508
1 1.574005 1 121 2053381 32392
1 1.575004 1 109 2057382 31567
1 1.576004 0 0 2091609 790
1 1.577004 1 139 2017240 79937
1 1.578005 0 1 2086016 1275
1 1.579004 1 148 2057145 31758
1 1.580004 1 138 2058041 31940
1 1.581004 0 0 2091502 467
1 1.582005 1 138 2050700 32652
1 1.583004 0 0 2091344 463
1 1.584004 1 124 2058062 31926
1 1.585004 1 141 2057771 31886
1 1.586005 0 1 2087060 1238
1 1.587004 1 144 2057278 31846
1 1.588004 1 124 2057906 31567
1 1.589004 0 0 2091617 472
1 1.590005 1 139 2052585 32112
1 1.591004 0 0 2091390 732
1 1.592004 2 126 2057834 31686
1 1.593004 2 116 2057649 31698
1 1.594005 0 1 2087024 1519
1 1.595004 1 117 2057570 31563
1 1.596004 0 0 2091876 470
1 1.597004 1 124 2057485 31993
1 1.598005 1 134 2053310 32356
1 1.599004 0 0 2091463 556
1 1.600004 2 155 2057885 31754
1 1.601004 2 114 2000848 97525
1 1.602005 0 1 2085143 1054
1 1.603004 1 100 2057341 31427
1 1.604004 0 0 2091674 785
1 1.605004 0 136 2057788 31978
1 1.606005 1 142 2053071 32600
1 1.607004 0 0 2091032 730
1 1.608004 1 124 2057989 31834
1 1.609004 0 0 2091621 464
1 1.610005 1 141 2052789 32535
1 1.611004 1 158 2057392 31791
1 1.612004 0 0 2091636 557
1 1.613004 1 129 2057634 31669
1 1.614005 1 147 2053005 32289
1 1.615004 0 0 2091481 735
1 1.616004 1 138 2057961 31934
1 1.617004 0 0 2091473 741
1 1.618005 1 127 2052894 32202
1 1.619004 1 170 2057138 32094
1 1.620004 0 0 2091644 735
1 1.621004 2 135 2057597 31620
1 1.622005 0 1 2086889 1364
1 1.623004 1 157 2057359 31842
1 1.624004 3 104 2026803 68547
1 1.625004 0 0 2091165 588
1 1.626005 0 130 2052521 32191
1 1.627004 1 154 2057175 32070
1 1.628004 0 0 2091891 603
1 1.629004 1 143 2057701 32018
1 1.630005 0 1 2086646 1072
1 1.631004 1 147 2057649 31960
1 1.632004 1 152 2057926 31795
1 1.633004 0 0 2091810 467
1 1.634005 1 133 2052862 32573
1 1.635004 0 0 2091516 467
1 1.636004 1 162 2057915 32091
1 1.637004 1 147 2057758 31928
1 1.638005 0 1 2086856 1368
1 1.639004 1 133 2057254 31662
1 1.640004 1 163 2057824 32389
1 1.641004 0 0 2091651 464
1 1.642005 1 137 2050595 32278
1 1.643004 0 0 2091306 559
1 1.644004 2 150 2057915 31964
1 1.645004 1 125 2057749 32347
1 1.646005 0 1 2087010 1132
1 1.647004 1 143 2057294 31490
1 1.648004 0 0 2091781 736
1 1.649004 2 136 2057810 31740
1 1.650005 1 147 2052936 32176
1 1.651004 0 0 2091178 474
1 1.652004 1 131 2058077 31685
1 1.653004 1 143 2057660 31735
1 1.654005 0 1 2086955 1343
1 1.655004 1 142 2057300 31659
1 1.656004 0 0 2091623 793
1 1.657004 1 122 2057820 31967
1 1.658005 1 116 2053350 32464
1 1.659004 0 0 2091328 465
1 1.660004 1 124 2057944 31917
1 1.661004 0 0 2091435 795
1 1.662005 1 150 2053203 32361
1 1.663004 1 119 2057427 31474
1 1.664004 0 0 2091502 509
1 1.665004 1 120 2057925 31774
1 1.666005 1 132 2038465 50632
1 1.667004 0 0 2089815 490
1 1.668004 0 153 2057598 31803
1 1.669004 0 0 2091452 469
1 1.670005 2 149 2053151 32381
1 1.671004 1 96 2057709 31862
1 1.672004 0 0 2091742 791
1 1.673004 1 121 2057862 31570
1 1.674005 0 1 2086838 1005
1 1.675004 1 124 2057376 31651
1 1.676004 1 132 2057602 31925
1 1.677004 0 0 2020684 84905
1 1.678005 1 124 2049753 32823
1 1.679004 0 0 2090947 509
1 1.680004 1 171 2058015 32108
1 1.681004 1 140 2057655 32032
1 1.682005 0 1 2086948 1037
1 1.683004 1 144 2057267 31854
1 1.684004 1 147 2057507 31921
1 1.685004 0 0 2091353 742
1 1.686005 1 154 2036902 51857
1 1.687004 0 0 2091010 732
1 1.688004 1 132 2057727 31629
1 1.689004 1 142 2057324 31932
1 1.690005 0 1 2086884 1348
1 1.691004 1 127 2057256 32017
1 1.692004 0 0 2091673 736
