5 0.001019 2320 40 233038 375445
5 0.002011 21 3 769107 712962
5 0.003011 10407 26 731624 754350
5 0.004008 4 2 795561 723523
5 0.005012 10491 7 765584 821387
5 0.006012 32 4 845694 824499
5 0.007010 10353 23 862701 883106
5 0.008019 87 6 824589 888148
5 0.009010 10587 56 798874 834547
5 0.010006 6 8 885481 814114
5 0.011006 6560 35 897016 836478
5 0.012006 0 6 910250 767250
5 0.013006 175 80 901448 1247034
5 0.014005 0 3 917685 844371
5 0.015005 1 11 901043 1049307
5 0.016007 7 3 655143 604392
5 0.017006 47 98 898942 1125976
5 0.018006 251 79 899267 887475
5 0.019005 0 2 949496 873319
5 0.020006 76 76 880216 958726
5 0.021008 2 2 947818 879221
5 0.022010 1986 48 901518 919361
5 0.023006 0 3 885669 798319
5 0.024009 8649 25 885699 876631
5 0.025007 5357 47 920303 931739
5 0.026005 0 3 956418 882323
5 0.027005 268 79 968529 1159577
5 0.028006 0 3 947242 807300
5 0.029005 52 73 967223 1378322
5 0.030005 3 100 968774 957712
5 0.031005 0 3 984236 905215
5 0.032007 19 81 863877 1065226
5 0.033005 0 3 982127 821880
5 0.034005 1 87 965604 960035
5 0.035007 341 80 866522 893741
5 0.036006 0 5 927386 857975
5 0.037005 27 52 968614 1011618
5 0.038005 0 3 984228 823812
5 0.039005 5 76 969076 1072149
5 0.040005 1 75 930001 848106
5 0.041005 0 3 984136 905128
5 0.042005 5 72 969192 823305
5 0.043005 0 3 984214 905227
5 0.044005 1 86 931141 1294386
5 0.045005 1 75 961809 987992
5 0.046005 0 3 984308 905233
5 0.047005 1 73 969114 1062373
5 0.048006 0 2 946016 802251
5 0.049005 9 96 968832 1354338
5 0.050005 7 67 968958 905078
5 0.051005 0 1 941747 826866
5 0.052005 25 79 929837 1102901
5 0.053005 0 3 983888 823492
5 0.054005 1 77 969327 1359209
5 0.055005 1 78 968769 940263
5 0.056005 0 3 942266 865655
5 0.057005 1 75 968958 1150779
5 0.058005 0 2 984241 905234
5 0.059005 1 76 969233 1094805
5 0.060006 3 84 907630 907918
5 0.061005 0 3 983184 904235
5 0.062005 3 79 969315 1208705
5 0.063005 0 3 984142 905070
5 0.064005 1 84 930626 1361100
5 0.065005 3 79 958727 976338
5 0.066005 0 3 984344 905250
5 0.067005 1 96 969183 1063764
5 0.068005 0 4 945553 868595
5 0.069005 1 73 969038 1187108
5 0.070005 1 64 961984 1007908
5 0.071005 0 3 984188 905188
5 0.072005 1 82 931219 1182153
5 0.073005 0 3 984066 823709
5 0.074005 2 73 969242 1438108
5 0.075005 1 80 968863 931500
5 0.076005 0 2 945744 803422
5 0.077005 6 101 968906 1232154
5 0.078005 0 3 984330 905247
5 0.079005 1 74 969152 1473099
5 0.080006 1 61 920611 1034635
5 0.081005 0 3 983010 822733
5 0.082005 1 86 969055 1286932
5 0.083005 1 77 971036 840863
5 0.084005 0 14 943178 806713
5 0.085005 2 64 924812 984453
5 0.086005 0 3 984221 823779
5 0.087005 1 84 969146 1156161
5 0.088005 0 5 946222 874354
5 0.089005 1 78 969205 1216299
5 0.090005 1 84 969076 1055285
5 0.091005 0 3 984115 823711
5 0.092005 1 70 930911 1011498
5 0.093005 1 87 968875 847176
5 0.094005 0 3 984292 823870
5 0.095005 1 78 969246 1083349
5 0.096005 0 4 946086 807451
5 0.097005 1 71 969193 1210640
5 0.098005 1 71 968995 942698
5 0.099005 0 3 984149 823573
5 0.100006 70 47 1035530 918622
5 0.101005 1 131 1114836 1024751
5 0.102005 0 0 1143230 999814
5 0.103005 1 125 1116717 1027723
5 0.104005 1 129 1105234 1033397
5 0.105005 0 0 1143199 999784
5 0.106005 1 143 1115351 995813
5 0.107005 0 120 1114360 985564
5 0.108005 0 2 1140853 865130
5 0.109005 1 111 1116661 1026163
5 0.110005 1 121 1111949 1034681
5 0.111006 181 111 1109891 1021249
5 0.112005 0 4 1132997 985102
5 0.113005 25 129 1115745 887994
5 0.114005 1 151 1117159 887573
5 0.115005 0 0 1143390 857185
5 0.116005 1 139 1114084 997957
5 0.117005 1 121 1116919 1026472
5 0.118005 0 0 1143357 999958
5 0.119005 1 136 1117149 890715
5 0.120005 1 147 1113744 951093
5 0.121005 1 144 1112356 895136
5 0.122005 0 0 1143322 999893
5 0.123005 5 176 1117102 887418
5 0.124005 1 119 1114800 977246
5 0.125005 0 0 1143139 856961
5 0.126005 2 130 1117391 887184
5 0.127005 1 159 1116113 889035
5 0.128005 1 148 1111352 892007
5 0.129005 0 0 1142933 856820
5 0.130005 1 147 1115836 890287
5 0.131005 1 134 1113974 892932
5 0.132005 0 1 1140998 865260
5 0.133005 1 131 1116896 920168
5 0.134005 1 119 1117265 1027020
5 0.135005 0 0 1143448 857187
5 0.136005 1 149 1117261 1020622
5 0.137005 1 128 1115885 1027956
5 0.138005 1 108 1113845 1031666
5 0.139005 0 0 1143495 857243
5 0.140005 1 120 1112084 899199
5 0.141005 1 150 1113105 893909
5 0.142005 0 0 1143333 857111
5 0.143005 1 133 1117446 887215
5 0.144005 1 147 1110960 1025204
5 0.145005 0 0 1142720 856674
5 0.146005 1 143 1116797 889102
5 0.147005 1 122 1117305 965779
5 0.148005 1 145 1106030 1027234
5 0.149005 0 0 1143278 857060
5 0.150005 1 130 1115670 1029343
5 0.151005 3 109 1119869 1016970
5 0.152005 0 1 1140122 855166
5 0.153005 1 144 1116805 902754
5 0.154005 1 109 1112715 894910
5 0.155005 2 135 1113869 893278
5 0.156005 0 1 1140676 988653
5 0.157005 0 131 1115942 942313
5 0.158005 2 137 1111409 1011234
5 0.159005 0 0 1143369 999944
5 0.160005 3 153 1111234 1014648
5 0.161005 1 152 1116606 935346
5 0.162005 0 0 1143182 856986
5 0.163005 1 139 1117201 886585
5 0.164005 2 155 1112748 1027469
5 0.165005 1 149 1111143 897147
5 0.166005 0 0 1143358 857165
5 0.167005 1 150 1115543 889792
5 0.168005 1 145 1105608 1029793
5 0.169005 0 0 1143276 857100
5 0.170005 1 140 1116902 1027613
5 0.171005 1 122 1117368 970910
5 0.172005 0 1 1140843 998158
5 0.173005 6 130 1115228 1029329
5 0.174005 1 158 1117066 1027142
5 0.175005 1 135 1112000 1035018
5 0.176005 0 1 1140906 855754
5 0.177005 1 119 1116591 1027211
5 0.178005 1 113 1114201 1031471
5 0.179005 0 0 1143375 857162
5 0.180005 1 147 1114690 900887
5 0.181005 1 155 1116903 1027087
5 0.182005 1 168 1114099 896841
5 0.183005 0 0 1143566 857304
5 0.184005 1 130 1114582 938113
5 0.185005 1 150 1113720 892842
5 0.186005 0 0 1143473 1000064
5 0.187005 1 119 1117382 1026848
5 0.188005 2 131 1113147 1018407
5 0.189005 0 0 1143119 856955
5 0.190005 1 161 1117387 887415
5 0.191005 1 141 1116827 961264
5 0.192005 1 130 1111451 904405
5 0.193005 0 0 1143314 857146
5 0.194005 1 149 1116815 983911
5 0.195005 1 168 1114049 928553
5 0.196005 0 1 1140896 855734
5 0.197005 1 149 1116437 887633
5 0.198005 1 156 1115029 949536
5 0.199005 1 122 1128790 877009
5 0.200005 0 12 1132917 993760
5 0.201005 1 152 1114004 1030288
5 0.202012 964 151 1129271 970175
5 0.203008 0 0 1126766 937876
5 0.204015 2834 111 1045764 1020715
5 0.205008 8375 38 892537 986151
5 0.206007 16 0 978288 980558
5 0.207013 8209 29 960095 1037872
5 0.208014 77 4 1008003 977737
5 0.209011 10093 39 1000612 1015220
5 0.210008 8270 56 917136 972411
5 0.211012 59 0 1084806 1002731
5 0.212009 8682 99 1092226 942355
5 0.213010 7856 70 1067934 1000982
5 0.214006 0 0 1130278 961805
5 0.215006 4408 113 1116331 882943
5 0.216007 1862 135 1102152 971418
5 0.217005 0 0 1139547 854225
5 0.218007 9 125 1103904 968433
5 0.219005 399 112 1119186 940432
5 0.220005 32 154 1046095 855158
5 0.221009 8 1 1136287 916271
5 0.222012 985 107 1091800 995552
5 0.223007 3174 110 1012187 954954
5 0.224006 0 2 1120707 969508
5 0.225005 451 129 1122355 963937
5 0.226005 15 144 1115237 889710
5 0.227005 0 0 1143352 857135
5 0.228005 6 154 1112352 997172
5 0.229005 2 107 1118237 883583
5 0.230005 0 0 1143293 999844
5 0.231005 1 146 1118455 888639
5 0.232006 1 141 1110083 1027617
5 0.233006 1 118 1114693 904717
5 0.234006 0 0 1102173 829598
5 0.235006 157 205 1074433 920205
5 0.236005 15 111 1103357 886566
5 0.237005 0 0 1142906 999529
5 0.238005 1 155 1116697 887937
5 0.239005 1 134 1116879 888249
5 0.240005 0 4 1137334 856452
5 0.241005 1 130 1116352 1027227
5 0.242005 1 154 1112826 1034177
5 0.243005 0 157 1112870 1033761
5 0.244005 0 3 1137342 987719
5 0.245005 2 152 1116048 888301
5 0.246005 1 120 1113492 928667
5 0.247005 0 0 1143236 857022
5 0.248005 1 136 1107667 1018811
5 0.249005 1 129 1117160 944055
5 0.250005 1 111 1135901 867475
5 0.251005 0 8 1127535 873291
5 0.252005 2 150 1119208 953949
5 0.253005 1 148 1113826 913119
5 0.254005 0 0 1143450 1000030
5 0.255005 1 135 1116928 992214
5 0.256006 1 134 1111828 1015529
5 0.257005 0 0 1142297 856361
5 0.258005 2 111 1111718 1034966
5 0.259005 1 138 1115514 963002
5 0.260005 1 132 1109475 908514
5 0.261005 0 0 1142166 998905
5 0.262005 1 125 1114470 942900
5 0.263005 1 166 1113044 1005241
5 0.264005 0 1 1140460 855301
5 0.265005 1 135 1116309 1027590
5 0.266005 1 136 1115723 978347
5 0.267005 0 0 1143352 857168
5 0.268005 1 123 1111284 888265
5 0.269005 1 130 1116875 952737
5 0.270005 1 155 1113987 1018570
5 0.271005 0 0 1143263 857069
5 0.272005 1 139 1111498 921329
5 0.273005 1 139 1113460 996202
5 0.274005 0 0 1143426 999963
5 0.275005 1 122 1117217 1006430
5 0.276005 1 132 1110448 1026913
5 0.277005 1 118 1130540 1015072
5 0.278005 0 10 1134506 1004926
5 0.279005 1 129 1116686 970183
5 0.280005 1 136 1106171 1020913
5 0.281005 0 0 1142500 856480
5 0.282005 1 132 1111552 896491
5 0.283005 1 158 1114147 1031590
5 0.284005 0 1 1140984 865206
5 0.285005 1 124 1114561 901804
5 0.286005 1 129 1116608 888225
5 0.287005 1 122 1114112 897804
5 0.288005 0 1 1140811 998154
5 0.289005 1 123 1116708 938368
5 0.290005 1 130 1111610 896942
5 0.291005 0 0 1143507 1000058
5 0.292005 1 126 1114149 905309
5 0.293005 1 140 1116784 938250
5 0.294005 0 0 1143390 999955
5 0.295005 1 117 1115449 1029747
5 0.296005 1 136 1114611 1015769
5 0.297005 1 161 1113576 892689
5 0.298005 0 0 1143442 857195
5 0.299005 1 154 1116816 888008
5 0.300005 1 140 1112590 1018758
5 0.301005 0 0 1143108 856945
5 0.302005 1 138 1117208 1006989
5 0.303005 1 121 1113494 973076
5 0.304005 1 138 1120460 1022160
5 0.305005 0 11 1139480 1001233
5 0.306005 1 140 1117282 887183
5 0.307005 1 163 1114211 914408
5 0.308005 0 1 1140787 998084
5 0.309005 1 157 1114810 995770
5 0.310005 1 160 1116180 1028370
5 0.311005 0 0 1143427 857167
5 0.312005 1 140 1109815 1032626
5 0.313005 2 138 1117213 954842
5 0.314005 1 128 1115708 889933
5 0.315005 0 0 1143341 857142
5 0.316005 3 116 1106511 924215
5 0.317005 1 134 1112830 1003759
5 0.318005 0 0 1143430 857253
5 0.319005 1 164 1116259 1001859
5 0.320005 1 111 1114227 963384
5 0.321005 0 1 1136077 869771
5 0.322005 30 120 1116208 886529
5 0.323005 1 115 1116940 887745
5 0.324005 1 117 1110948 891036
5 0.325005 0 0 1142938 856869
5 0.326005 2 162 1117092 1027613
5 0.327005 1 157 1111635 998679
5 0.328005 0 1 1140840 988732
5 0.329005 2 119 1116264 907660
5 0.330005 2 125 1117006 1026990
5 0.331005 1 151 1118389 1030203
5 0.332005 0 12 1137784 856535
5 0.333005 1 151 1116500 944715
5 0.334005 1 134 1114280 892298
5 0.335005 0 0 1143272 857084
5 0.336005 1 112 1111647 891178
5 0.337005 2 146 1115962 1028034
5 0.338005 0 0 1143447 857186
5 0.339005 1 129 1112247 1023351
5 0.340005 1 165 1112720 885548
5 0.341005 1 116 1112535 1027148
5 0.342005 0 0 1143568 1000079
5 0.343005 2 120 1117302 1027015
5 0.344005 1 128 1111762 900048
5 0.345005 0 0 1143313 857109
5 0.346005 1 167 1115145 1003237
5 0.347005 1 157 1115789 1029370
5 0.348005 0 1 1140881 998184
5 0.349005 1 139 1113639 897320
5 0.350005 1 163 1117318 1026671
5 0.351005 1 122 1120682 1000549
5 0.352005 0 1 1140165 988193
5 0.353005 1 113 1117059 1027053
5 0.354005 1 127 1114150 1032194
5 0.355005 0 0 1143437 857208
5 0.356005 1 139 1114629 904076
5 0.357005 1 144 1116609 1027648
5 0.358005 1 133 1108575 1039694
5 0.359005 0 0 1143421 857148
5 0.360005 0 142 1113496 971298
5 0.361005 1 133 1115214 1029108
5 0.362005 0 0 1143459 1000016
5 0.363005 1 119 1116696 888285
5 0.364005 2 146 1114965 1015282
5 0.365005 0 0 1143029 856927
5 0.366005 1 145 1117130 1027086
5 0.367005 1 145 1116699 957747
5 0.368005 1 112 1111847 890377
5 0.369005 0 0 1143110 999700
5 0.370005 1 128 1116788 934971
5 0.371005 1 146 1112424 894940
5 0.372005 0 1 1140746 855615
5 0.373005 1 139 1116770 911968
5 0.374005 1 120 1117018 942948
5 0.375005 0 0 1143395 999916
5 0.376005 1 109 1110639 892542
5 0.377005 1 120 1113476 1031655
5 0.378005 1 142 1114264 892348
5 0.379005 0 0 1143327 857119
5 0.380005 1 131 1114461 995885
5 0.381005 1 113 1113072 992889
5 0.382005 0 0 1143321 999884
5 0.383005 1 118 1117157 1026827
5 0.384005 2 151 1113366 954212
5 0.385005 1 146 1114034 1028757
5 0.386005 0 0 1143424 857196
5 0.387005 1 120 1116552 974529
5 0.388005 2 152 1111592 900670
5 0.389005 0 0 1143210 857012
5 0.390005 2 140 1117226 918139
5 0.391005 1 135 1111285 988191
5 0.392005 0 1 1140881 865163
5 0.393005 1 143 1116619 896235
5 0.394005 1 125 1117104 887538
5 0.395005 1 118 1112129 906610
5 0.396005 0 1 1140822 855656
5 0.397005 1 158 1117103 887602
5 0.398005 1 124 1114518 997850
5 0.399005 0 0 1143553 1000098
5 0.400005 1 122 1112261 897126
5 0.401005 1 127 1115913 972201
5 0.402005 0 0 1143432 999984
5 0.403005 0 134 1124871 1013112
5 0.404005 1 118 1114526 935598
5 0.405005 1 135 1112839 1033058
5 0.406005 0 0 1143459 857263
5 0.407005 1 143 1116032 992433
5 0.408005 2 144 1113902 894900
5 0.409005 0 0 1143049 856901
5 0.410005 1 163 1117018 1014194
5 0.411005 1 129 1109981 1038267
5 0.412006 3 117 1111334 1002937
5 0.413006 0 0 1142854 999487
5 0.414005 1 113 1115974 887863
5 0.415005 1 124 1112007 922910
5 0.416005 0 1 1140342 864723
5 0.417005 1 151 1116687 916830
5 0.418005 1 129 1116023 978879
5 0.419005 0 0 1143246 857027
5 0.420005 1 125 1115074 885486
5 0.421005 3 112 1109331 920492
5 0.422005 3 144 1114104 892111
5 0.423005 0 0 1143442 857204
5 0.424005 1 142 1112789 1018491
5 0.425005 2 148 1111142 897015
5 0.426005 0 0 1143360 999957
5 0.427005 5 116 1118200 1004329
5 0.428005 1 169 1113288 957340
5 0.429005 1 121 1135594 867430
5 0.430005 0 11 1132151 865285
5 0.431005 2 138 1116878 969767
5 0.432005 1 130 1111976 911831
5 0.433005 0 0 1143147 857000
5 0.434005 1 119 1117417 1026763
5 0.435005 1 114 1120180 1022280
5 0.436005 0 1 1141071 856018
5 0.437005 1 134 1116977 886960
5 0.438005 1 144 1117198 955347
5 0.439005 1 151 1113460 893604
5 0.440005 0 1 1140775 855586
5 0.441005 2 127 1116320 979104
5 0.442005 1 137 1114326 892268
5 0.443005 0 0 1143435 857214
5 0.444005 1 151 1114577 886768
5 0.445005 1 123 1116601 887425
5 0.446005 0 0 1143417 999946
5 0.447005 1 114 1115200 890886
5 0.448005 1 132 1113905 1017174
5 0.449005 1 144 1113025 1017081
5 0.450005 0 0 1143271 999877
5 0.451005 1 121 1110894 913367
5 0.452005 3 103 1121918 963573
5 0.453005 0 0 1142942 856840
5 0.454005 1 130 1116729 905219
5 0.455005 1 153 1117048 950600
5 0.456005 1 119 1110018 1021366
5 0.457005 0 0 1142989 856878
5 0.458005 6 135 1117329 1027138
5 0.459005 1 117 1114470 1031337
5 0.460005 0 1 1138716 996295
5 0.461005 1 142 1116388 995793
5 0.462005 2 122 1111565 988552
5 0.463005 0 0 1143399 857189
5 0.464005 1 139 1120894 875619
5 0.465005 1 111 1116220 957044
5 0.466005 1 126 1112619 894740
5 0.467005 0 0 1143444 999953
5 0.468005 1 154 1114779 989369
5 0.469005 1 138 1112045 895756
5 0.470005 0 0 1143479 857224
5 0.471005 1 171 1115679 1006404
5 0.472005 3 167 1114594 885846
5 0.473005 0 0 1143261 999829
5 0.474005 1 120 1114647 891403
5 0.475005 1 141 1111450 1035883
5 0.476005 1 147 1110241 1004904
5 0.477005 0 0 1143311 999845
5 0.478005 1 127 1116905 989307
5 0.479005 2 137 1113517 893556
5 0.480005 0 1 1141024 865291
5 0.481005 1 122 1116311 1012312
5 0.482005 1 139 1117378 963126
5 0.483005 2 150 1114370 1031430
5 0.484005 0 1 1141063 988913
5 0.485005 1 144 1115023 942641
5 0.486005 1 129 1113185 1032940
5 0.487005 0 0 1143403 857136
5 0.488005 1 125 1114572 1025375
5 0.489005 1 140 1116575 977559
5 0.490005 0 0 1143321 857142
5 0.491005 2 131 1116444 1028149
5 0.492005 1 121 1114625 1015228
5 0.493005 1 127 1114424 903886
5 0.494005 0 0 1143545 857263
5 0.495005 1 149 1116808 932185
5 0.496006 1 156 1095796 950254
5 0.497005 0 0 1141648 998448
5 0.498005 1 140 1116826 1004015
5 0.499005 1 128 1116727 887870
5 0.500005 0 4 1138470 997623
5 0.501006 1 148 1114300 1029158
5 0.502005 1 132 1123771 952790
5 0.503005 1 154 1109844 1037751
5 0.504005 0 4 1138270 865376
5 0.505005 2 145 1102134 970283
5 0.506005 112 180 1112694 1031838
5 0.507009 5 0 1148702 862962
5 0.508009 546 142 1104813 975059
5 0.509008 1506 77 1021338 961615
5 0.510008 75 0 980346 976715
5 0.511015 5632 78 1052789 983667
5 0.512007 8301 114 1086641 894936
5 0.513007 0 0 1137957 899551
5 0.514008 801 140 1111552 931265
5 0.515014 6245 104 1087588 1005947
5 0.516008 2021 117 1098832 899944
5 0.517007 218 3 1137182 949309
5 0.518008 499 142 1122259 956772
5 0.519008 248 144 1113739 953179
5 0.520008 0 1 1128135 961271
5 0.521009 470 118 1049152 999569
5 0.522012 6592 27 974906 1035629
5 0.523010 42 1 978030 909672
5 0.524012 9959 11 1028540 1049873
5 0.525007 1772 112 1101731 892779
5 0.526009 0 0 1140773 938695
5 0.527007 771 98 1106362 949241
5 0.528009 909 121 1111078 937953
5 0.529008 0 0 1138241 977589
5 0.530007 564 92 1119453 886198
5 0.531008 802 134 1119153 972043
5 0.532008 4 3 1119095 891262
5 0.533007 1080 139 1114730 941278
5 0.534008 356 157 1060995 949280
5 0.535007 1807 156 1074543 939318
5 0.536008 0 5 1130184 990808
5 0.537008 551 134 1115804 971779
5 0.538008 2486 95 1029820 1024402
5 0.539023 82 2 1013388 1087711
5 0.540010 9454 39 931754 950485
5 0.541008 2869 89 1111507 936618
5 0.542008 0 0 1139282 957874
5 0.543010 422 125 1127458 927922
5 0.544008 581 140 1096213 902937
5 0.545007 0 0 1138248 922987
5 0.546009 403 151 1122461 940626
5 0.547007 271 167 1111797 972486
5 0.548009 0 3 1135683 881314
5 0.549007 631 155 1111985 964890
5 0.550005 459 130 1112769 1022713
5 0.551007 623 148 1057182 1007539
5 0.552005 0 3 1127844 859488
5 0.553005 50 133 1115926 971186
5 0.554005 2 121 1112139 1034310
5 0.555005 0 0 1143348 999939
5 0.556005 1 135 1111177 1025352
5 0.557005 1 118 1113687 891473
5 0.558005 0 0 1143442 857216
5 0.559005 1 129 1117076 887325
5 0.560005 3 127 1111176 1016128
5 0.561005 5 174 1111249 1035332
5 0.562005 0 0 1143499 1000070
5 0.563005 1 127 1117095 887627
5 0.564005 1 162 1089186 1033728
5 0.565005 0 0 1142690 856656
5 0.566005 5 110 1116599 1027919
5 0.567005 3 139 1117323 887275
5 0.568006 0 4 1137979 988245
5 0.569005 3 129 1113228 889900
5 0.570005 1 116 1116884 961020
5 0.571005 1 156 1113488 1033045
5 0.572005 0 4 1141569 1000821
5 0.573005 1 131 1111276 982181
5 0.574005 1 142 1113942 1031967
5 0.575005 0 0 1143424 857217
5 0.576005 1 153 1111095 896906
5 0.577005 1 127 1116272 968701
5 0.578005 1 124 1132986 1012779
5 0.579005 0 10 1133466 1005949
5 0.580005 1 131 1110708 930052
5 0.581005 1 122 1113762 1010696
5 0.582005 0 0 1143373 999958
5 0.583005 1 162 1115826 1029027
5 0.584005 8 137 1111000 939416
5 0.585005 0 0 1143172 999760
5 0.586005 1 136 1117236 1027045
5 0.587005 1 115 1117415 887227
5 0.588005 1 146 1120779 996466
5 0.589005 0 0 1142553 999207
5 0.590005 1 133 1114524 940505
5 0.591005 1 134 1114110 1031820
5 0.592005 0 4 1137572 988442
5 0.593005 1 84 1115432 888683
5 0.594005 9 124 1116049 976171
5 0.595005 0 0 1143357 857146
5 0.596005 1 162 1112812 886650
5 0.597005 1 138 1116608 1026801
5 0.598005 1 110 1115885 904962
5 0.599005 0 0 1143365 857162
5 0.600005 1 148 1111035 919401
5 0.601005 2 114 1111099 1035650
5 0.602005 0 0 1143388 999990
5 0.603005 1 148 1114153 1031723
5 0.604005 1 96 1112541 955631
5 0.605005 1 152 1118680 888167
5 0.606005 0 7 1142058 856915
5 0.607005 1 120 1115575 972844
5 0.608005 1 131 1109381 922877
5 0.609005 0 0 1143081 999721
5 0.610005 1 134 1111891 930396
5 0.611005 1 174 1118641 1024316
5 0.612005 0 1 1140583 997925
5 0.613005 1 127 1117123 1014872
5 0.614005 1 142 1117294 958801
5 0.615005 1 158 1114211 1023906
5 0.616005 0 1 1141132 988991
5 0.617005 1 141 1117026 887283
5 0.618005 1 159 1110974 927985
5 0.619005 0 0 1143235 857041
5 0.620005 1 117 1114692 1007895
5 0.621005 1 156 1117053 940898
5 0.622005 0 0 1143402 857159
5 0.623005 2 147 1116771 1027261
5 0.624005 1 138 1111695 962990
5 0.625005 1 175 1113777 907806
5 0.626005 0 0 1143277 999840
5 0.627005 1 122 1114196 1031663
5 0.628005 2 164 1114082 1025409
5 0.629005 0 0 1143130 999724
5 0.630005 2 140 1117538 904779
5 0.631005 1 160 1116940 965543
5 0.632005 1 162 1101172 936005
5 0.633005 0 2 1142513 856499
5 0.634005 2 138 1117003 970600
5 0.635005 1 119 1114527 1030984
5 0.636005 0 1 1140588 988501
5 0.637005 22 144 1116742 995932
5 0.638005 1 151 1114258 935054
5 0.639005 0 0 1143356 857172
5 0.640005 2 137 1108051 902719
5 0.641005 1 112 1115475 957562
5 0.642005 1 145 1114309 899545
5 0.643005 0 0 1143353 999939
5 0.644005 1 146 1114568 986347
5 0.645005 1 132 1111629 1004679
5 0.646005 0 0 1143470 857219
5 0.647005 1 119 1117020 913602
5 0.648005 1 132 1114638 1016192
5 0.649005 0 0 1143203 857024
5 0.650005 1 120 1115569 890450
5 0.651005 1 132 1117225 963602
5 0.652005 1 113 1116619 911168
5 0.653005 0 0 1142892 856806
5 0.654005 1 145 1116083 889538
5 0.655005 1 158 1115341 1029528
5 0.656005 0 1 1139032 996603
5 0.657005 0 124 1117269 887255
5 0.658005 1 162 1116999 964805
5 0.659005 1 158 1113947 1031951
5 0.660005 0 1 1140838 865103
5 0.661005 1 133 1116278 888344
5 0.662005 1 130 1113012 1033207
5 0.663005 0 0 1143319 999859
5 0.664005 1 122 1114026 1016473
5 0.665005 1 149 1116688 1027535
5 0.666005 0 0 1143541 857253
5 0.667005 0 148 1117333 886970
5 0.668005 1 148 1114624 895862
5 0.669005 1 150 1113471 892978
5 0.670005 0 0 1143529 1000119
5 0.671005 1 150 1116904 981980
5 0.672005 1 122 1105719 1030136
5 0.673005 0 0 1143065 999659
5 0.674005 1 142 1115084 914610
5 0.675005 1 129 1115429 890370
5 0.676005 0 1 1141100 998402
5 0.677005 1 125 1115857 1028152
5 0.678005 1 141 1117333 948097
5 0.679005 1 146 1112650 912832
5 0.680005 0 1 1141006 865278
5 0.681005 1 145 1117148 925585
5 0.682005 1 142 1113945 893198
5 0.683005 0 0 1143450 1000032
5 0.684005 1 153 1112800 889497
5 0.685005 1 107 1117160 887126
5 0.686005 1 154 1114617 1027605
5 0.687005 0 0 1143365 857142
5 0.688005 1 150 1114963 1024920
5 0.689005 1 124 1115257 1029282
5 0.690005 0 0 1143468 1000045
5 0.691005 1 146 1117469 997058
5 0.692005 1 137 1114815 975718
5 0.693005 0 0 1143231 999817
5 0.694005 2 132 1116913 894240
5 0.695005 2 139 1116417 961667
5 0.696005 1 133 1111509 1017581
5 0.697005 0 0 1143270 999831
5 0.698005 1 130 1115320 986002
5 0.699005 1 140 1111779 896297
5 0.700005 0 1 1140012 864508
5 0.701005 2 141 1117064 908479
5 0.702005 1 126 1117015 1027445
5 0.703005 1 137 1131440 873511
5 0.704005 0 11 1131671 995351
5 0.705005 1 147 1113920 949818
5 0.706005 1 143 1114268 1009887
5 0.707005 0 0 1143094 999638
5 0.708005 1 140 1114002 1016400
5 0.709005 1 126 1110814 1035927
5 0.710005 0 0 1143330 857129
5 0.711007 7 77 1000264 1023009
5 0.712011 4351 55 951515 1014854
5 0.713006 0 0 1107883 869276
5 0.714005 2737 156 1112683 916624
5 0.715005 67 147 1116373 887732
5 0.716005 0 4 1135717 985656
5 0.717005 26 142 1113866 890886
5 0.718005 1 115 1116956 887409
5 0.719005 1 145 1110755 898052
5 0.720005 4 5 1112591 846371
5 0.721005 14 134 1116517 935786
5 0.722005 4 130 1114170 923098
5 0.723005 0 0 1143374 999982
5 0.724005 1 139 1112427 903824
5 0.725005 1 156 1116515 1027469
5 0.726005 0 0 1143552 857303
5 0.727005 1 162 1117006 1025004
5 0.728005 1 159 1114037 1025308
5 0.729005 2 153 1112930 1016611
5 0.730005 0 0 1143428 857199
5 0.731005 1 143 1116804 987904
5 0.732005 1 132 1114397 977022
5 0.733005 0 0 1143371 857131
5 0.734005 1 134 1116407 1011798
5 0.735005 1 136 1117379 950325
5 0.736005 1 144 1111661 1027717
5 0.737005 0 0 1135297 890018
5 0.738005 3 147 1115087 1029037
5 0.739005 1 99 1113122 893916
5 0.740005 0 1 1140552 864830
5 0.741005 1 136 1116610 1026865
5 0.742005 1 136 1114188 1031739
5 0.743005 0 1 1135939 1004723
5 0.744005 24 132 1112289 896445
5 0.745005 1 102 1116065 958798
5 0.746005 1 141 1110986 1028582
5 0.747005 0 0 1143351 857134
5 0.748005 1 145 1113310 1017834
5 0.749005 2 108 1112699 1002545
5 0.750005 0 0 1143231 999789
5 0.751005 1 118 1117039 1026975
5 0.752005 1 148 1117403 1014170
5 0.753005 6 0 1136757 852773
5 0.754005 1 172 1116336 1028389
5 0.755005 0 119 1116579 888471
5 0.756005 3 159 1111903 1017900
5 0.757005 0 0 1142947 856862
5 0.758005 1 156 1115561 989944
5 0.759005 1 130 1113665 993872
5 0.760005 0 1 1138910 987100
5 0.761005 2 143 1116840 905371
5 0.762005 1 131 1115306 968573
5 0.763005 2 133 1113445 1031824
5 0.764005 0 1 1140689 998046
5 0.765005 1 126 1116618 971768
5 0.766005 1 134 1110718 898499
5 0.767005 0 0 1143424 999953
5 0.768005 1 158 1114112 1025979
5 0.769005 1 120 1116694 934103
5 0.770005 0 0 1143346 857149
5 0.771005 1 131 1112836 1033513
5 0.772005 1 121 1114802 894883
5 0.773005 1 118 1113089 893513
5 0.774005 0 0 1143359 857151
5 0.775005 1 124 1113970 893100
5 0.776005 1 137 1110527 1000622
5 0.777005 0 0 1143051 856886
5 0.778005 1 131 1117386 912709
5 0.779005 1 122 1117111 887652
5 0.780005 0 1 1140131 988124
5 0.781005 1 107 1116489 887524
5 0.782005 1 125 1116996 887923
5 0.783005 2 115 1113917 1032042
5 0.784005 0 1 1140361 864694
5 0.785005 1 137 1116143 1028519
5 0.786005 1 122 1113640 1032404
5 0.787005 0 0 1143407 857164
5 0.788005 1 129 1114875 1025034
5 0.789005 1 127 1116482 887258
5 0.790005 1 139 1111633 896728
5 0.791005 0 0 1143315 857084
5 0.792005 1 159 1114551 971393
5 0.793005 1 126 1114119 917218
5 0.794005 0 0 1143438 857208
5 0.795005 1 114 1117153 887654
5 0.796005 1 130 1112057 1029880
5 0.797005 0 0 1143070 856962
5 0.798005 1 112 1117116 887770
5 0.799005 1 133 1116742 959148
5 0.800005 1 135 1110844 1021882
5 0.801005 0 0 1134943 1003129
5 0.802005 1 101 1116144 1027890
5 0.803005 1 129 1114033 1031602
5 0.804005 0 1 1140131 988096
5 0.805005 4 150 1115995 1003960
5 0.806005 1 133 1117545 970881
5 0.807005 0 0 1143487 857213
5 0.808005 1 147 1114426 1019680
5 0.809005 1 134 1115834 889088
5 0.810005 1 133 1114088 911179
5 0.811005 0 0 1143352 999912
5 0.812005 1 112 1114713 914259
5 0.813005 1 146 1114004 1031457
5 0.814005 0 0 1143398 999969
5 0.815005 0 159 1112301 895308
5 0.816005 1 141 1114764 885942
5 0.817005 1 126 1113444 892871
5 0.818005 0 0 1143500 857244
5 0.819005 1 156 1114975 891242
5 0.820005 2 139 1110825 1019336
5 0.821005 0 0 1143269 999844
5 0.822005 1 116 1117528 917698
5 0.823005 1 108 1114679 891649
5 0.824005 0 1 1140808 998117
5 0.825005 1 130 1116954 1026802
5 0.826005 1 125 1117175 887461
5 0.827005 1 121 1113784 904744
5 0.828005 0 1 1141013 855835
5 0.829005 1 140 1115982 932981
5 0.830005 1 122 1113108 998870
5 0.831005 0 0 1143340 857112
5 0.832005 1 145 1114998 1012211
5 0.833005 1 141 1115476 971871
5 0.834005 1 153 1138399 864145
5 0.835005 0 10 1130687 866337
5 0.836005 1 120 1114558 934737
5 0.837005 1 133 1112949 1012519
5 0.838005 0 0 1143439 857185
5 0.839005 1 126 1115447 994122
5 0.840005 1 135 1113609 1017077
5 0.841005 0 0 1143099 999693
5 0.842005 2 138 1112597 895446
5 0.843005 4 119 1108949 920771
5 0.844005 1 158 1111144 1020624
5 0.845005 0 0 1143073 999679
5 0.846005 1 154 1115758 977605
5 0.847005 1 154 1112817 1033641
5 0.848005 0 1 1140945 855776
5 0.849005 1 132 1113946 1001026
5 0.850005 1 130 1115778 977049
5 0.851005 0 0 1143395 857155
5 0.852005 14 119 1091295 881335
5 0.853005 1 106 1124259 944852
5 0.854005 1 152 1113561 893431
5 0.855005 0 0 1143300 857120
5 0.856005 1 143 1112847 1027151
5 0.857005 1 145 1113923 998040
5 0.858005 0 0 1143497 857261
5 0.859005 1 122 1116261 1028673
5 0.860005 2 131 1114705 968429
5 0.861005 0 0 1143109 999691
5 0.862005 1 42 1126187 871153
5 0.863005 1 141 1116922 887706
5 0.864005 1 105 1110661 1011577
5 0.865005 0 0 1142961 856879
5 0.866005 1 154 1115519 1029528
5 0.867005 1 158 1113023 893924
5 0.868005 0 1 1140951 988834
5 0.869005 1 131 1116713 887476
5 0.870005 0 136 1117277 887918
5 0.871005 1 146 1112702 1033712
5 0.872005 0 1 1140869 855720
5 0.873005 1 141 1116610 938797
5 0.874005 0 127 1114201 920858
5 0.875005 0 0 1143199 857017
5 0.876005 1 137 1113789 1008286
5 0.877005 2 128 1116420 1027455
5 0.878005 0 0 1143253 857059
5 0.879005 1 118 1116969 892452
5 0.880005 1 123 1106624 951525
5 0.881005 1 138 1114489 1017735
5 0.882005 0 0 1143578 857301
5 0.883005 2 149 1116473 888775
5 0.884005 1 157 1114040 989496
5 0.885005 0 0 1143297 999891
5 0.886005 1 130 1117510 1026536
5 0.887005 1 153 1117075 887526
5 0.888005 1 118 1118616 1015911
5 0.889005 0 11 1138852 858858
5 0.890005 1 136 1113214 951111
5 0.891005 2 117 1113766 1032005
5 0.892005 0 1 1140871 865143
5 0.893005 1 143 1116870 887764
5 0.894005 1 141 1117020 982672
5 0.895005 0 0 1143472 857205
5 0.896005 1 117 1112885 900407
5 0.897005 1 156 1116780 1026823
5 0.898005 1 121 1114305 1023544
5 0.899005 0 0 1143347 999892
5 0.900005 1 143 1113843 977880
5 0.901005 1 137 1118082 1026415
5 0.902005 0 0 1142607 856556
5 0.903005 1 146 1114590 1030552
5 0.904005 1 152 1113822 885888
5 0.905005 0 0 1143213 999819
5 0.906005 1 143 1115893 889498
5 0.907005 1 126 1117196 964195
5 0.908005 1 140 1108803 1009366
5 0.909005 0 0 1143296 999872
5 0.910005 1 143 1117423 986628
5 0.911005 1 126 1113772 932016
5 0.912005 0 1 1140872 988751
5 0.913005 1 141 1117344 1008839
5 0.914005 1 143 1117297 887718
5 0.915005 1 123 1114464 892398
5 0.916005 0 1 1141215 998488
5 0.917005 1 143 1114908 1030202
5 0.918005 1 132 1113797 1008115
5 0.919005 0 0 1143414 857157
5 0.920005 1 156 1113541 910320
5 0.921005 2 130 1114007 1031314
5 0.922005 0 0 1143541 857292
5 0.923005 1 158 1116792 897670
5 0.924005 1 117 1113567 1017701
5 0.925005 1 149 1112610 1024368
5 0.926005 0 0 1143406 857175
5 0.927005 1 144 1116761 981041
5 0.928005 1 165 1110839 990113
5 0.929005 0 0 1143317 999890
5 0.930005 1 112 1115238 1005956
5 0.931005 1 129 1116706 972205
5 0.932005 0 1 1140938 998235
5 0.933005 1 122 1116494 1027499
5 0.934005 1 134 1116713 887859
5 0.935005 2 152 1112703 1033987
5 0.936005 0 1 1140846 988749
5 0.937005 1 118 1116922 887051
5 0.938005 1 132 1113738 933988
5 0.939005 0 0 1143364 857167
5 0.940005 2 122 1108370 1023574
5 0.941005 1 147 1116538 888040
5 0.942005 1 148 1114370 1031485
5 0.943005 0 0 1143348 999966
5 0.944005 1 126 1113597 983917
5 0.945005 1 149 1112065 1008060
5 0.946005 0 0 1143435 999995
5 0.947005 1 130 1116828 919342
5 0.948005 2 148 1114019 896704
5 0.949005 0 0 1143191 999780
5 0.950005 1 144 1115791 1029102
5 0.951005 1 146 1116947 887577
5 0.952005 1 109 1118185 944902
5 0.953005 0 0 1143009 856802
5 0.954005 9 110 1118012 925052
5 0.955005 1 135 1113094 892038
5 0.956005 0 0 1139641 854845
5 0.957005 1 125 1116301 887999
5 0.958005 1 117 1116798 888247
5 0.959005 1 139 1135500 867933
5 0.960005 0 11 1129670 863788
5 0.961005 1 158 1114540 949044
5 0.962005 2 129 1114447 912945
5 0.963005 0 0 1143229 999808
5 0.964005 1 140 1114650 1016071
5 0.965005 1 123 1112184 894322
5 0.966005 0 0 1143555 857307
5 0.967005 1 128 1116408 1015353
5 0.968005 1 153 1113934 896670
5 0.969005 1 130 1114202 892028
5 0.970005 0 0 1143438 1000011
5 0.971005 1 134 1115626 939498
5 0.972005 1 126 1111792 1020230
5 0.973005 0 0 1142946 856854
5 0.974005 1 126 1117172 999445
5 0.975005 1 127 1115314 890512
5 0.976005 0 1 1141303 865482
5 0.977005 1 139 1116690 886714
5 0.978005 1 140 1116957 962594
5 0.979005 1 146 1113953 1017043
5 0.980005 0 1 1141218 989065
5 0.981005 1 134 1115796 1028324
5 0.982005 1 123 1114143 892824
5 0.983005 0 0 1143343 857123
5 0.984005 1 114 1114997 1025053
5 0.985005 1 146 1117321 886842
5 0.986005 1 147 1114413 892966
5 0.987005 0 0 1143385 999952
5 0.988005 1 135 1114969 885751
5 0.989005 1 154 1108233 924495
5 0.990005 0 0 1143424 999973
5 0.991005 2 147 1115539 923491
5 0.992005 1 144 1114672 1016046
5 0.993005 0 0 1143144 856996
5 0.994005 1 160 1117136 1016834
5 0.995005 1 139 1115609 1029464
5 0.996005 1 143 1111485 1012609
5 0.997005 0 0 1142930 856786
5 0.998005 2 132 1115781 980626
5 0.999005 1 119 1114113 923415
5 1.000005 0 1 1139708 987731
5 1.001005 1 145 1116885 1026754
5 1.002005 1 122 1112758 975375
5 1.003005 0 0 1143233 857070
5 1.004005 1 130 1114315 1024107
5 1.005005 1 167 1114158 1030907
5 1.006005 2 130 1110902 1037393
5 1.007005 0 0 1143368 857171
5 1.008005 1 177 1114292 918719
5 1.009005 2 116 1114837 990419
5 1.010005 0 0 1143320 857105
5 1.011005 1 160 1117226 887190
5 1.012005 27 117 1016390 1003641
5 1.013005 0 0 1141571 856013
5 1.014005 6 115 1115639 1022900
5 1.015005 1 138 1116028 956441
5 1.016005 9 143 1110123 911991
5 1.017005 0 0 1143367 999960
5 1.018005 1 137 1114771 1030859
5 1.019005 1 137 1112491 929341
5 1.020005 0 1 1140702 988642
5 1.021005 2 129 1116988 887437
5 1.022005 1 154 1117434 944663
5 1.023005 1 123 1137125 1007916
5 1.024005 0 10 1129002 1005785
5 1.025005 3 138 1114968 890713
5 1.026005 1 141 1114347 1011327
5 1.027005 0 0 1143492 1000044
5 1.028005 1 142 1113190 1015511
5 1.029005 1 138 1114020 935785
5 1.030005 0 0 1143510 857247
5 1.031005 1 119 1117461 886834
5 1.032005 1 128 1109770 1032730
5 1.033005 1 130 1113947 897625
5 1.034005 0 0 1143454 857225
5 1.035005 1 138 1116747 887782
5 1.036005 1 145 1111523 920326
5 1.037005 0 0 1143027 999621
5 1.038005 1 127 1117583 1026338
5 1.039005 1 136 1115026 942497
5 1.040005 0 1 1140821 988715
5 1.041005 1 111 1117214 1021913
5 1.042005 0 120 1117368 951992
5 1.043005 1 124 1114565 906438
5 1.044005 0 1 1140876 998191
5 1.045005 1 128 1115266 986976
5 1.046005 1 159 1114545 1031214
5 1.047005 0 0 1143582 1000094
5 1.048005 1 136 1109302 904515
5 1.049005 1 158 1113954 891643
5 1.050005 1 139 1120706 1026504
5 1.051005 0 11 1139884 1000814
5 1.052005 1 133 1110264 990554
5 1.053005 3 135 1114969 889812
5 1.054005 0 0 1136213 986998
5 1.055005 1 125 1116707 991711
5 1.056005 1 158 1113895 981074
5 1.057005 0 0 1143206 999825
5 1.058005 1 156 1115288 890380
5 1.059005 1 122 1117320 954279
5 1.060006 3 141 1101176 1030765
5 1.061005 0 0 1142201 856277
5 1.062005 1 145 1114965 979047
5 1.063005 1 131 1114008 920541
5 1.064005 0 3 1135840 859774
5 1.065005 1 134 1117164 886660
5 1.066005 1 154 1116782 938501
5 1.067005 0 0 1143623 857315
5 1.068005 1 140 1114032 1025549
5 1.069005 1 126 1116576 960769
5 1.070005 1 122 1111321 1023602
5 1.071005 0 0 1143357 857138
5 1.072005 1 151 1114145 982758
5 1.073005 2 137 1114102 995251
5 1.074005 0 0 1143396 857194
5 1.075005 1 150 1113926 913968
5 1.076005 1 153 1114084 968013
5 1.077005 2 120 1132016 1013899
5 1.078005 0 11 1133961 1005412
5 1.079005 1 139 1116898 887702
5 1.080005 1 148 1105607 1039422
5 1.081005 0 0 1142965 856873
5 1.082005 1 142 1116321 888981
5 1.083005 1 127 1111602 896840
5 1.084005 0 1 1140816 998147
5 1.085005 1 139 1116807 1013619
5 1.086005 2 121 1117343 887478
5 1.087005 1 140 1114186 892838
5 1.088005 0 1 1140967 988855
5 1.089005 1 114 1115613 1028543
5 1.090005 2 144 1115872 889734
5 1.091005 0 0 1143446 857208
5 1.092005 1 110 1114716 1024801
5 1.093005 2 129 1117103 887081
5 1.094005 0 0 1143459 857205
5 1.095005 1 121 1117578 890871
5 1.096005 1 107 1113539 1017857
5 1.097005 1 124 1113814 892312
5 1.098005 0 0 1143418 857177
5 1.099005 1 141 1116659 888023
5 1.100005 1 156 1113076 888885
5 1.101005 0 0 1143170 999742
5 1.102005 2 134 1117536 1026756
5 1.103005 1 140 1117038 887426
5 1.104005 1 153 1111422 1019933
5 1.105005 0 0 1143063 856932
5 1.106005 1 130 1114641 891994
5 1.107005 1 130 1113502 916669
5 1.108005 0 1 1140851 998162
5 1.109005 1 154 1115999 994789
5 1.110005 2 133 1113597 986642
5 1.111005 0 0 1143450 857250
5 1.112005 1 164 1114782 886838
5 1.113005 1 120 1116554 958821
5 1.114005 1 165 1108990 909719
5 1.115005 0 0 1131526 998297
5 1.116011 2372 160 1081603 963220
5 1.117005 559 116 1102064 1021231
5 1.118005 0 0 1143058 999625
5 1.119005 5 152 1114292 924427
5 1.120005 23 123 1106229 966975
5 1.121006 14 0 1081473 998257
5 1.122010 732 158 1015984 1010568
5 1.123006 4121 121 1103011 872362
5 1.124006 0 4 1132074 861920
5 1.125005 214 131 1122564 1013763
5 1.126005 4 136 1117034 957938
5 1.127005 3 135 1113423 1031238
5 1.128005 0 4 1137395 987320
5 1.129005 1 131 1113112 1032317
5 1.130005 1 115 1115129 922489
5 1.131005 0 0 1140472 997387
5 1.132005 14 156 1110820 1002391
5 1.133005 1 166 1111892 895348
5 1.134006 0 0 1115029 1018262
5 1.135005 89 148 1121886 1006691
5 1.136005 6 125 1108950 958340
5 1.137005 1 141 1113240 892989
5 1.138005 0 0 1143368 857152
5 1.139005 2 167 1116357 985740
5 1.140005 16 159 1111677 989069
5 1.141005 0 0 1143162 999797
5 1.142005 1 143 1115758 890029
5 1.143005 1 125 1112031 976086
5 1.144005 1 122 1128127 879719
5 1.145005 0 9 1132606 863937
5 1.146005 1 148 1115266 971793
5 1.147005 1 151 1113073 1033147
5 1.148005 0 4 1137826 856113
5 1.149005 1 130 1116167 888438
5 1.150005 2 135 1113227 1033157
5 1.151005 0 0 1143517 857255
5 1.152005 1 121 1105677 924381
5 1.153005 1 123 1124631 948180
5 1.154005 1 122 1113884 1032200
5 1.155005 0 0 1143260 857093
5 1.156006 3 135 1109130 933490
5 1.157005 2 134 1112769 919425
5 1.158005 0 0 1143472 857239
5 1.159005 1 131 1112566 1005368
5 1.160005 1 115 1106069 970702
5 1.161005 0 0 1142842 999507
5 1.162005 1 127 1117312 1019998
5 1.163005 1 130 1116382 961957
5 1.164005 1 146 1101185 923940
5 1.165005 0 0 1143004 856880
5 1.166005 28 131 1118043 927405
5 1.167005 1 151 1111760 928392
5 1.168006 0 4 1137117 856542
5 1.169005 3 111 1111813 915965
5 1.170005 1 166 1116979 1026856
5 1.171005 0 0 1143358 857139
5 1.172005 2 165 1111795 895166
5 1.173005 1 144 1116854 965893
5 1.174005 1 135 1111767 1035008
5 1.175005 0 0 1143423 999996
5 1.176005 1 116 1111925 890409
5 1.177005 4 110 1114005 1031557
5 1.178005 0 0 1143478 857236
5 1.179005 2 135 1113145 894167
5 1.180005 1 147 1113215 1014986
5 1.181005 1 118 1112864 894573
5 1.182005 0 0 1143473 857237
5 1.183005 1 122 1117060 1027054
5 1.184005 1 126 1111572 1020691
5 1.185005 0 0 1143365 999940
5 1.186005 1 152 1117753 886570
5 1.187005 1 136 1117412 977812
5 1.188005 0 1 1140783 988692
5 1.189005 1 148 1116100 1027870
5 1.190005 1 131 1116755 1027727
5 1.191005 1 151 1115023 902491
5 1.192005 0 1 1140970 855804
5 1.193005 1 132 1115274 889529
5 1.194005 1 153 1114350 892127
5 1.195005 0 0 1143315 857117
5 1.196005 1 132 1114526 898301
5 1.197005 2 129 1116605 888125
5 1.198005 1 143 1137039 1008109
5 1.199005 0 10 1131756 866081
5 1.200005 1 127 1113971 967249
5 1.201005 1 139 1109924 1017540
5 1.202005 0 0 1143261 857081
5 1.203005 1 127 1115703 889936
5 1.204005 1 138 1114377 895826
5 1.205005 0 0 1143302 999843
5 1.206005 1 118 1116810 1014902
5 1.207005 1 135 1117239 960172
5 1.208005 13 128 1104778 1025630
5 1.209005 0 0 1143151 999745
5 1.210005 1 138 1116883 1027161
5 1.211005 1 147 1115655 1029188
5 1.212005 0 1 1140617 988543
5 1.213005 1 132 1116324 1000034
5 1.214005 1 145 1112639 1034534
5 1.215005 0 0 1143457 857249
5 1.216005 1 151 1113799 892863
5 1.217005 1 129 1116763 961827
5 1.218005 1 135 1114285 1031620
5 1.219005 0 0 1143465 1000015
5 1.220005 1 130 1113528 994932
5 1.221005 1 131 1113249 893136
5 1.222005 0 0 1143506 857250
5 1.223005 1 134 1116422 888850
5 1.224005 1 124 1114455 1015716
5 1.225005 1 117 1120950 1026844
5 1.226005 0 10 1139187 1001497
5 1.227005 2 120 1116918 944890
5 1.228005 3 129 1109726 915861
5 1.229005 0 0 1142927 856833
5 1.230005 1 119 1111086 1037087
5 1.231005 0 143 1110072 942761
5 1.232005 0 4 1137658 866047
5 1.233005 2 142 1116553 1027465
5 1.234005 1 156 1115193 1030113
5 1.235005 1 141 1110985 897866
5 1.236005 0 1 1140665 988586
5 1.237005 1 154 1116760 975292
5 1.238005 1 124 1112792 1033659
5 1.239005 0 0 1143408 999928
5 1.240005 1 112 1112044 915330
5 1.241005 1 154 1117311 975913
5 1.242005 0 0 1143452 857215
5 1.243005 1 120 1117299 1026528
5 1.244005 1 122 1112700 1018331
5 1.245005 1 143 1113233 1020213
5 1.246005 0 0 1143481 857284
5 1.247005 1 143 1116181 931655
5 1.248005 1 137 1109707 939343
5 1.249005 0 0 1143415 857210
5 1.250005 1 153 1116761 888149
5 1.251005 1 125 1117578 946372
5 1.252005 2 112 1123631 883245
5 1.253005 0 11 1139953 857542
5 1.254005 4 163 1116962 970759
5 1.255005 1 119 1114194 1031874
5 1.256005 0 1 1140370 988344
5 1.257005 8 152 1116828 887100
5 1.258005 1 144 1117303 932376
5 1.259005 0 0 1143313 999883
5 1.260005 1 146 1114562 887551
5 1.261005 1 136 1116759 958676
5 1.262005 1 140 1113642 1032315
5 1.263005 0 0 1143408 857139
5 1.264005 1 109 1114211 935026
5 1.265005 1 143 1113864 1000177
5 1.266005 0 0 1136314 867205
5 1.267005 2 144 1117007 887560
5 1.268005 2 161 1108453 972426
5 1.269005 0 0 1143046 856942
5 1.270005 1 158 1116928 1023696
5 1.271005 1 112 1118045 944152
5 1.272005 1 145 1108228 1008139
5 1.273005 0 0 1142759 999409
5 1.274005 1 123 1116805 929747
5 1.275005 1 106 1114503 929694
5 1.276005 0 1 1140120 997510
5 1.277005 1 160 1116803 1025639
5 1.278005 1 148 1116981 948872
5 1.279005 1 146 1113936 1030739
5 1.280005 0 1 1140793 988680
5 1.281005 1 143 1116813 1027027
5 1.282005 1 127 1112788 1033607
5 1.283005 0 0 1143294 999869
5 1.284005 1 113 1114817 885562
5 1.285005 1 132 1111777 1034868
5 1.286005 0 0 1143412 857158
5 1.287005 1 108 1115641 1029349
5 1.288005 0 131 1114505 956034
5 1.289005 1 164 1108113 909897
5 1.290005 0 0 1143376 857132
5 1.291005 1 131 1115775 937722
5 1.292005 1 159 1110681 1000917
5 1.293005 0 0 1143037 856902
5 1.294005 1 139 1112558 895663
5 1.295005 1 118 1117312 940232
5 1.296005 0 1 1140736 988663
5 1.297005 1 129 1115832 1025412
5 1.298005 1 151 1117182 963820
5 1.299005 1 135 1108743 901679
5 1.300005 0 1 1140002 988011
5 1.301005 1 152 1114895 988734
5 1.302005 1 126 1113583 893260
5 1.303005 0 0 1143249 999812
5 1.304005 1 173 1114365 1015862
5 1.305005 1 156 1112651 973207
5 1.306005 2 130 1115552 892051
5 1.307005 0 0 1143146 999716
5 1.308005 1 121 1114046 942914
5 1.309005 1 111 1109449 1016830
5 1.310005 0 0 1143445 857208
5 1.311005 1 119 1116842 1027344
5 1.312005 1 123 1113586 932205
5 1.313005 0 0 1143006 999643
5 1.314005 1 152 1116850 887738
5 1.315005 1 136 1113977 964045
5 1.316005 1 148 1110379 892742
5 1.317005 0 0 1142902 999544
5 1.318005 1 136 1117507 977307
5 1.319005 2 142 1106555 934516
5 1.320005 0 1 1140827 988727
5 1.321005 1 135 1117024 999308
5 1.322005 1 133 1116849 974641
5 1.323005 0 0 1143336 857110
5 1.324005 1 155 1113203 1024552
5 1.325005 1 122 1116738 962814
5 1.326005 1 133 1113065 909341
5 1.327005 0 0 1143354 999982
5 1.328005 1 114 1113991 928175
5 1.329005 1 168 1114304 891578
5 1.330005 0 0 1143256 999870
5 1.331005 1 158 1113839 1013896
5 1.332005 1 137 1114736 1025148
5 1.333005 1 138 1112147 895723
5 1.334005 0 0 1143398 857217
5 1.335005 1 126 1115769 889794
5 1.336005 1 120 1110582 925132
5 1.337005 0 0 1142932 856833
5 1.338005 1 134 1116288 922371
5 1.339005 1 139 1115933 983195
5 1.340005 0 1 1140850 998172
5 1.341005 1 133 1117014 887129
5 1.342005 1 129 1116150 888877
5 1.343005 2 113 1110547 898278
5 1.344005 0 1 1140740 988669
5 1.345005 1 139 1115244 889852
5 1.346005 1 146 1114138 1000807
5 1.347005 0 0 1143260 857082
5 1.348005 1 110 1110503 1031551
5 1.349005 1 156 1117075 940138
5 1.350005 0 0 1143464 1000018
5 1.351005 1 147 1116948 890654
5 1.352005 1 128 1112921 897992
5 1.353005 1 128 1109381 1032514
5 1.354005 0 0 1143284 857097
5 1.355005 1 154 1117004 986145
5 1.356005 1 142 1114320 986290
5 1.357005 0 0 1143112 999698
5 1.358005 2 139 1116824 905828
5 1.359005 1 125 1116765 1027124
5 1.360005 1 162 1110543 891428
5 1.361005 0 0 1143148 856985
5 1.362005 1 137 1115962 1028682
5 1.363005 1 159 1113629 893701
5 1.364005 0 1 1140769 988664
5 1.365005 1 119 1116686 887398
5 1.366005 1 155 1116123 981999
5 1.367005 0 0 1143307 999875
5 1.368005 1 145 1115839 1023587
5 1.369005 1 134 1116387 958247
5 1.370005 1 134 1113530 1023178
5 1.371005 0 1 1136329 866462
5 1.372005 1 127 1114150 924051
5 1.373005 1 121 1113755 923736
5 1.374005 0 0 1143379 857167
5 1.375005 1 158 1116202 1028206
5 1.376005 1 144 1113383 897624
5 1.377005 0 1 1136818 1006002
5 1.378005 1 98 1116652 1025714
5 1.379005 1 122 1115422 1029510
5 1.380005 1 135 1109846 909715
5 1.381005 0 0 1142711 856664
5 1.382005 1 139 1115974 929577
5 1.383005 2 150 1113671 893624
5 1.384005 0 1 1140760 988648
5 1.385005 1 132 1115209 889958
5 1.386005 1 136 1116598 949837
5 1.387005 1 147 1113610 894504
5 1.388005 0 1 1140757 988711
5 1.389005 1 106 1116843 971992
5 1.390005 1 159 1114220 1007437
5 1.391005 0 0 1143334 857107
5 1.392005 1 136 1114709 1015748
5 1.393005 1 148 1116757 1026676
5 1.394005 0 0 1143446 857206
5 1.395005 1 152 1115846 1028887
5 1.396005 1 151 1113045 957547
5 1.397005 1 148 1113905 1031391
5 1.398005 0 0 1143428 999982
5 1.399005 1 129 1116791 888367
5 1.400005 1 151 1112343 1017389
5 1.401005 0 0 1143303 999863
5 1.402005 1 169 1116645 1027848
5 1.403005 1 120 1115966 1028949
5 1.404005 0 1 1140841 865150
5 1.405005 1 151 1114176 892155
5 1.406005 1 146 1117077 887552
5 1.407005 1 108 1114275 1013325
5 1.408005 0 1 1140869 855698
5 1.409005 0 123 1116297 989904
5 1.410005 1 140 1114548 990145
5 1.411005 0 0 1143456 1000032
5 1.412005 1 134 1114370 885950
5 1.413005 1 144 1112144 1034465
5 1.414005 1 146 1111645 1035428
5 1.415005 0 0 1143430 857186
5 1.416005 2 163 1113752 982244
5 1.417005 1 111 1113697 1006385
5 1.418005 0 0 1143441 857228
5 1.419005 1 155 1115662 889637
5 1.420005 1 136 1113687 1024548
5 1.421005 0 0 1143106 999724
5 1.422005 2 137 1117074 895573
5 1.423005 1 141 1113138 1032993
5 1.424005 1 152 1113205 1006681
5 1.425005 0 0 1143294 999875
5 1.426005 2 150 1116736 933211
5 1.427005 3 144 1114181 1031630
5 1.428005 0 1 1140721 865062
5 1.429005 1 119 1115491 1029367
5 1.430005 1 139 1117286 944945
5 1.431005 1 148 1139272 863214
5 1.432005 0 11 1127962 998280
5 1.433005 1 148 1116320 1027655
5 1.434005 1 123 1114134 892425
5 1.435005 0 0 1143447 1000010
5 1.436005 1 125 1113918 913380
5 1.437005 1 101 1111075 896270
5 1.438005 0 0 1143551 857285
5 1.439005 1 127 1116766 888252
5 1.440005 1 122 1112616 955224
