6 0.001014 3145 2823 216006 557811
6 0.002012 10388 7755 548490 1527077
6 0.003021 12863 8214 567582 1737301
6 0.004009 8190 10640 711650 1634195
6 0.005010 11807 8879 615432 1818022
6 0.006011 11530 9462 642540 1788296
6 0.007009 8281 9909 676891 1732482
6 0.008014 18729 5254 397785 2177486
6 0.009010 21253 5729 424450 2031808
6 0.010006 7903 10590 720893 1669779
6 0.011005 59 12982 851435 1486081
6 0.012005 0 13096 866867 1482931
6 0.013006 44 10295 765536 1579169
6 0.014005 0 12905 867890 1477459
6 0.015005 7 12950 853427 1489157
6 0.016005 2 12752 845484 1499296
6 0.017005 14 12612 856087 1464534
6 0.018005 5 12762 853561 1488480
6 0.019005 0 13069 866281 1484036
6 0.020005 232 12593 821337 1455133
6 0.021005 319 12617 856136 1483132
6 0.022005 7 12809 853558 1487732
6 0.023005 7 12634 847104 1498035
6 0.024009 3048 11571 779127 1622986
6 0.025010 9093 6756 476810 1893583
6 0.026010 2239 11023 747802 1628606
6 0.027005 1874 12483 826614 1521850
6 0.028005 25 13041 855680 1483503
6 0.029005 17 12477 841924 1490191
6 0.030005 0 12934 866455 1483752
6 0.031005 5 12977 856756 1484510
6 0.032005 5 13180 875340 1493869
6 0.033005 12 13061 880368 1538461
6 0.034005 1 13255 876786 1553438
6 0.035005 3 13680 898311 1536473
6 0.036004 3 13466 890484 1552494
6 0.037005 459 11733 805033 1428514
6 0.038005 54 13740 916536 1592354
6 0.039005 0 13918 929071 1591511
6 0.040004 7 13722 915172 1597160
6 0.041005 2 13170 881097 1538104
6 0.042006 0 13896 929999 1592160
6 0.043005 2 13727 917661 1591521
6 0.044004 3 13674 907509 1608167
6 0.045005 2 13011 878196 1516258
6 0.046005 2 13860 916575 1595798
6 0.047005 6 14002 929264 1591237
6 0.048004 12 13754 915291 1597552
6 0.049005 5 12895 870372 1554099
6 0.050005 0 14058 930962 1584790
6 0.051005 3 13896 917799 1594904
6 0.052004 0 13942 928868 1591322
6 0.053005 9 12946 864974 1513251
6 0.054005 3 13358 888786 1586596
6 0.055005 2 13912 929511 1591235
6 0.056004 3 13922 917577 1594808
6 0.057005 3 12996 888617 1533852
6 0.058005 4 13156 873702 1526424
6 0.059005 5 13818 908845 1606193
6 0.060004 0 13961 929244 1591181
6 0.061005 3 13142 881929 1538214
6 0.062005 0 13911 929159 1591197
6 0.063005 3 13798 916206 1596737
6 0.064004 3 13762 909446 1605530
6 0.065005 2 13152 893619 1534647
6 0.066005 2 13915 916675 1595502
6 0.067005 0 13891 929281 1591568
6 0.068004 2 14043 916844 1595495
6 0.069005 1 12989 879226 1542778
6 0.070005 2 14020 930263 1589650
6 0.071005 2 13967 916949 1595998
6 0.072004 6 13762 908823 1605911
6 0.073005 9 13245 893760 1535564
6 0.074005 3 13777 916716 1595276
6 0.075005 0 13696 928087 1593508
6 0.076004 3 13897 916634 1595640
6 0.077005 2 12897 873545 1549631
6 0.078005 0 14048 932867 1585667
6 0.079005 2 13945 916625 1596310
6 0.080004 0 13994 929369 1590953
6 0.081005 3 13187 880861 1539167
6 0.082005 1 13782 909138 1605237
6 0.083005 2 13978 932260 1587360
6 0.084004 2 14042 919731 1591580
6 0.085005 0 13243 895370 1534106
6 0.086005 3 13920 918648 1593049
6 0.087005 3 13581 907828 1607524
6 0.088004 0 14100 929333 1590773
6 0.089005 2 13039 878740 1543161
6 0.090005 0 13838 914826 1604329
6 0.091005 2 13889 927498 1586381
6 0.092004 3 13846 919420 1592074
6 0.093005 0 13126 891714 1538648
6 0.094005 3 13910 917033 1594998
6 0.095005 1 13678 906164 1610117
6 0.096004 2 14011 931783 1587477
6 0.097005 157 13881 1004160 1227541
6 0.098004 3 17078 1114794 1220582
6 0.099004 14 17584 1142912 1201882
6 0.100004 5 17183 1117477 1223021
6 0.101004 4 16996 1109395 1216118
6 0.102004 3 17235 1117160 1222101
6 0.103004 0 17524 1143337 1202383
6 0.104004 2 17142 1115631 1225275
6 0.105005 58 15907 1095994 1241775
6 0.106004 3 17168 1116462 1220219
6 0.107004 0 17265 1143107 1201533
6 0.108004 2 17366 1117653 1222496
6 0.109004 2 17056 1111748 1224719
6 0.110004 3 17251 1114512 1226753
6 0.111004 0 17473 1143140 1201980
6 0.112003 3 17115 1117799 1222947
6 0.113004 3 16957 1115074 1220321
6 0.114004 3 17045 1108588 1235100
6 0.115004 0 17261 1143425 1202238
6 0.116004 3 17158 1117647 1222922
6 0.117004 2 17056 1114902 1220291
6 0.118004 6 17388 1113729 1228179
6 0.119004 0 17470 1143702 1202155
6 0.120003 3 17140 1116018 1225464
6 0.121004 3 17057 1113771 1222267
6 0.122004 5 17129 1114574 1227156
6 0.123004 2 17422 1143299 1202199
6 0.124003 5 17317 1117862 1222439
6 0.125004 2 17078 1114251 1221262
6 0.126004 3 17206 1115174 1226886
6 0.127004 0 17721 1143531 1202391
6 0.128004 2 17233 1116691 1224500
6 0.129004 4 16914 1114869 1220619
6 0.130004 2 16970 1109826 1233946
6 0.131004 0 17437 1143228 1202124
6 0.132004 6 17178 1118008 1222270
6 0.133004 3 17108 1112850 1223781
6 0.134004 3 17112 1112074 1229919
6 0.135004 0 17594 1143560 1201649
6 0.136004 3 17135 1116746 1224141
6 0.137004 6 16527 1102736 1225873
6 0.138004 2 17067 1115479 1225089
6 0.139004 0 17301 1143657 1201852
6 0.140004 3 17251 1117740 1223028
6 0.141004 2 16913 1114555 1220562
6 0.142004 1 17010 1113890 1227437
6 0.143004 1 17287 1143180 1201956
6 0.144004 3 17091 1115244 1226315
6 0.145004 5 17079 1112645 1223613
6 0.146004 2 17145 1113988 1227107
6 0.147004 3 17516 1143434 1201902
6 0.148004 2 17165 1113324 1228829
6 0.149004 2 17078 1114809 1220650
6 0.150004 3 17073 1113033 1228501
6 0.151004 0 17475 1143262 1201822
6 0.152004 2 17293 1118231 1222439
6 0.153004 16 16882 1108744 1228813
6 0.154004 1 17007 1114452 1226852
6 0.155004 2 17495 1143440 1201611
6 0.156004 3 17145 1116395 1224816
6 0.157004 3 16846 1110454 1215250
6 0.158004 2 16288 1111542 1229691
6 0.159004 0 17431 1143344 1202147
6 0.160004 3 17170 1117664 1223118
6 0.161004 2 16885 1114206 1219402
6 0.162004 2 17238 1112387 1229416
6 0.163004 0 17612 1143310 1201834
6 0.164004 6 17174 1115759 1225735
6 0.165004 4 17098 1112064 1223806
6 0.166004 3 17101 1114524 1226771
6 0.167004 0 17399 1143544 1202153
6 0.168004 4 16987 1115536 1225778
6 0.169004 2 16972 1113589 1222040
6 0.170004 2 17176 1114598 1226870
6 0.171004 0 17416 1143392 1202280
6 0.172004 2 17110 1116550 1224536
6 0.173004 2 16944 1108218 1229493
6 0.174004 3 17105 1116430 1224589
6 0.175004 0 17559 1143396 1202003
6 0.176004 2 17261 1117765 1222790
6 0.177004 2 17060 1114391 1221020
6 0.178004 3 17380 1113591 1228515
6 0.179004 0 17432 1143413 1202357
6 0.180004 3 17254 1117423 1223204
6 0.181004 3 17078 1114305 1221746
6 0.182004 3 17201 1113274 1228637
6 0.183004 0 17489 1143624 1202034
6 0.184004 2 17187 1117915 1222943
6 0.185004 6 17150 1112797 1223267
6 0.186004 5 17004 1108258 1236246
6 0.187004 0 17531 1143351 1202106
6 0.188004 3 17001 1111833 1231415
6 0.189004 1 17112 1113414 1222655
6 0.190004 6 17152 1113822 1228386
6 0.191004 0 17366 1143502 1201977
6 0.192004 3 17333 1113244 1229832
6 0.193004 3 17060 1113508 1221883
6 0.194004 2 17092 1108326 1235542
6 0.195004 0 17523 1143286 1201851
6 0.196004 3 17138 1118188 1222656
6 0.197004 2 17219 1114661 1221725
6 0.198004 3 17316 1112431 1228502
6 0.199004 0 17389 1143406 1201965
6 0.200004 3 17369 1118049 1222773
6 0.201004 5 16945 1114729 1220624
6 0.202011 306 17210 1123581 1241958
6 0.203007 253 17133 1122445 1203681
6 0.204014 3790 7953 817177 1667425
6 0.205006 4819 2740 647092 1725167
6 0.206007 956 4332 776995 1689743
6 0.207013 7023 8577 783182 1694182
6 0.208013 8934 12376 881317 1412174
6 0.209009 2557 14032 993802 1345967
6 0.210017 3149 13873 973454 1424649
6 0.211011 1265 11624 913189 1329216
6 0.212008 2461 3983 759553 1718063
6 0.213006 1349 3684 686618 1505955
6 0.214013 8261 9611 818159 1662019
6 0.215004 1409 15276 1039721 1152611
6 0.216004 17 17287 1125318 1208502
6 0.217005 6 16634 1106270 1200846
6 0.218004 0 17344 1140334 1197321
6 0.219004 4 17344 1119401 1220172
6 0.220007 186 12236 939720 1439114
6 0.221004 271 14532 1017030 1259625
6 0.222004 1 17299 1139557 1197339
6 0.223007 16 16099 1097818 1251228
6 0.224009 555 15310 1060089 1304907
6 0.225006 1988 13169 946931 1324774
6 0.226004 86 15879 1054568 1202294
6 0.227004 13 17185 1115963 1215788
6 0.228004 1 17218 1118278 1221371
6 0.229004 3 17083 1128238 1205459
6 0.230004 7 17265 1118624 1219049
6 0.231004 2 17255 1119690 1220165
6 0.232004 1 17072 1116364 1224179
6 0.233004 13 15044 1055146 1112295
6 0.234004 33 17494 1125803 1209471
6 0.235004 5 17023 1115765 1218108
6 0.236004 0 16612 1087478 1145725
6 0.237006 121 13782 1029380 1308700
6 0.238004 14 17307 1121881 1206052
6 0.239004 3 17274 1116071 1224911
6 0.240004 0 17588 1142978 1201461
6 0.241004 5 16699 1102395 1221667
6 0.242004 6 17300 1115759 1223364
6 0.243004 2 17292 1109922 1233489
6 0.244004 2 17391 1143442 1201723
6 0.245004 2 16972 1109274 1218405
6 0.246004 3 17322 1117624 1221850
6 0.247004 1 17173 1114616 1227134
6 0.248004 4 17496 1143425 1201907
6 0.249004 4 16913 1106836 1215763
6 0.250004 2 17091 1115234 1218845
6 0.251004 3 17029 1114439 1227511
6 0.252004 3 17500 1143018 1202039
6 0.253004 9 16631 1102600 1211115
6 0.254004 2 17309 1115818 1224045
6 0.255004 2 17262 1114670 1226844
6 0.256004 0 17519 1143364 1201774
6 0.257004 2 16595 1105164 1224540
6 0.258004 6 16189 1097222 1244249
6 0.259004 7 17124 1111478 1231054
6 0.260004 0 17655 1143288 1201820
6 0.261004 2 16766 1107215 1225672
6 0.262004 2 17257 1115379 1224440
6 0.263004 2 17174 1114142 1227968
6 0.264004 0 17512 1143350 1201859
6 0.265004 10 16580 1096356 1199347
6 0.266004 2 17113 1115312 1223107
6 0.267004 2 16992 1110357 1233354
6 0.268004 0 17490 1143609 1201166
6 0.269004 2 16865 1110901 1221236
6 0.270004 4 17102 1116324 1223996
6 0.271004 2 17032 1116249 1224529
6 0.272004 0 17442 1143063 1201911
6 0.273004 3 16964 1110749 1218487
6 0.274004 2 17214 1116058 1222755
6 0.275004 3 17080 1110489 1233633
6 0.276004 0 17388 1143530 1201941
6 0.277004 2 16763 1107243 1225179
6 0.278004 2 17147 1117069 1222893
6 0.279004 3 17402 1114473 1227403
6 0.280004 3 17564 1143184 1202026
6 0.281004 5 17010 1112659 1217287
6 0.282004 3 17522 1115682 1225626
6 0.283004 3 17112 1110595 1233332
6 0.284004 2 17492 1143380 1201851
6 0.285004 9 17080 1108459 1229292
6 0.286004 3 17334 1116770 1223827
6 0.287004 3 17404 1112653 1230233
6 0.288004 0 17520 1143799 1201870
6 0.289004 2 17066 1113212 1217959
6 0.290004 2 17306 1117870 1222451
6 0.291004 3 17249 1114366 1228149
6 0.292004 0 17525 1143263 1201718
6 0.293004 5 16325 1096950 1206772
6 0.294004 3 17159 1116535 1221510
6 0.295004 3 17150 1114192 1227485
6 0.296004 0 17219 1143292 1201619
6 0.297004 2 17180 1114200 1220338
6 0.298004 2 17115 1115887 1224441
6 0.299004 2 17259 1112642 1230069
6 0.300004 2 17378 1142781 1201547
6 0.301004 2 17113 1114907 1219448
6 0.302004 5 17351 1116883 1222939
6 0.303004 3 17205 1114266 1227214
6 0.304004 0 17451 1143139 1201301
6 0.305004 6 17277 1112352 1223678
6 0.306004 2 17110 1117261 1223042
6 0.307004 2 16663 1108310 1231021
6 0.308004 0 17553 1141467 1198359
6 0.309004 9 16306 1101943 1226855
6 0.310004 3 17189 1113244 1219931
6 0.311004 2 17105 1112174 1226491
6 0.312004 0 17426 1143429 1201895
6 0.313004 5 17084 1114309 1220913
6 0.314004 2 17208 1115600 1224458
6 0.315004 2 17047 1112562 1230387
6 0.316004 0 17392 1143478 1201691
6 0.317004 4 17122 1114198 1220888
6 0.318004 2 17167 1116468 1223653
6 0.319004 4 17166 1114852 1227570
6 0.320004 0 17382 1143208 1201786
6 0.321004 3 17204 1112994 1222972
6 0.322004 5 17220 1116899 1223296
6 0.323004 3 17179 1114311 1227456
6 0.324004 2 17503 1143081 1202165
6 0.325004 2 17011 1114761 1220706
6 0.326004 2 17267 1117290 1222274
6 0.327004 2 17081 1115983 1225630
6 0.328004 1 17475 1143042 1202128
6 0.329004 3 17121 1114964 1220463
6 0.330004 2 17162 1117110 1223010
6 0.331004 2 17441 1114524 1227602
6 0.332004 0 17558 1143214 1201822
6 0.333004 4 17076 1110050 1226023
6 0.334004 2 17349 1115128 1225981
6 0.335004 3 17247 1114820 1226702
6 0.336004 0 17410 1143493 1201419
6 0.337004 14 17088 1114580 1220585
6 0.338004 2 16304 1098910 1241945
6 0.339004 3 17087 1113066 1223918
6 0.340004 0 17517 1143182 1201672
6 0.341004 3 16818 1111772 1215118
6 0.342004 2 17318 1116889 1222453
6 0.343004 2 17295 1112814 1230151
6 0.344004 0 17641 1143329 1201791
6 0.345004 2 17109 1109364 1225627
6 0.346004 2 17244 1116517 1223685
6 0.347004 2 17337 1114402 1227702
6 0.348004 0 17626 1143164 1201610
6 0.349004 3 17001 1112936 1222748
6 0.350004 2 17034 1115790 1224775
6 0.351004 1 17345 1114836 1227311
6 0.352004 2 17404 1143293 1201466
6 0.353004 3 16994 1115083 1219463
6 0.354004 3 16997 1117793 1221923
6 0.355004 3 17316 1112297 1231022
6 0.356004 0 17427 1143284 1202107
6 0.357004 2 16548 1100439 1228300
6 0.358004 2 16436 1103604 1239701
6 0.359004 2 17112 1115335 1221557
6 0.360004 0 17582 1143287 1201649
6 0.361004 4 16995 1111831 1217985
6 0.362004 2 17301 1115326 1224359
6 0.363004 2 17288 1114174 1227434
6 0.364004 0 17596 1143334 1201730
6 0.365004 3 17037 1110385 1226805
6 0.366004 3 17470 1116806 1223262
6 0.367004 3 17419 1114776 1227231
6 0.368004 0 17447 1143445 1201848
6 0.369004 3 16962 1112280 1220145
6 0.370004 3 17369 1117354 1222377
6 0.371004 2 17234 1115711 1225899
6 0.372004 1 17559 1143174 1202625
6 0.373004 2 17017 1114878 1220447
6 0.374004 4 17399 1114856 1225816
6 0.375004 3 17421 1112459 1230351
6 0.376004 3 17322 1143096 1201419
6 0.377004 4 16955 1112338 1223326
6 0.378004 2 17344 1117089 1223859
6 0.379004 2 17192 1114605 1227426
6 0.380004 0 17534 1143205 1201788
6 0.381004 2 17086 1114468 1221303
6 0.382004 2 17348 1116144 1223964
6 0.383004 2 17230 1112663 1230235
6 0.384004 0 17471 1143272 1201937
6 0.385004 2 17020 1112555 1223219
6 0.386004 2 17166 1117091 1223138
6 0.387004 2 17311 1114844 1227323
6 0.388004 0 17434 1143236 1201889
6 0.389004 2 17094 1113685 1221998
6 0.390004 3 17516 1117117 1222979
6 0.391004 3 17150 1113150 1229250
6 0.392004 0 17596 1143668 1202012
6 0.393004 2 17166 1114596 1220377
6 0.394004 4 17374 1117447 1222780
6 0.395004 2 17212 1114739 1227300
6 0.396004 0 17616 1143511 1202158
6 0.397004 2 17177 1112600 1223841
6 0.398004 3 17265 1117082 1222425
6 0.399004 2 17251 1114859 1226839
6 0.400004 0 17539 1143353 1201916
6 0.401004 3 17177 1115190 1219433
6 0.402004 2 17168 1117579 1222762
6 0.403004 3 17103 1115496 1226505
6 0.404004 0 16636 1122416 1216081
6 0.405004 4 16996 1116052 1207472
6 0.406004 3 17127 1115402 1222302
6 0.407004 1 17129 1112798 1229907
6 0.408004 2 17566 1143263 1201693
6 0.409004 1 15683 1067547 1275536
6 0.410004 2 16895 1116528 1223646
6 0.411004 4 16375 1098544 1246967
6 0.412004 0 17424 1142243 1200794
6 0.413004 2 16879 1114016 1218911
6 0.414004 2 17197 1117491 1223228
6 0.415004 2 17275 1113750 1228677
6 0.416004 1 17436 1143250 1201593
6 0.417004 3 17077 1115107 1220122
6 0.418004 3 17237 1115585 1225407
6 0.419004 3 17311 1113328 1229300
6 0.420004 0 17330 1143353 1201771
6 0.421004 2 16406 1098370 1203002
6 0.422004 2 17151 1116678 1223619
6 0.423004 2 17241 1116662 1224608
6 0.424004 0 17635 1143453 1201888
6 0.425004 2 16966 1114015 1221585
6 0.426004 2 17091 1117075 1223122
6 0.427004 2 17186 1114572 1227538
6 0.428004 0 17575 1143178 1201886
6 0.429004 2 17020 1112655 1218738
6 0.430004 3 17337 1118311 1221802
6 0.431004 2 17070 1113536 1228716
6 0.432004 0 17701 1143600 1201630
6 0.433004 3 17057 1115126 1220235
6 0.434004 2 17151 1116064 1224297
6 0.435004 2 17175 1114568 1227705
6 0.436004 3 17483 1143248 1201844
6 0.437004 3 17212 1113453 1222865
6 0.438004 3 17369 1116150 1224173
6 0.439004 2 17249 1114981 1227206
6 0.440004 0 17461 1143234 1202041
6 0.441004 1 17072 1113042 1223062
6 0.442004 1 17219 1114838 1225963
6 0.443004 3 17090 1109034 1234867
6 0.444004 0 17371 1143223 1201750
6 0.445004 2 17109 1111089 1225227
6 0.446004 2 17155 1117708 1221910
6 0.447004 3 17316 1114913 1226720
6 0.448004 0 17615 1143294 1201701
6 0.449004 6 16988 1114537 1221709
6 0.450004 3 17326 1117425 1221727
6 0.451004 2 17022 1114768 1226863
6 0.452004 0 17398 1143199 1201694
6 0.453004 3 17162 1109313 1227728
6 0.454004 3 17052 1114423 1226712
6 0.455004 3 17187 1112808 1230202
6 0.456004 0 17409 1143217 1201813
6 0.457004 2 17046 1115084 1219889
6 0.458004 3 16472 1105462 1239057
6 0.459004 2 17219 1116149 1224355
6 0.460004 0 17441 1143370 1201716
6 0.461004 2 17002 1114259 1220133
6 0.462004 2 17296 1117122 1222930
6 0.463004 2 17137 1114417 1227999
6 0.464004 0 17384 1143282 1201896
6 0.465004 3 16962 1115132 1219884
6 0.466004 3 17218 1116236 1224479
6 0.467004 2 17311 1113215 1229735
6 0.468004 0 17464 1143375 1201728
6 0.469004 3 16986 1113817 1219467
6 0.470004 2 17339 1117347 1222669
6 0.471004 2 17128 1109536 1234658
6 0.472004 0 17621 1142942 1201605
6 0.473004 2 17201 1114816 1220076
6 0.474004 3 17191 1116267 1224627
6 0.475004 2 17108 1113733 1228903
6 0.476004 0 17587 1143288 1201844
6 0.477004 6 17075 1115282 1220010
6 0.478004 2 17339 1116144 1224623
6 0.479004 2 17207 1115741 1225875
6 0.480004 0 17534 1143441 1201764
6 0.481004 4 17156 1115061 1220391
6 0.482004 2 17389 1117330 1222346
6 0.483004 3 17182 1113385 1228985
6 0.484004 0 17686 1143634 1201563
6 0.485004 3 17036 1113626 1222092
6 0.486004 3 17200 1116629 1223919
6 0.487004 3 17328 1113155 1229225
6 0.488004 0 17467 1143042 1201657
6 0.489004 6 16662 1102548 1223510
6 0.490004 3 17256 1115679 1219957
6 0.491004 3 17300 1112740 1224152
6 0.492004 0 17406 1143057 1201564
6 0.493004 3 17226 1114983 1220049
6 0.494004 2 17196 1117265 1222133
6 0.495004 2 17275 1114741 1227174
6 0.496004 2 17509 1143472 1201695
6 0.497004 3 16749 1104152 1225529
6 0.498004 2 17263 1117635 1222297
6 0.499004 2 17072 1113287 1229479
6 0.500004 0 17490 1143281 1201828
6 0.501004 2 12688 894679 1497665
6 0.502004 3 17390 1124153 1205867
6 0.503004 3 17120 1114702 1226447
6 0.504004 0 17526 1143118 1202026
6 0.505004 3 16782 1107777 1222242
6 0.506004 2 16962 1108712 1231632
6 0.507011 2195 8189 885154 1572655
6 0.508008 2610 6112 713855 1505169
6 0.509009 5744 9249 767194 1384041
6 0.510007 1599 8495 879598 1534278
6 0.511009 4183 6703 814207 1591712
6 0.512004 257 16552 1115202 1184648
6 0.513005 49 12700 884759 979084
6 0.514004 8 17270 1113188 1221990
6 0.515004 0 17372 1140005 1198899
6 0.516004 2 17232 1119712 1220077
6 0.517004 8 16994 1112506 1211378
6 0.518004 11 17222 1113530 1225931
6 0.519004 0 17473 1143439 1201785
6 0.520006 199 14144 1011624 1239623
6 0.521004 44 16997 1115949 1202213
6 0.522004 7 17366 1117148 1220914
6 0.523006 86 16575 1121860 1242751
6 0.524009 714 14007 1018396 1353121
6 0.525009 6791 2369 424859 1849521
6 0.526007 7928 11488 898145 1433677
6 0.527004 15 17157 1110638 1218932
6 0.528004 0 17498 1143009 1201296
6 0.529004 15 16525 1099978 1229891
6 0.530004 4 17273 1118853 1218543
6 0.531004 3 17195 1116163 1224342
6 0.532004 0 17543 1143322 1201710
6 0.533004 2 16807 1108735 1219063
6 0.534004 3 17285 1118844 1219797
6 0.535004 5 17432 1119553 1220183
6 0.536004 0 16942 1102588 1161807
6 0.537006 291 10646 803855 993886
6 0.538004 19 17071 1107481 1224851
6 0.539004 0 17242 1139106 1197750
6 0.540008 274 15388 1086977 1282744
6 0.541008 1459 10258 868494 1348096
6 0.542004 269 16855 1100859 1222079
6 0.543004 2 17396 1138578 1204698
6 0.544004 2 17347 1126539 1210737
6 0.545004 11 16688 1106839 1214752
6 0.546004 1 17161 1113745 1226639
6 0.547004 2 17555 1143120 1202091
6 0.548004 9 17274 1110364 1231746
6 0.549004 71 15244 1061439 1227657
6 0.550004 0 17520 1139989 1196999
6 0.551004 5 16988 1107563 1233469
6 0.552004 2 17274 1122671 1210899
6 0.553006 59 14759 1069307 1278420
6 0.554004 80 17494 1137435 1198609
6 0.555004 7 17552 1117230 1223284
6 0.556004 4 17324 1117026 1223908
6 0.557004 4 16773 1115284 1209295
6 0.558004 0 16549 1121759 1219938
6 0.559004 11 17300 1126758 1209836
6 0.560004 6 17392 1116643 1224542
6 0.561004 24 16383 1103569 1185535
6 0.562004 0 17471 1142847 1201670
6 0.563004 4 17434 1117650 1222958
6 0.564004 5 17142 1117549 1223005
6 0.565004 3 16900 1116393 1210039
6 0.566004 0 17509 1141203 1197999
6 0.567004 2 17235 1117500 1222750
6 0.568004 2 17170 1117709 1222592
6 0.569004 4 16905 1117741 1212256
6 0.570004 0 17271 1137426 1205623
6 0.571004 11 17563 1127002 1210425
6 0.572004 2 17153 1118001 1222202
6 0.573004 2 17052 1118498 1205648
6 0.574004 0 17393 1141375 1198454
6 0.575004 4 17166 1117457 1223175
6 0.576004 2 17197 1116769 1224342
6 0.577004 5 16531 1116172 1207195
6 0.578004 0 17771 1142619 1202338
6 0.579004 32 17228 1129722 1207645
6 0.580004 2 17445 1117227 1222675
6 0.581004 3 16445 1106288 1192494
6 0.582004 1 17493 1131369 1212843
6 0.583004 1 17152 1133928 1205377
6 0.584004 3 17374 1117853 1222700
6 0.585004 2 17318 1122956 1206782
6 0.586004 1 17395 1114493 1227135
6 0.587004 2 17407 1142796 1202720
6 0.588004 2 17322 1117536 1223089
6 0.589004 4 17126 1114913 1219632
6 0.590004 1 16920 1112641 1229262
6 0.591004 1 17625 1142852 1202393
6 0.592004 2 17217 1117553 1223085
6 0.593004 2 17035 1114767 1220212
6 0.594004 1 16913 1114479 1226950
6 0.595004 1 17413 1142667 1202453
6 0.596004 3 17211 1117678 1222819
6 0.597004 2 17166 1114169 1221046
6 0.598004 1 17165 1111191 1231728
6 0.599004 2 17408 1143023 1201992
6 0.600004 5 17201 1118199 1222495
6 0.601004 3 17143 1115216 1219695
6 0.602004 2 17197 1114618 1227507
6 0.603004 2 17615 1143226 1202200
6 0.604004 3 17150 1116286 1224717
6 0.605004 2 17029 1113889 1221911
6 0.606004 2 17230 1113877 1227737
6 0.607004 0 17397 1143076 1202449
6 0.608004 4 17395 1118089 1222374
6 0.609004 2 16821 1109219 1228583
6 0.610004 1 17240 1115268 1225266
6 0.611004 2 17573 1143273 1202409
6 0.612004 3 17094 1117166 1223620
6 0.613004 2 17220 1115757 1220861
6 0.614004 1 17162 1115745 1222674
6 0.615005 3 17387 1144414 1204399
6 0.616004 3 17167 1114270 1223305
6 0.617004 8 16571 1101401 1206822
6 0.618004 2 17006 1112835 1223124
6 0.619004 1 17428 1141443 1199091
6 0.620004 3 17044 1116240 1219712
6 0.621004 3 17011 1112079 1220634
6 0.622004 1 17101 1114370 1226661
6 0.623004 2 17637 1142822 1202853
6 0.624004 3 17223 1117232 1223472
6 0.625004 2 17264 1113823 1221985
6 0.626004 1 17041 1112667 1229744
6 0.627004 1 17567 1143154 1202504
6 0.628004 2 17101 1113245 1229394
6 0.629004 3 16979 1113877 1221790
6 0.630004 1 17351 1114674 1227009
6 0.631004 2 17470 1143269 1202412
6 0.632004 2 17445 1118006 1222979
6 0.633004 8 16898 1114589 1221159
6 0.634004 2 17229 1113178 1228774
6 0.635004 0 17485 1143145 1202255
6 0.636004 6 17168 1118038 1222675
6 0.637004 6 16937 1112790 1217614
6 0.638004 2 17268 1117557 1222734
6 0.639004 2 17281 1143481 1201878
6 0.640004 3 17299 1117525 1222910
6 0.641004 3 17176 1115030 1220171
6 0.642004 1 17231 1114358 1227379
6 0.643004 2 17622 1143211 1202094
6 0.644004 2 17292 1117549 1223250
6 0.645004 2 17036 1114514 1221449
6 0.646004 1 17184 1112825 1229557
6 0.647004 2 17217 1143390 1202021
6 0.648004 3 17331 1118214 1222442
6 0.649004 2 17098 1115251 1220114
6 0.650004 4 17336 1113932 1228224
6 0.651004 0 17635 1143461 1202141
6 0.652004 3 17238 1116944 1224157
6 0.653004 2 16954 1111038 1224863
6 0.654004 2 17031 1111699 1229227
6 0.655004 1 17515 1143072 1202525
6 0.656004 2 17285 1117047 1223598
6 0.657004 6 17124 1114709 1220013
6 0.658004 3 17251 1113574 1228134
6 0.659004 0 16704 1129943 1220666
6 0.660004 2 17193 1115601 1225585
6 0.661004 2 17038 1113994 1220537
6 0.662004 2 17282 1113877 1226894
6 0.663004 0 17456 1143295 1202031
6 0.664004 3 17170 1117702 1222723
6 0.665004 3 17134 1114660 1220734
6 0.666004 1 17237 1116787 1223616
6 0.667004 1 17542 1143304 1202298
6 0.668004 3 17364 1118042 1222406
6 0.669004 3 17140 1115010 1220028
6 0.670004 3 17178 1117101 1223228
6 0.671004 0 17532 1143360 1201971
6 0.672004 4 17212 1114644 1227130
6 0.673004 2 16956 1113467 1219178
6 0.674004 1 17182 1113981 1226915
6 0.675004 1 17601 1143285 1202124
6 0.676004 6 17195 1118286 1222091
6 0.677005 16 15591 1080312 1264611
6 0.678004 8 16510 1110663 1226772
6 0.679004 0 17547 1142053 1201166
6 0.680004 4 17292 1113976 1227751
6 0.681004 3 16806 1114209 1219359
6 0.682004 2 17197 1111178 1231478
6 0.683004 0 17409 1143357 1202160
6 0.684004 3 17125 1112182 1230786
6 0.685004 2 16426 1099399 1227547
6 0.686004 1 17222 1117737 1222434
6 0.687004 1 17500 1143296 1202047
6 0.688004 2 17110 1111443 1231882
6 0.689004 2 16996 1114251 1220196
6 0.690004 1 17291 1116342 1224025
6 0.691004 1 17342 1142765 1202764
6 0.692004 4 17175 1113726 1228227
6 0.693004 2 17038 1114902 1220272
6 0.694004 1 17182 1118256 1222208
6 0.695004 2 17520 1143454 1202101
6 0.696004 3 17072 1117103 1223567
6 0.697004 3 17122 1113358 1218359
6 0.698004 1 17053 1113871 1228013
6 0.699004 1 17381 1143323 1202260
6 0.700004 3 17232 1117536 1222776
6 0.701004 3 17170 1114490 1221354
6 0.702004 2 17331 1112005 1230283
6 0.703004 0 17428 1142995 1202141
6 0.704004 3 17110 1118062 1222679
6 0.705004 2 17087 1115095 1220476
6 0.706004 2 17314 1117818 1222336
6 0.707004 0 17493 1143452 1202238
6 0.708004 2 17319 1111397 1231765
6 0.709004 5 17160 1114885 1220787
6 0.710004 2 17292 1116677 1223456
6 0.711009 887 16407 1111724 1267262
6 0.712011 799 13367 1003058 1374715
6 0.713006 1119 14578 1037012 1275289
6 0.714004 4 17429 1138670 1196994
6 0.715004 8 17277 1118547 1223041
6 0.716004 3 17122 1117167 1220891
6 0.717005 36 17301 1123331 1208299
6 0.718004 3 17570 1140978 1199635
6 0.719004 3 17293 1117574 1222343
6 0.720004 2 17167 1117519 1223081
6 0.721004 5 17222 1123733 1207518
6 0.722004 0 17571 1142622 1201390
6 0.723004 3 17101 1115911 1225809
6 0.724004 5 17196 1117697 1223409
6 0.725004 2 17114 1121648 1205376
6 0.726004 0 17575 1143061 1201482
6 0.727004 3 17501 1126626 1208802
6 0.728004 2 17250 1117949 1222633
6 0.729004 2 17174 1124048 1207676
6 0.730004 1 17291 1117216 1222813
6 0.731004 3 17477 1142878 1202614
6 0.732004 3 17096 1117442 1223144
6 0.733004 1 17132 1114881 1220646
6 0.734004 11 17239 1116114 1223983
6 0.735004 1 17426 1143051 1202390
6 0.736004 4 17096 1117875 1222183
6 0.737004 7 17108 1112833 1220818
6 0.738004 3 17258 1117866 1222475
6 0.739004 0 17542 1143040 1202100
6 0.740004 3 17245 1118267 1222376
6 0.741004 3 16944 1109222 1229621
6 0.742004 1 17307 1117518 1221533
6 0.743004 1 17583 1142736 1202402
6 0.744004 2 17227 1117805 1222963
6 0.745004 2 17171 1114582 1221059
6 0.746004 2 17317 1114354 1227047
6 0.747004 2 17291 1142947 1202360
6 0.748004 6 17341 1117374 1223545
6 0.749004 5 16885 1114224 1221550
6 0.750004 3 17225 1108834 1235180
6 0.751004 0 17217 1143114 1202637
6 0.752004 3 17064 1114722 1227175
6 0.753004 4 17193 1112463 1223874
6 0.754004 0 17224 1112028 1230961
6 0.755004 5 17430 1142978 1202240
6 0.756004 3 17256 1118267 1222122
6 0.757004 3 16930 1112279 1217850
6 0.758004 4 17228 1117305 1222713
6 0.759004 0 16618 1126604 1224679
6 0.760004 6 17178 1117308 1223427
6 0.761004 2 16701 1108940 1220345
6 0.762004 1 17309 1114941 1226352
6 0.763004 2 17436 1142957 1202274
6 0.764004 3 17233 1115763 1225570
6 0.765004 2 16765 1110777 1223044
6 0.766004 4 17487 1117994 1221868
6 0.767004 0 17565 1142961 1202039
6 0.768004 3 17430 1118001 1222753
6 0.769004 3 17037 1114315 1220652
6 0.770004 5 17264 1116445 1224296
6 0.771004 0 17721 1142981 1202337
6 0.772004 3 17314 1118200 1222087
6 0.773004 15 16355 1085840 1199304
6 0.774004 19 17137 1111206 1229009
6 0.775004 0 17431 1142777 1202098
6 0.776004 3 17323 1116782 1223901
6 0.777004 3 16928 1112748 1216841
6 0.778004 1 17298 1114565 1226849
6 0.779004 2 17618 1142843 1202387
6 0.780004 3 17324 1116407 1224711
6 0.781004 3 16981 1115036 1220524
6 0.782004 2 17176 1117645 1223164
6 0.783004 0 17547 1142897 1202110
6 0.784004 2 17216 1117489 1223825
6 0.785004 6 17122 1114988 1220645
6 0.786004 6 17182 1113839 1229741
6 0.787004 1 17547 1142735 1202051
6 0.788004 3 17312 1117554 1222030
6 0.789004 2 16990 1114306 1221440
6 0.790004 1 17293 1118300 1221757
6 0.791004 1 17594 1142853 1202646
6 0.792004 2 17285 1115008 1226716
6 0.793004 3 17106 1114097 1222237
6 0.794004 2 16989 1105366 1239863
6 0.795004 0 17559 1143305 1202189
6 0.796004 4 17213 1117487 1222881
6 0.797004 2 16892 1111189 1222487
6 0.798004 3 17266 1112468 1230177
6 0.799004 0 17460 1143146 1202433
6 0.800004 2 17213 1117873 1222605
6 0.801005 12 17423 1115837 1222906
6 0.802004 4 17242 1108160 1231710
6 0.803004 0 17363 1143051 1201959
6 0.804004 2 17122 1110840 1232813
6 0.805004 3 17133 1115548 1220107
6 0.806004 3 17289 1113889 1227792
6 0.807004 0 17644 1143126 1202287
6 0.808004 3 17461 1117941 1222581
6 0.809004 11 17085 1113977 1222366
6 0.810004 5 17169 1116373 1224192
6 0.811004 0 17472 1143356 1202171
6 0.812004 3 17273 1116779 1223490
6 0.813004 2 16778 1114469 1220810
6 0.814004 4 17298 1114504 1227442
6 0.815004 0 17448 1143251 1201925
6 0.816004 3 17266 1116131 1224909
6 0.817004 3 16856 1107709 1228610
6 0.818004 3 17336 1114300 1225263
6 0.819004 0 17478 1143076 1202268
6 0.820005 9 16688 1103787 1245851
6 0.821004 5 16822 1108965 1217706
6 0.822004 2 17114 1115752 1219122
6 0.823004 0 17593 1141430 1198834
6 0.824004 2 17336 1117435 1223245
6 0.825004 2 17087 1114736 1220846
6 0.826004 1 17243 1114358 1227167
6 0.827004 1 17413 1142973 1202251
6 0.828004 3 17287 1117448 1223670
6 0.829004 3 16973 1113734 1220545
6 0.830004 1 17114 1117801 1222707
6 0.831004 2 17506 1143340 1202101
6 0.832004 3 17190 1113030 1229184
6 0.833004 1 17021 1113291 1222726
6 0.834004 2 17311 1117882 1222336
6 0.835004 0 17514 1143372 1202047
6 0.836004 2 17131 1117726 1223037
6 0.837004 3 17140 1114303 1221258
6 0.838004 1 17273 1117842 1222166
6 0.839004 2 17416 1143191 1202350
6 0.840004 3 17357 1117947 1222905
6 0.841004 3 17088 1113999 1222210
6 0.842004 2 17128 1115376 1225605
6 0.843004 0 17417 1143376 1201936
6 0.844004 2 17259 1114791 1227132
6 0.845004 3 17187 1114723 1221034
6 0.846004 4 17329 1118200 1221945
6 0.847004 0 17641 1143200 1202030
6 0.848004 3 17157 1115993 1225308
6 0.849004 2 16837 1110076 1227374
6 0.850004 1 17257 1118212 1222254
6 0.851004 1 17438 1143376 1202067
6 0.852004 2 17235 1117781 1222848
6 0.853004 2 16982 1112968 1224271
6 0.854004 0 17087 1111348 1231263
6 0.855004 2 17459 1143538 1201828
6 0.856004 2 17168 1117860 1222767
6 0.857004 6 17101 1113559 1222650
6 0.858004 3 17161 1117403 1222355
6 0.859004 0 16679 1130126 1216039
6 0.860004 2 17175 1113150 1223199
6 0.861004 2 16993 1112752 1216984
6 0.862004 1 17104 1115118 1220740
6 0.863004 2 17628 1141594 1199047
6 0.864004 3 17232 1117875 1222420
6 0.865004 2 17247 1113078 1223042
6 0.866004 2 17153 1111239 1231486
6 0.867004 0 17361 1143244 1201906
6 0.868004 3 17056 1117751 1222428
6 0.869004 2 17147 1115283 1221201
6 0.870004 3 17090 1116438 1223132
6 0.871004 0 17511 1143424 1202113
6 0.872004 4 17203 1115937 1225504
6 0.873004 2 16953 1114576 1220888
6 0.874004 2 17142 1117353 1222781
6 0.875004 0 17437 1143259 1202114
6 0.876004 2 17226 1117826 1222425
6 0.877004 2 16894 1112053 1216015
6 0.878004 3 17292 1107010 1232190
6 0.879004 0 17409 1143069 1202145
6 0.880004 2 17474 1116374 1224432
6 0.881004 3 16780 1114963 1220405
6 0.882004 1 17197 1114503 1227156
6 0.883004 2 17342 1143264 1202211
6 0.884004 2 17279 1116207 1224847
6 0.885004 3 17166 1113819 1221810
6 0.886004 2 17012 1112837 1229089
6 0.887004 0 17669 1143558 1201949
6 0.888004 2 17486 1117173 1223361
6 0.889004 2 17251 1114982 1220520
6 0.890004 3 17250 1117886 1221993
6 0.891004 0 17690 1143523 1201894
6 0.892004 2 17154 1116153 1225300
6 0.893004 3 17106 1115126 1220545
6 0.894004 1 17513 1117587 1222414
6 0.895004 2 17505 1143255 1202113
6 0.896004 2 17222 1117328 1222823
6 0.897004 2 17168 1113570 1221948
6 0.898004 2 17459 1118103 1222177
6 0.899004 0 17494 1143535 1201682
6 0.900004 2 17444 1116909 1224133
6 0.901006 5 16391 1098210 1202432
6 0.902005 7 17128 1112462 1218639
6 0.903004 2 17400 1140393 1198801
6 0.904004 2 17176 1116174 1224614
6 0.905004 6 16627 1103013 1230426
6 0.906004 4 17174 1115616 1219153
6 0.907004 0 17414 1141509 1198656
6 0.908004 3 17200 1114030 1222263
6 0.909004 2 16800 1112687 1217416
6 0.910004 3 17183 1114174 1227037
6 0.911004 0 17458 1143532 1201731
6 0.912004 2 17223 1116964 1223845
6 0.913004 2 16932 1106637 1228437
6 0.914004 3 17118 1112207 1229938
6 0.915004 0 17419 1143194 1201842
6 0.916003 2 17195 1117809 1222183
6 0.917004 2 16923 1113572 1219364
6 0.918004 1 17348 1113849 1226947
6 0.919004 1 17544 1143316 1202316
6 0.920004 2 17279 1116048 1225070
6 0.921004 3 16876 1111810 1221394
6 0.922005 9 17248 1113396 1232325
6 0.923004 0 17516 1141725 1200564
6 0.924004 3 17219 1117652 1222329
6 0.925004 2 16989 1109485 1227898
6 0.926004 3 16998 1113668 1228330
6 0.927004 0 17405 1143198 1201667
6 0.928004 3 17169 1116962 1223602
6 0.929004 2 17118 1114248 1221714
6 0.930004 3 17292 1117589 1222804
6 0.931004 0 17555 1143410 1202102
6 0.932004 3 17203 1114789 1227132
6 0.933004 93 16195 1092297 1176243
6 0.934004 1 17080 1116925 1220818
6 0.935004 1 17343 1143456 1202149
6 0.936004 3 17134 1114199 1227156
6 0.937004 2 16868 1111457 1219037
6 0.938004 2 17128 1111060 1231745
6 0.939004 2 17501 1143307 1201641
6 0.940004 3 17240 1117544 1222595
6 0.941004 3 17014 1113495 1221159
6 0.942004 1 17107 1108073 1236002
6 0.943004 2 17616 1143217 1201665
6 0.944004 3 17372 1117734 1222346
6 0.945004 2 17039 1114704 1221247
6 0.946004 2 17192 1111614 1231008
6 0.947004 0 17645 1143252 1201725
6 0.948004 3 17209 1117701 1222406
6 0.949004 2 16830 1112522 1224501
6 0.950004 3 17120 1117734 1221651
6 0.951004 0 17412 1143364 1201779
6 0.952004 2 17327 1117570 1222506
6 0.953004 3 16855 1110009 1226835
6 0.954004 3 17117 1115847 1225226
6 0.955004 0 17584 1143410 1202009
6 0.956004 2 17063 1117633 1222506
6 0.957004 3 17008 1114689 1220403
6 0.958004 2 17278 1117701 1222364
6 0.959004 0 16459 1125376 1214829
6 0.960004 2 17238 1126277 1209775
6 0.961004 6 16857 1109760 1216858
6 0.962004 1 17189 1115723 1219258
6 0.963004 1 17608 1143499 1202114
6 0.964003 5 17069 1114146 1227186
6 0.965008 2 17134 1119920 1232052
6 0.966005 2 17072 1107226 1218184
6 0.967004 0 17391 1142341 1200311
6 0.968004 2 16934 1112232 1230481
6 0.969004 2 17094 1114471 1221077
6 0.970004 3 17412 1117511 1221730
6 0.971004 0 17411 1143506 1202211
6 0.972004 2 17175 1114714 1226699
6 0.973004 3 17026 1114239 1220350
6 0.974004 2 17183 1113786 1227784
6 0.975004 0 17469 1143237 1201988
6 0.976004 3 17168 1117287 1223671
6 0.977004 2 16970 1114605 1220724
6 0.978004 1 17277 1116016 1224965
6 0.979004 2 17534 1143381 1202102
6 0.980004 2 17182 1117081 1223406
6 0.981004 3 16865 1114589 1220984
6 0.982004 2 17254 1117509 1222673
6 0.983004 0 17453 1143386 1201927
6 0.984004 2 17244 1117419 1222966
6 0.985004 2 17053 1113202 1222800
6 0.986004 2 17350 1115021 1226262
6 0.987004 0 17191 1143359 1202247
6 0.988004 3 17138 1117825 1222504
6 0.989004 6 17066 1114067 1221627
6 0.990004 1 17196 1115460 1225158
6 0.991004 1 17472 1143349 1202047
6 0.992004 3 17340 1112353 1230403
6 0.993004 2 17078 1114456 1221023
6 0.994004 3 17153 1109407 1234011
6 0.995004 0 17436 1143379 1202319
6 0.996004 3 17190 1117579 1222549
6 0.997004 3 16660 1104067 1232473
6 0.998004 3 17283 1118207 1222076
6 0.999004 0 17594 1143416 1202068
6 1.000004 2 17253 1117647 1223023
6 1.001004 3 16937 1115022 1219802
6 1.002004 6 16460 1109879 1219101
6 1.003004 0 17309 1141658 1198496
6 1.004004 3 17233 1118028 1222171
6 1.005004 2 16850 1110210 1221923
6 1.006004 3 17106 1114399 1221313
6 1.007004 0 17504 1141540 1198956
6 1.008004 3 17295 1115999 1219911
6 1.009004 5 16708 1110290 1223173
6 1.010004 5 16899 1119383 1219544
6 1.011004 0 17320 1143376 1201492
6 1.012004 35 10035 921598 1497805
6 1.013004 19 17127 1119180 1202500
6 1.014004 6 16983 1113049 1228179
6 1.015004 2 17180 1143079 1201723
6 1.016004 3 17244 1116080 1224803
6 1.017004 7 17064 1113480 1221372
6 1.018004 1 17153 1118122 1221976
6 1.019004 2 17512 1143380 1201841
6 1.020004 3 17322 1117751 1222313
6 1.021004 2 16788 1111011 1215001
6 1.022004 1 16467 1096901 1245649
6 1.023004 1 17206 1141161 1198629
6 1.024004 3 16446 1111976 1232581
6 1.025004 2 16846 1111501 1215751
6 1.026004 0 17117 1115690 1224121
6 1.027004 2 17578 1143345 1201991
6 1.028004 3 17176 1117921 1222460
6 1.029004 7 16952 1115378 1219821
6 1.030004 1 17116 1113572 1227204
6 1.031004 1 17390 1143000 1201722
6 1.032004 2 17136 1117543 1222390
6 1.033004 2 16995 1113158 1222062
6 1.034004 3 17144 1115861 1225197
6 1.035004 0 17442 1143074 1202065
6 1.036004 2 17036 1117094 1223986
6 1.037004 5 16940 1114488 1220730
6 1.038004 2 17215 1113745 1227202
6 1.039004 0 17560 1143356 1201716
6 1.040004 3 17170 1117425 1223359
6 1.041004 3 16897 1114733 1220194
6 1.042004 3 17247 1114110 1227076
6 1.043004 2 17380 1143277 1202116
6 1.044004 3 17295 1117884 1222227
6 1.045004 3 17069 1114678 1219876
6 1.046004 3 17227 1112842 1229631
6 1.047004 0 17622 1143386 1201881
6 1.048004 3 17389 1117711 1222643
6 1.049004 2 16983 1114799 1220257
6 1.050004 1 17178 1117489 1222730
6 1.051004 0 17410 1143340 1201791
6 1.052004 2 17212 1117863 1223017
6 1.053004 3 17134 1114600 1221409
6 1.054004 2 17013 1114555 1226191
6 1.055004 0 17627 1143578 1202309
6 1.056004 3 17091 1114056 1227965
6 1.057004 3 16809 1113744 1219105
6 1.058004 3 16826 1106342 1238255
6 1.059004 3 16670 1131748 1221807
6 1.060004 3 17416 1124158 1207831
6 1.061004 4 16779 1114702 1219829
6 1.062004 1 17254 1112052 1230323
6 1.063004 3 17332 1143260 1202335
6 1.064004 3 17151 1118279 1222431
6 1.065004 2 16780 1108637 1229281
6 1.066004 1 17232 1117633 1222038
6 1.067004 0 17490 1143156 1201812
6 1.068003 2 17070 1117008 1222910
6 1.069004 2 17049 1114116 1221268
6 1.070004 11 17276 1114647 1226726
6 1.071004 0 17347 1143179 1202308
6 1.072003 2 17072 1118192 1222338
6 1.073004 3 16864 1114810 1220222
6 1.074004 3 16995 1109449 1234087
6 1.075004 0 17451 1143474 1201573
6 1.076004 2 17098 1117908 1222553
6 1.077004 3 16926 1106446 1232542
6 1.078004 3 17098 1113169 1228572
6 1.079004 0 17298 1143071 1201942
6 1.080004 3 17172 1117905 1222562
6 1.081004 2 16948 1113825 1218569
6 1.082004 1 17174 1116788 1222873
6 1.083004 2 17561 1143318 1201912
6 1.084004 2 17217 1117681 1223236
6 1.085004 2 16910 1112875 1217969
6 1.086004 1 17271 1113208 1228985
6 1.087004 2 17456 1143424 1201598
6 1.088004 4 17163 1117841 1222814
6 1.089004 2 16862 1115183 1220095
6 1.090004 2 17148 1113899 1227296
6 1.091004 0 17704 1143425 1201867
6 1.092004 2 17114 1117728 1222903
6 1.093004 2 17033 1114863 1220481
6 1.094004 4 17116 1117438 1222832
6 1.095004 0 17423 1143397 1201866
6 1.096004 2 17158 1117996 1222308
6 1.097004 2 17009 1110733 1225656
6 1.098004 3 17148 1111422 1231040
6 1.099004 0 17554 1143348 1201590
6 1.100004 3 17175 1117980 1222629
6 1.101004 3 17201 1115031 1220534
6 1.102004 2 16965 1114263 1227073
6 1.103004 0 17482 1143437 1201750
6 1.104004 4 17317 1117452 1223053
6 1.105004 2 16953 1112436 1223875
6 1.106004 2 17242 1114378 1226998
6 1.107004 0 17330 1143209 1204616
6 1.108009 2274 5914 773256 1550285
6 1.109013 3642 6482 760174 1704966
6 1.110005 1501 15344 1039931 1171758
6 1.111004 7 17103 1113610 1225237
6 1.112004 3 17145 1113961 1226979
6 1.113004 22 15111 1052288 1108899
6 1.114004 6 17289 1125027 1208311
6 1.115004 4 17210 1112998 1219604
6 1.116004 8 17283 1117953 1222089
6 1.117004 0 17080 1134405 1198210
6 1.118004 2 17104 1116321 1223037
6 1.119004 5 17238 1117714 1223444
6 1.120005 179 13903 1020139 1337044
6 1.121004 5 16789 1130955 1196872
6 1.122004 9 17085 1115579 1224682
6 1.123004 10 17225 1117089 1223588
6 1.124004 1 16288 1095301 1249145
6 1.125004 1 17403 1139134 1199583
6 1.126005 6 16488 1107813 1232538
6 1.127004 2 17121 1115231 1217917
6 1.128004 1 17180 1117775 1222211
6 1.129004 3 17180 1139311 1199365
6 1.130004 2 17325 1116883 1222854
6 1.131004 9 17277 1117565 1223566
6 1.132004 4 17024 1113334 1228682
6 1.133004 2 17425 1140310 1199979
6 1.134004 3 17189 1116772 1222711
6 1.135004 3 17156 1117832 1222070
6 1.136004 7 16916 1107153 1219687
6 1.137004 1 16882 1123754 1182272
6 1.138004 5 17217 1116667 1223548
6 1.139004 3 17310 1116874 1221791
6 1.140004 1 17177 1110642 1232173
6 1.141004 1 16735 1127578 1199079
6 1.142004 3 17297 1113828 1226204
6 1.143004 3 17412 1126522 1210208
6 1.144003 1 17232 1116143 1224284
6 1.145004 1 16937 1132096 1198792
6 1.146004 2 17105 1112696 1222653
6 1.147004 3 17271 1115196 1220671
6 1.148004 1 17252 1113012 1224301
6 1.149004 1 16862 1130014 1204827
6 1.150004 5 17136 1110677 1226359
6 1.151004 32 17389 1125022 1207043
6 1.152004 1 17251 1116134 1221854
6 1.153004 121 16722 1115306 1177054
6 1.154004 4 17293 1114851 1224571
6 1.155004 3 17472 1126406 1210349
6 1.156003 1 17373 1126560 1218316
6 1.157004 20 16754 1127664 1203994
6 1.158004 3 17042 1117556 1222108
6 1.159004 2 16280 1105872 1227729
6 1.160003 0 17529 1133607 1211571
6 1.161004 3 16796 1122809 1203979
6 1.162004 3 17121 1115587 1219512
6 1.163004 2 17539 1125077 1207111
6 1.164004 0 17297 1121347 1224495
6 1.165004 1 17068 1131224 1201002
6 1.166004 2 17148 1113340 1222514
6 1.167004 4 17282 1126954 1209749
6 1.168003 1 17092 1116210 1224608
6 1.169004 1 16849 1128664 1207852
6 1.170004 3 16960 1111561 1225559
6 1.171004 3 17344 1125687 1208334
6 1.172003 1 17241 1114600 1227211
6 1.173004 1 17227 1135193 1200381
6 1.174004 3 17267 1116533 1222173
6 1.175004 6 17321 1117397 1223305
6 1.176003 1 17413 1113600 1228785
6 1.177004 2 16972 1135147 1200741
6 1.178004 2 17052 1112928 1229015
6 1.179004 2 17036 1112251 1231161
6 1.180004 1 17412 1118138 1225050
6 1.181004 6 16871 1133663 1196465
6 1.182004 2 17331 1115140 1226173
6 1.183004 2 17504 1126854 1210591
6 1.184004 1 17188 1115081 1226612
6 1.185004 2 17200 1134253 1201461
6 1.186004 2 17136 1117309 1222295
6 1.187004 5 17268 1117308 1223370
6 1.188004 3 17161 1114487 1227677
6 1.189004 0 17247 1135109 1200519
6 1.190004 5 16994 1112593 1229297
6 1.191004 3 17300 1117990 1223323
6 1.192003 1 17023 1115291 1226439
6 1.193004 2 17175 1135846 1199850
6 1.194004 3 17317 1115685 1219698
6 1.195004 3 17248 1116178 1224864
6 1.196003 4 17197 1112317 1230371
6 1.197004 1 17005 1133629 1201239
6 1.198004 4 17252 1115482 1219499
6 1.199004 1 17449 1117893 1223209
6 1.200003 1 17351 1118428 1221523
6 1.201004 1 17110 1135719 1202465
6 1.202004 1 17138 1117753 1222377
6 1.203004 3 17221 1117222 1223773
6 1.204004 0 17337 1113573 1229164
6 1.205004 1 16934 1133108 1201693
6 1.206004 2 17042 1115544 1225067
6 1.207004 2 17200 1117921 1223366
6 1.208004 1 16412 1103457 1236728
6 1.209004 2 17048 1133298 1201399
6 1.210004 5 17376 1117007 1223817
6 1.211004 1 17429 1127070 1210535
6 1.212004 5 17092 1116714 1224232
6 1.213004 0 17099 1136178 1201012
6 1.214004 3 17237 1116627 1223893
6 1.215004 2 17263 1117396 1223680
6 1.216004 1 17144 1113867 1228029
6 1.217004 2 17053 1133091 1202810
6 1.218004 4 17122 1115369 1223859
6 1.219004 2 17199 1117796 1222968
6 1.220004 1 17226 1118291 1221552
6 1.221004 1 16974 1136110 1203383
6 1.222004 2 16948 1114871 1224696
6 1.223004 3 17236 1115835 1225560
6 1.224004 1 17508 1118086 1221828
6 1.225004 2 17292 1135599 1199155
6 1.226004 2 16412 1097817 1235249
6 1.227004 2 17175 1116566 1224791
6 1.228004 2 17497 1117167 1223570
6 1.229004 33 14860 1053535 1239197
6 1.230004 4 17127 1114990 1223546
6 1.231004 4 17197 1117340 1223923
6 1.232004 0 17530 1142523 1201180
6 1.233004 3 17078 1112050 1217251
6 1.234004 2 17004 1115631 1224648
6 1.235004 2 17316 1115877 1225844
6 1.236004 0 17529 1143007 1201809
6 1.237004 6 16956 1115247 1219390
6 1.238004 2 17146 1117702 1222809
6 1.239004 2 17311 1118294 1222506
6 1.240004 0 17491 1143078 1201482
6 1.241004 2 17204 1111236 1225014
6 1.242004 2 17134 1116936 1223798
6 1.243004 2 17284 1109637 1234730
6 1.244003 0 17452 1143150 1201749
6 1.245004 2 17057 1112268 1215955
6 1.246004 5 17266 1116788 1223281
6 1.247004 3 17240 1114171 1227997
6 1.248003 0 17615 1143446 1201806
6 1.249004 3 17373 1113980 1221515
6 1.250004 2 17299 1117923 1221916
6 1.251004 3 17241 1113723 1229232
6 1.252003 0 17549 1143186 1201470
6 1.253004 5 16600 1100598 1239300
6 1.254004 2 17248 1125235 1207875
6 1.255004 2 17103 1113636 1228869
6 1.256003 0 17506 1143162 1201893
6 1.257004 6 16464 1100569 1204672
6 1.258004 4 17384 1114891 1225807
6 1.259004 3 16097 1094785 1243347
6 1.260004 0 17513 1143146 1201337
6 1.261004 3 16902 1107810 1228151
6 1.262004 3 17243 1116165 1223666
6 1.263004 2 17470 1117917 1223227
6 1.264003 0 17478 1143310 1201826
6 1.265004 2 17177 1113669 1222030
6 1.266004 2 17099 1116853 1223047
6 1.267004 3 17144 1112054 1230909
6 1.268003 0 17439 1143411 1201839
6 1.269004 2 17132 1115057 1220321
6 1.270004 4 17253 1116426 1223326
6 1.271004 3 17481 1118020 1222846
6 1.272004 0 17690 1143293 1201756
6 1.273004 5 17104 1112980 1223049
6 1.274004 3 17105 1112374 1230018
6 1.275004 1 17220 1117786 1223032
6 1.276003 2 17491 1143310 1201807
6 1.277004 3 17087 1115249 1220168
6 1.278004 160 12860 1007090 1376847
6 1.279004 60 16942 1113500 1223965
6 1.280004 0 17469 1142890 1201084
6 1.281017 151 7181 798656 1680904
6 1.282005 222 3640 720463 1737264
6 1.283004 50 3091 687168 1806781
6 1.284004 62 2977 697211 1808747
6 1.285011 98 2963 669524 1773291
6 1.286005 31 3059 694525 1785793
6 1.287004 39 3007 686156 1806526
6 1.288004 29 2957 702175 1800210
6 1.289005 31 2924 684508 1801252
6 1.290004 17 3053 702409 1800289
6 1.291004 17 3009 689483 1808544
6 1.292004 39 3044 705338 1796419
6 1.293004 49 2990 680036 1801525
6 1.294004 21 3083 706278 1794526
6 1.295004 76 3039 708788 1793786
6 1.296004 43 3083 688977 1805021
6 1.297005 75 2956 704937 1786044
6 1.298004 45 3038 691440 1799192
6 1.299004 114 3118 706493 1797205
6 1.300004 66 2999 692137 1802043
6 1.301005 121 2955 705037 1783068
6 1.302004 91 3037 683982 1806410
6 1.303004 19 3012 703943 1798319
6 1.304005 67 4634 720002 1767657
6 1.305005 38 2810 698211 1776073
6 1.306004 44 2959 688095 1805794
6 1.307004 7 2866 706329 1799498
6 1.308004 14 2877 687710 1807516
6 1.309004 24 2934 701344 1789367
6 1.310004 20 2867 691267 1803643
6 1.311004 9 2775 704568 1795255
6 1.312004 21 2957 713398 1788965
6 1.313004 34 2930 688351 1792620
6 1.314005 36 2899 706977 1798229
6 1.315004 28 3038 696007 1796590
6 1.316004 16 3023 710794 1792630
6 1.317005 19 2997 692234 1789624
6 1.318004 13 2870 709623 1789671
6 1.319004 61 2975 697216 1794878
6 1.320004 53 2896 710838 1795010
6 1.321005 70 2912 690824 1786925
6 1.322005 35 3021 716820 1784087
6 1.323004 93 16717 1120906 1206747
6 1.324004 9 17210 1113423 1227072
6 1.325004 6 15509 1060817 1288876
6 1.326004 3 17168 1114151 1224764
6 1.327004 8 17373 1117758 1222665
6 1.328004 13 17107 1116494 1224474
6 1.329004 24 16583 1115677 1216145
6 1.330004 11 16984 1115752 1223501
6 1.331004 2 17406 1116021 1224687
6 1.332005 16 16494 1097364 1250379
6 1.333004 6 17126 1131345 1195822
6 1.334004 7 17249 1117137 1222035
6 1.335004 4 17367 1117970 1222418
6 1.336004 2 17275 1116955 1223590
6 1.337004 0 16493 1108107 1232644
6 1.338005 7 15766 1079506 1263733
6 1.339004 3 17233 1125195 1208847
6 1.340004 3 17285 1112811 1229232
6 1.341006 18 16964 1134280 1193855
6 1.342004 3 16965 1109078 1224109
6 1.343004 3 17154 1113247 1228846
6 1.344004 9 17292 1115122 1226607
6 1.345004 2 16887 1115626 1222287
6 1.346004 11 17104 1115620 1224420
6 1.347004 4 17237 1115057 1226595
6 1.348004 1 17208 1114552 1227497
6 1.349004 1 17399 1139476 1199206
6 1.350004 3 17442 1115400 1225416
6 1.351004 2 17022 1111003 1232871
6 1.352004 2 17052 1116295 1224590
6 1.353004 0 17330 1140141 1199671
6 1.354004 8 17240 1117060 1223052
6 1.355004 2 17437 1117207 1223489
6 1.356004 2 17381 1117798 1222297
6 1.357004 0 17042 1140294 1199390
6 1.358004 3 17395 1117364 1222595
6 1.359004 4 16517 1099119 1248415
6 1.360004 2 16996 1117634 1222341
6 1.361004 0 17247 1139439 1199024
6 1.362004 2 17196 1115555 1225030
6 1.363004 2 16975 1115949 1225920
6 1.364004 2 17240 1117443 1223017
6 1.365004 0 17241 1138139 1197001
6 1.366004 5 17225 1117460 1222848
6 1.367004 2 17310 1118263 1222754
6 1.368004 1 17194 1114983 1226898
6 1.369004 2 17387 1140155 1199065
6 1.370004 2 17221 1116455 1224397
6 1.371004 4 16952 1114304 1228290
6 1.372004 9 17371 1118053 1222751
6 1.373004 0 17297 1139767 1198909
6 1.374004 8 17270 1117258 1222392
6 1.375004 2 17306 1117829 1222872
6 1.376004 2 17220 1114224 1227860
6 1.377004 1 17370 1140012 1199374
6 1.378004 2 17209 1117152 1222890
6 1.379004 2 17189 1115682 1225782
