double_sided 0.001008 12152 6 137 3830468
double_sided 0.002003 11375 0 83 3574643
double_sided 0.003002 11206 0 470 3172164
double_sided 0.004002 10640 0 504 3296735
double_sided 0.005002 10087 0 389 3294951
double_sided 0.006002 9858 0 539 3323539
double_sided 0.007002 11433 0 1616 3399745
double_sided 0.008002 10359 0 1109 3342348
double_sided 0.009002 9228 0 230 3330074
double_sided 0.010002 9588 0 1097 3393922
double_sided 0.011002 12028 0 581 3455311
double_sided 0.012002 12343 0 186 3250895
double_sided 0.013002 9958 0 113 3042899
double_sided 0.014002 9680 0 633 3285614
double_sided 0.015002 9157 0 651 3442054
double_sided 0.016002 7936 0 8 3604063
double_sided 0.017002 8795 0 157 3715117
double_sided 0.018002 10513 0 114 3660053
double_sided 0.019002 10538 0 702 3426325
double_sided 0.020002 11951 0 402 3448544
double_sided 0.021002 12255 0 154 3253335
double_sided 0.022002 11198 0 293 2936039
double_sided 0.023002 12444 0 248 3062650
double_sided 0.024002 11633 0 173 3050790
double_sided 0.025002 11143 0 313 2994251
double_sided 0.026002 12168 0 364 3098505
double_sided 0.027002 11416 0 165 3040343
double_sided 0.028002 12172 0 249 3050088
double_sided 0.029002 11237 0 209 3050671
double_sided 0.030002 9861 0 233 3112653
double_sided 0.031002 10401 0 962 3300913
double_sided 0.032002 10716 0 1240 3393546
double_sided 0.033002 10632 0 1134 3397737
double_sided 0.034002 10526 0 786 3327132
double_sided 0.035002 9936 0 635 3350666
double_sided 0.036002 8832 0 172 3438279
double_sided 0.037002 8149 0 46 3591620
double_sided 0.038002 7774 0 49 3684664
double_sided 0.039002 7980 0 41 3733657
double_sided 0.040002 9136 0 210 3708829
double_sided 0.041002 8402 0 83 3603785
double_sided 0.042002 8339 0 124 3592659
double_sided 0.043002 8171 0 36 3683822
double_sided 0.044002 8374 0 129 3684803
double_sided 0.045002 8611 0 190 3683703
double_sided 0.046002 10749 0 521 3613512
double_sided 0.047002 9891 0 324 3374620
double_sided 0.048002 9286 0 199 3334913
double_sided 0.049002 10064 0 666 3486798
double_sided 0.050002 10063 0 830 3498264
double_sided 0.051002 10680 0 424 3451533
double_sided 0.052002 8651 0 5 3420250
double_sided 0.053002 8735 0 390 3553199
double_sided 0.054002 10929 0 884 3640976
double_sided 0.055002 9857 0 473 3462233
double_sided 0.056002 11504 0 180 3450243
double_sided 0.057002 11217 0 206 3266193
double_sided 0.058002 9236 0 68 3185799
double_sided 0.059002 9230 0 60 3370972
double_sided 0.060002 10755 0 580 3550298
double_sided 0.061002 11029 0 1313 3434343
double_sided 0.062002 10828 0 474 3296443
double_sided 0.063002 10632 0 588 3299967
double_sided 0.064002 10966 0 609 3298891
double_sided 0.065002 9725 0 381 3295362
double_sided 0.066002 10185 0 819 3332831
double_sided 0.067002 11598 0 1700 3401588
double_sided 0.068002 9964 0 791 3334221
double_sided 0.069002 9789 0 91 3388829
double_sided 0.070002 12535 0 241 3373784
double_sided 0.071002 10807 0 312 3128654
double_sided 0.072002 9485 0 171 3207239
double_sided 0.073002 9467 0 227 3397074
double_sided 0.074002 11020 0 693 3450754
double_sided 0.075002 9778 0 426 3391332
double_sided 0.076002 10561 0 444 3446132
double_sided 0.077002 10951 0 600 3398224
double_sided 0.078002 11162 0 241 3297206
double_sided 0.079002 10155 0 320 3236069
double_sided 0.080002 9967 0 511 3282854
double_sided 0.081002 9632 0 712 3412395
double_sided 0.082002 8065 0 15 3481939
double_sided 0.083002 8497 0 133 3646570
double_sided 0.084002 8334 0 117 3717243
double_sided 0.085002 8129 0 181 3687668
double_sided 0.086002 7429 0 4 3677238
double_sided 0.087002 7962 0 22 3736008
double_sided 0.088002 8432 0 51 3783092
double_sided 0.089002 7938 0 51 3726434
double_sided 0.090002 7453 0 2 3678041
double_sided 0.091002 7915 0 20 3730712
double_sided 0.092002 8570 0 276 3724091
double_sided 0.093002 8084 0 165 3686128
double_sided 0.094002 8164 0 47 3680439
double_sided 0.095002 8130 0 50 3683294
double_sided 0.096002 8162 0 27 3683210
double_sided 0.097002 9009 0 296 3681750
double_sided 0.098002 11138 0 754 3594493
double_sided 0.099002 10021 0 299 3414942
double_sided 0.100002 9279 0 204 3418022
double_sided 0.101002 9160 0 260 3426631
double_sided 0.102002 8647 0 101 3537167
double_sided 0.103002 8911 0 335 3685936
double_sided 0.104002 8821 0 358 3687977
double_sided 0.105002 9999 0 819 3628816
double_sided 0.106002 9427 0 387 3540255
double_sided 0.107002 8110 0 2 3600053
double_sided 0.108002 8103 0 43 3682701
double_sided 0.109002 8080 0 118 3683634
double_sided 0.110002 8161 0 93 3681139
double_sided 0.111002 7964 0 40 3683058
double_sided 0.112002 8096 0 59 3683069
double_sided 0.113002 8145 0 57 3687880
double_sided 0.114002 8219 0 59 3683741
double_sided 0.115002 8226 0 41 3717064
double_sided 0.116002 7923 0 3 3712533
double_sided 0.117002 8746 0 165 3715147
double_sided 0.118002 10186 0 334 3687233
double_sided 0.119002 11493 0 558 3543909
double_sided 0.120002 13025 0 306 3331988
double_sided 0.121002 10685 0 214 3035660
double_sided 0.122002 9856 0 134 3133324
double_sided 0.123002 10221 0 301 3329577
double_sided 0.124002 11232 0 743 3456540
double_sided 0.125002 10834 0 251 3319842
double_sided 0.126002 10428 0 269 3238627
double_sided 0.127002 9792 0 505 3339157
double_sided 0.128002 11536 0 590 3438748
double_sided 0.129002 12362 0 175 3260934
double_sided 0.130002 10858 0 41 2999289
double_sided 0.131002 10154 0 159 3163170
double_sided 0.132002 9322 0 291 3338058
double_sided 0.133002 9663 0 360 3429964
double_sided 0.134002 10582 0 397 3425134
double_sided 0.135002 11050 0 620 3454548
double_sided 0.136002 9713 0 265 3370623
double_sided 0.137002 10184 0 217 3397527
double_sided 0.138002 11898 0 360 3365529
double_sided 0.139002 10223 0 193 3233404
double_sided 0.140002 9681 0 244 3336180
double_sided 0.141002 10202 0 721 3392257
double_sided 0.142002 10404 0 726 3392991
double_sided 0.143002 11272 0 127 3454756
double_sided 0.144002 12764 0 285 3308692
double_sided 0.145002 11118 0 325 3046451
double_sided 0.146002 11065 0 301 3029809
double_sided 0.147002 11261 0 114 3197550
double_sided 0.148002 10380 0 417 3248420
double_sided 0.149002 10402 0 827 3336110
double_sided 0.150002 10498 0 883 3334854
double_sided 0.151002 10131 0 458 3345643
double_sided 0.152002 10894 0 1607 3402759
double_sided 0.153002 10565 0 1261 3348518
double_sided 0.154002 10162 0 690 3346683
double_sided 0.155002 10815 0 1383 3394995
double_sided 0.156002 10997 0 1370 3394326
double_sided 0.157002 10307 0 1175 3398211
double_sided 0.158002 9224 0 474 3391494
double_sided 0.159002 10843 0 862 3504394
double_sided 0.160002 9801 0 680 3485332
double_sided 0.161002 10533 0 285 3440261
double_sided 0.162002 11384 0 248 3363841
double_sided 0.163002 9009 0 460 3304576
double_sided 0.164002 10858 0 1285 3507003
double_sided 0.165002 9688 0 697 3485898
double_sided 0.166002 12155 0 819 3453558
double_sided 0.167002 10797 0 185 3258407
double_sided 0.168002 9828 0 266 3177999
double_sided 0.169002 11534 0 1351 3437786
double_sided 0.170002 10536 0 149 3231086
double_sided 0.171002 9840 0 707 3264320
double_sided 0.172002 9111 0 578 3436064
double_sided 0.173002 7946 0 49 3570336
double_sided 0.174002 7647 0 24 3681048
double_sided 0.175002 9062 0 246 3733866
double_sided 0.176002 9302 0 209 3682018
double_sided 0.177002 10664 0 420 3540751
double_sided 0.178002 9711 0 34 3353620
double_sided 0.179002 10487 0 423 3409728
double_sided 0.180002 10136 0 427 3378054
double_sided 0.181002 8832 0 116 3384009
double_sided 0.182002 9973 0 444 3542512
double_sided 0.183002 9569 0 447 3523828
double_sided 0.184002 9648 0 412 3540869
double_sided 0.185002 9833 0 514 3530304
double_sided 0.186002 8485 0 2 3482284
double_sided 0.187002 8029 0 13 3592334
double_sided 0.188002 8724 0 117 3739438
double_sided 0.189002 8623 0 150 3719135
double_sided 0.190002 7539 0 10 3680333
double_sided 0.191002 9731 0 276 3741558
double_sided 0.192002 11035 0 798 3676772
double_sided 0.193002 10623 0 928 3484682
double_sided 0.194002 9710 0 484 3331650
double_sided 0.195002 10430 0 187 3403330
double_sided 0.196002 9804 0 340 3432820
double_sided 0.197002 10168 0 398 3439815
double_sided 0.198002 11249 0 101 3395444
double_sided 0.199002 10200 0 203 3286684
double_sided 0.200002 10185 0 758 3371478
double_sided 0.201002 9857 0 746 3393866
double_sided 0.202002 11231 0 1218 3355805
double_sided 0.203002 10289 0 154 3294429
double_sided 0.204002 10073 0 445 3344260
double_sided 0.205002 9777 0 877 3396601
double_sided 0.206002 9231 0 271 3468541
double_sided 0.207002 12570 0 486 3534598
double_sided 0.208002 12670 0 133 3243317
double_sided 0.209002 10610 0 156 2990490
double_sided 0.210002 9387 0 638 3186926
double_sided 0.211002 10932 0 1191 3395737
double_sided 0.212002 11186 0 1416 3401818
double_sided 0.213002 10548 0 840 3395932
double_sided 0.214002 10276 0 583 3330247
double_sided 0.215002 10323 0 850 3342518
double_sided 0.216002 11265 0 1402 3401442
double_sided 0.217002 10170 0 728 3343917
double_sided 0.218002 8859 0 104 3351325
double_sided 0.219002 9541 0 459 3501713
double_sided 0.220002 12079 0 615 3537848
double_sided 0.221002 10978 0 354 3280121
double_sided 0.222002 9714 0 221 3180223
double_sided 0.223002 9378 0 307 3359309
double_sided 0.224002 10855 0 344 3437944
double_sided 0.225002 9634 0 183 3403472
double_sided 0.226002 9882 0 541 3346474
double_sided 0.227002 9793 0 1046 3396697
double_sided 0.228002 11380 0 712 3438875
double_sided 0.229002 12609 0 314 3322757
double_sided 0.230002 10706 0 146 3000409
double_sided 0.231002 10695 0 706 3167657
double_sided 0.232002 11104 0 1134 3299571
double_sided 0.233002 10727 0 736 3299998
double_sided 0.234002 10736 0 861 3296810
double_sided 0.235002 10845 0 524 3294885
double_sided 0.236002 10543 0 502 3297924
double_sided 0.237002 9954 0 446 3332990
double_sided 0.238002 8749 0 83 3389883
double_sided 0.239002 11321 0 1158 3516268
double_sided 0.240002 10372 0 571 3417419
double_sided 0.241002 9769 0 553 3332837
double_sided 0.242002 11153 0 1394 3395770
double_sided 0.243002 9694 0 372 3331820
double_sided 0.244002 10337 0 819 3345912
double_sided 0.245002 10357 0 1072 3400827
double_sided 0.246002 10503 0 1329 3395488
double_sided 0.247002 10467 0 1190 3396435
double_sided 0.248002 9828 0 691 3391644
double_sided 0.249002 10050 0 801 3439636
double_sided 0.250002 10573 0 33 3488801
double_sided 0.251002 9514 0 21 3437486
double_sided 0.252002 10091 0 410 3482875
double_sided 0.253002 10542 0 654 3485618
double_sided 0.254002 9675 0 663 3352188
double_sided 0.255002 12079 0 475 3449037
double_sided 0.256002 11999 0 107 3232780
double_sided 0.257002 9787 0 67 3094546
double_sided 0.258002 10779 0 176 3329437
double_sided 0.259002 11368 0 238 3319261
double_sided 0.260002 10089 0 1123 3287025
double_sided 0.261002 9015 0 602 3402953
double_sided 0.262004 9067 0 476 3408362
double_sided 0.263004 9673 0 299 3446827
double_sided 0.264002 10140 0 281 3417307
double_sided 0.265002 8862 0 276 3329244
double_sided 0.266002 11144 0 738 3454057
double_sided 0.267002 9802 0 269 3372852
double_sided 0.268002 10255 0 364 3406065
double_sided 0.269002 10683 0 577 3434926
double_sided 0.270002 10694 0 1025 3332069
double_sided 0.271002 9226 0 147 3341150
double_sided 0.272002 9658 0 404 3478553
double_sided 0.273002 11222 0 499 3543781
double_sided 0.274002 11598 0 475 3300889
double_sided 0.275002 9972 0 158 3244171
double_sided 0.276002 10141 0 486 3347579
double_sided 0.277002 9558 0 257 3386124
double_sided 0.278002 11102 0 429 3437930
double_sided 0.279002 11533 0 233 3335555
double_sided 0.280002 9792 0 176 3212807
double_sided 0.281002 10472 0 375 3346050
double_sided 0.282002 10305 0 478 3347532
double_sided 0.283002 10341 0 463 3350503
double_sided 0.284002 10279 0 688 3393873
double_sided 0.285002 9760 0 372 3393721
double_sided 0.286002 8796 0 150 3393375
double_sided 0.287002 9632 0 258 3475114
double_sided 0.288002 11949 0 408 3553250
double_sided 0.289002 11430 0 219 3260486
double_sided 0.290002 9665 0 147 3101232
double_sided 0.291002 7967 0 5 3325239
double_sided 0.292002 8327 0 14 3566157
double_sided 0.293002 8282 0 205 3686799
double_sided 0.294002 9618 0 182 3639544
double_sided 0.295002 10046 0 203 3532343
double_sided 0.296002 9807 0 110 3489567
double_sided 0.297002 8919 0 88 3482205
double_sided 0.298002 10072 0 359 3545396
double_sided 0.299002 10505 0 457 3460406
double_sided 0.300002 10029 0 387 3395713
double_sided 0.301002 10599 0 569 3391722
double_sided 0.302002 9927 0 292 3346565
double_sided 0.303002 9900 0 255 3345344
double_sided 0.304002 9890 0 303 3395347
double_sided 0.305002 10839 0 451 3442895
double_sided 0.306002 11200 0 272 3368800
double_sided 0.307002 10136 0 119 3204130
double_sided 0.308002 10088 0 577 3342642
double_sided 0.309002 9257 0 367 3431490
double_sided 0.310002 9830 0 355 3544564
double_sided 0.311002 12180 0 551 3524921
double_sided 0.312002 10796 0 149 3285396
double_sided 0.313002 9185 0 220 3234437
double_sided 0.314002 12521 0 438 3459737
double_sided 0.315002 11928 0 120 3190104
double_sided 0.316002 10705 0 150 3054047
double_sided 0.317002 10429 0 224 3194285
double_sided 0.318002 10616 0 188 3294602
double_sided 0.319002 10430 0 752 3354798
double_sided 0.320002 10516 0 1070 3393702
double_sided 0.321002 10808 0 1244 3392951
double_sided 0.322002 10570 0 643 3343192
double_sided 0.323002 10767 0 185 3296661
double_sided 0.324002 10273 0 147 3296744
double_sided 0.325002 11047 0 847 3356247
double_sided 0.326002 11761 0 840 3293895
double_sided 0.327002 11557 0 287 3154250
double_sided 0.328002 12465 0 483 3163444
double_sided 0.329002 10523 0 305 3081462
double_sided 0.330002 8881 0 376 3165791
double_sided 0.331002 10912 0 672 3514204
double_sided 0.332002 11415 0 1063 3483505
double_sided 0.333002 10159 0 877 3341157
double_sided 0.334002 9518 0 532 3327628
double_sided 0.335002 11780 0 2038 3399805
double_sided 0.336002 12006 0 1104 3288805
double_sided 0.337002 11236 0 354 3148591
double_sided 0.338002 8920 0 243 3217039
double_sided 0.339002 9634 0 70 3391349
double_sided 0.340002 10340 0 273 3440654
double_sided 0.341002 8387 0 27 3423150
double_sided 0.342002 8543 0 94 3585728
double_sided 0.343002 9428 0 359 3687247
double_sided 0.344002 10849 0 835 3638248
double_sided 0.345002 10926 0 811 3480259
double_sided 0.346002 11076 0 1084 3296612
double_sided 0.347002 10985 0 1101 3299357
double_sided 0.348002 10899 0 880 3295470
double_sided 0.349002 10612 0 849 3301147
double_sided 0.350002 10367 0 124 3294285
double_sided 0.351002 9602 0 155 3328594
double_sided 0.352002 8929 0 462 3442320
double_sided 0.353002 8065 0 54 3597184
double_sided 0.354002 8165 0 32 3685751
double_sided 0.355002 8084 0 7 3683872
double_sided 0.356002 10807 0 420 3631355
double_sided 0.357002 10627 0 541 3451586
double_sided 0.358002 9260 0 390 3349578
double_sided 0.359002 11107 0 1064 3521054
double_sided 0.360002 11164 0 824 3410715
double_sided 0.361002 10242 0 536 3294832
double_sided 0.362002 10256 0 197 3291257
double_sided 0.363002 10651 0 810 3339202
double_sided 0.364002 10331 0 696 3351453
double_sided 0.365002 9437 0 530 3349570
double_sided 0.366002 11576 0 750 3435172
double_sided 0.367002 11309 0 208 3323608
double_sided 0.368002 9431 0 379 3216571
double_sided 0.369002 11545 0 684 3452972
double_sided 0.370002 11112 0 205 3299454
double_sided 0.371002 9590 0 85 3216474
double_sided 0.372002 8784 0 27 3404100
double_sided 0.373002 8346 6 178 3591125
double_sided 0.374002 8188 0 8 3681679
double_sided 0.375002 8320 0 129 3681302
double_sided 0.376002 8230 0 44 3682334
double_sided 0.377002 7844 1 4 3686543
double_sided 0.378002 8088 0 2 3684914
double_sided 0.379002 8086 0 2 3685033
double_sided 0.380002 8084 0 3 3683497
double_sided 0.381002 8286 0 114 3685758
double_sided 0.382002 7998 0 5 3679020
double_sided 0.383002 8143 0 3 3724471
double_sided 0.384002 8064 0 6 3732604
double_sided 0.385002 8485 0 98 3706645
double_sided 0.386002 11052 0 1148 3670149
double_sided 0.387002 11358 0 1045 3426704
double_sided 0.388002 11194 0 936 3299687
double_sided 0.389002 9790 0 567 3293408
double_sided 0.390002 9717 0 696 3343741
double_sided 0.391002 10951 0 1233 3398883
double_sided 0.392002 11292 0 1369 3394197
double_sided 0.393002 9502 0 471 3326914
double_sided 0.394002 9327 0 242 3344879
double_sided 0.395002 10804 0 708 3440802
double_sided 0.396002 10429 0 360 3400506
double_sided 0.397002 11857 0 340 3353175
double_sided 0.398002 9770 0 75 3177008
double_sided 0.399002 9848 0 461 3384376
double_sided 0.400002 9462 0 331 3531170
double_sided 0.401002 8389 0 167 3566574
double_sided 0.402002 10482 0 622 3622197
double_sided 0.403002 9524 0 296 3527928
double_sided 0.404002 8300 0 24 3569011
double_sided 0.405002 8310 0 75 3684158
double_sided 0.406002 12121 0 854 3629617
double_sided 0.407002 12616 0 479 3383098
double_sided 0.408002 10252 0 109 3096025
double_sided 0.409002 9165 0 99 3171490
double_sided 0.410002 12042 0 435 3454112
double_sided 0.411002 12446 0 373 3262789
double_sided 0.412002 9051 0 165 3033810
double_sided 0.413002 9044 0 273 3290221
double_sided 0.414002 10052 0 778 3511841
double_sided 0.415002 10650 0 613 3509855
double_sided 0.416002 11211 0 1038 3471562
double_sided 0.417002 10077 0 404 3295696
double_sided 0.418002 10176 0 623 3352715
double_sided 0.419002 9591 0 706 3389707
double_sided 0.420002 8963 0 449 3449625
double_sided 0.421002 8133 0 68 3599173
double_sided 0.422002 7431 0 4 3681355
double_sided 0.423002 8021 0 35 3717361
double_sided 0.424002 8232 0 36 3782586
double_sided 0.425002 8853 0 411 3714544
double_sided 0.426002 11183 0 612 3634221
double_sided 0.427002 10946 0 473 3431073
double_sided 0.428002 9808 0 733 3342073
double_sided 0.429002 10724 0 1150 3394951
double_sided 0.430002 9881 0 868 3393676
double_sided 0.431002 8796 0 177 3442627
double_sided 0.432002 7876 0 18 3590980
double_sided 0.433002 8144 0 97 3706833
double_sided 0.434002 8146 0 97 3731441
double_sided 0.435002 9931 1 303 3743788
double_sided 0.436002 12450 0 244 3622369
double_sided 0.437002 12047 0 222 3239286
double_sided 0.438002 9830 0 76 3056821
double_sided 0.439002 9129 0 94 3261640
double_sided 0.440002 10896 0 1115 3491896
double_sided 0.441002 9839 0 697 3439008
double_sided 0.442002 10447 0 1018 3344902
double_sided 0.443002 10659 0 1103 3399121
double_sided 0.444002 10720 0 1150 3396310
double_sided 0.445002 10659 0 1053 3398217
double_sided 0.446002 10080 0 956 3401282
double_sided 0.447002 10265 0 1214 3392537
double_sided 0.448002 11891 0 417 3440962
double_sided 0.449002 12059 0 177 3270423
double_sided 0.450002 10626 0 95 3051553
double_sided 0.451002 10438 0 519 3200762
double_sided 0.452002 10940 0 919 3295327
double_sided 0.453002 10600 0 912 3299167
double_sided 0.454002 10267 0 754 3349559
double_sided 0.455002 9957 0 823 3394434
double_sided 0.456002 9513 0 621 3430306
double_sided 0.457002 9373 0 394 3542096
double_sided 0.458002 12352 0 606 3543530
double_sided 0.459002 11871 0 257 3269442
double_sided 0.460002 12350 0 132 3119616
double_sided 0.461002 10955 0 55 3053556
double_sided 0.462002 9245 0 86 3109617
double_sided 0.463002 10800 0 1303 3390989
double_sided 0.464002 11303 0 1631 3394731
double_sided 0.465002 10067 1 405 3336391
double_sided 0.466002 10341 0 527 3333074
double_sided 0.467002 10145 0 1007 3392759
double_sided 0.468002 10317 0 1227 3393441
double_sided 0.469002 10556 0 1277 3397710
double_sided 0.470002 9874 0 401 3393213
double_sided 0.471002 10736 0 638 3438389
double_sided 0.472002 11128 0 747 3446710
double_sided 0.473002 10902 0 1004 3325034
double_sided 0.474002 10674 0 662 3295935
double_sided 0.475002 10557 0 450 3297605
double_sided 0.476002 10629 0 977 3334127
double_sided 0.477002 10813 0 1283 3399192
double_sided 0.478002 9615 0 288 3330442
double_sided 0.479002 11248 0 65 3386573
double_sided 0.480002 11684 0 193 3277581
double_sided 0.481002 10403 0 357 3181169
double_sided 0.482002 10844 0 237 3297489
double_sided 0.483002 10620 0 198 3298166
double_sided 0.484002 10984 0 194 3294012
double_sided 0.485002 10218 0 199 3296017
double_sided 0.486002 10172 0 406 3295548
double_sided 0.487002 9554 0 412 3339957
double_sided 0.488002 9622 0 314 3430691
double_sided 0.489002 9504 0 108 3487355
double_sided 0.490002 9361 0 263 3537169
double_sided 0.491002 10314 0 537 3592370
double_sided 0.492002 11926 0 603 3545957
double_sided 0.493002 10179 1 205 3213188
double_sided 0.494002 8501 0 15 3227719
double_sided 0.495002 12432 0 926 3456325
double_sided 0.496002 11847 0 286 3128544
double_sided 0.497002 11383 1 191 3003041
double_sided 0.498002 11475 0 64 3030261
double_sided 0.499002 11585 0 146 3040792
double_sided 0.500002 11468 0 206 3136348
double_sided 0.501002 11652 0 267 3198488
double_sided 0.502002 12117 0 554 3138666
double_sided 0.503002 10906 0 384 3099894
double_sided 0.504002 10639 0 271 3176306
double_sided 0.505002 9763 0 254 3293217
double_sided 0.506002 10415 0 573 3343632
double_sided 0.507002 11197 0 1717 3400462
double_sided 0.508002 10727 0 707 3328053
double_sided 0.509002 10163 0 203 3294124
double_sided 0.510002 10874 0 766 3340924
double_sided 0.511002 10528 0 684 3343309
double_sided 0.512002 10894 0 893 3337013
double_sided 0.513002 10642 0 1184 3395175
double_sided 0.514002 10373 0 679 3338476
double_sided 0.515002 10303 0 726 3341887
double_sided 0.516002 9962 0 874 3393666
double_sided 0.517002 10911 0 682 3434826
double_sided 0.518002 11980 0 302 3257443
double_sided 0.519002 10928 0 374 3098549
double_sided 0.520002 9836 0 243 3176131
double_sided 0.521002 10611 0 316 3405615
double_sided 0.522002 10634 0 218 3340401
double_sided 0.523002 10250 0 127 3243745
double_sided 0.524002 11429 0 330 3334245
double_sided 0.525002 9700 2 192 3246764
double_sided 0.526002 9653 0 674 3329728
double_sided 0.527002 10876 0 1333 3397698
double_sided 0.528002 10389 0 922 3393710
double_sided 0.529002 10034 1 891 3393411
double_sided 0.530002 9577 0 298 3389046
double_sided 0.531002 11054 0 649 3457388
double_sided 0.532002 10200 0 247 3379235
double_sided 0.533002 9613 0 424 3339185
double_sided 0.534002 9976 0 951 3406839
double_sided 0.535002 11566 0 949 3418945
double_sided 0.536002 9863 0 162 3265126
double_sided 0.537002 9228 0 58 3293170
double_sided 0.538002 10228 0 30 3447528
double_sided 0.539002 9789 0 394 3495631
double_sided 0.540002 11516 0 494 3538963
double_sided 0.541002 10131 0 161 3371304
double_sided 0.542002 10786 0 565 3300045
double_sided 0.543002 9254 0 306 3332928
double_sided 0.544002 10111 0 784 3477452
double_sided 0.545002 10953 0 1838 3459411
double_sided 0.546002 9860 0 231 3331556
double_sided 0.547002 10196 0 421 3340960
double_sided 0.548002 9783 0 403 3393101
double_sided 0.549002 10371 0 655 3431579
double_sided 0.550002 11028 0 1004 3432507
double_sided 0.551002 11092 0 953 3338514
double_sided 0.552002 9828 0 127 3292700
double_sided 0.553003 10465 0 557 3334771
double_sided 0.554002 10722 0 468 3333695
double_sided 0.555002 10589 0 164 3292806
double_sided 0.556002 10591 0 180 3296586
double_sided 0.557002 10985 0 350 3296555
double_sided 0.558002 10691 0 265 3298893
double_sided 0.559002 9631 0 281 3345189
double_sided 0.560002 11181 0 739 3443056
double_sided 0.561002 11299 0 282 3345632
double_sided 0.562002 9943 0 206 3207776
double_sided 0.563002 10438 0 698 3343330
double_sided 0.564002 10360 0 1295 3393694
double_sided 0.565002 10703 0 656 3425185
double_sided 0.566002 12916 0 365 3265811
double_sided 0.567002 11604 0 406 2985994
double_sided 0.568002 11120 0 199 3043141
double_sided 0.569002 10047 0 224 3237693
double_sided 0.570002 10189 0 168 3297233
double_sided 0.571002 10947 0 1285 3348393
double_sided 0.572002 10609 0 894 3340570
double_sided 0.573002 10048 0 474 3340295
double_sided 0.574002 10309 0 1206 3392346
double_sided 0.575002 10683 0 1330 3400232
double_sided 0.576002 10136 0 1005 3392215
double_sided 0.577002 9914 0 789 3396063
double_sided 0.578002 10791 0 610 3438722
double_sided 0.579002 9579 0 403 3441529
double_sided 0.580002 10813 0 1187 3512953
double_sided 0.581002 10573 0 712 3465185
double_sided 0.582002 10077 0 569 3393243
double_sided 0.583002 11412 0 505 3436328
double_sided 0.584002 12405 0 190 3358149
double_sided 0.585002 11477 0 383 3099413
double_sided 0.586002 11958 0 652 3099019
double_sided 0.587002 11905 0 320 3143818
double_sided 0.588002 10709 0 126 3115382
double_sided 0.589002 10438 0 383 3224353
double_sided 0.590002 10709 0 1159 3392820
double_sided 0.591002 10757 0 1204 3397658
double_sided 0.592002 10841 0 1218 3396541
double_sided 0.593002 10827 0 294 3333028
double_sided 0.594002 11171 0 335 3299416
double_sided 0.595002 10313 0 175 3226483
double_sided 0.596002 10329 0 735 3300415
double_sided 0.597002 10070 0 577 3441138
double_sided 0.598002 11339 0 1008 3447550
double_sided 0.599002 11884 0 1022 3284897
double_sided 0.600002 11533 0 381 3151825
double_sided 0.601002 9737 0 264 3185062
double_sided 0.602002 9313 0 333 3349373
double_sided 0.603002 11723 0 433 3447681
double_sided 0.604002 12360 0 311 3295036
double_sided 0.605002 10789 0 389 3102838
double_sided 0.606002 10459 0 267 3223641
double_sided 0.607002 9749 0 126 3293488
double_sided 0.608002 10183 0 364 3338730
double_sided 0.609002 10293 0 497 3395491
double_sided 0.610002 10225 0 651 3390397
double_sided 0.611002 10979 0 318 3435881
double_sided 0.612002 9503 0 120 3350046
double_sided 0.613002 10872 0 302 3400149
double_sided 0.614002 11472 0 189 3331402
double_sided 0.615002 9628 0 507 3269618
double_sided 0.616002 9488 0 588 3437016
double_sided 0.617002 8244 0 144 3568345
double_sided 0.618002 8886 0 89 3612577
double_sided 0.619002 9351 0 221 3638455
double_sided 0.620002 10314 0 342 3586483
double_sided 0.621002 11435 2 1072 3450279
double_sided 0.622002 11974 0 799 3285767
double_sided 0.623002 12797 0 328 3200200
double_sided 0.624002 10381 0 165 3065140
double_sided 0.625002 10133 1 241 3138281
double_sided 0.626002 10707 0 190 3282449
double_sided 0.627002 9868 0 554 3238965
double_sided 0.628002 11923 0 725 3450799
double_sided 0.629002 11198 2 368 3281766
double_sided 0.630002 10530 0 386 3181090
double_sided 0.631002 9933 0 660 3333760
double_sided 0.632002 10535 0 1037 3395094
double_sided 0.633002 9693 2 880 3392710
double_sided 0.634002 8764 0 528 3388622
double_sided 0.635002 10976 0 1494 3489392
double_sided 0.636002 10694 0 651 3495589
double_sided 0.637002 10500 0 995 3395888
double_sided 0.638002 10439 0 774 3331972
double_sided 0.639002 9613 0 288 3340554
double_sided 0.640002 11065 0 164 3434943
double_sided 0.641002 11695 0 149 3284022
double_sided 0.642002 11274 0 56 3194694
double_sided 0.643002 10958 0 442 3241617
double_sided 0.644002 11042 0 730 3297023
double_sided 0.645002 10418 0 488 3300917
double_sided 0.646002 10711 0 999 3350877
double_sided 0.647002 10808 0 1312 3394825
double_sided 0.648002 10854 0 1626 3397552
double_sided 0.649002 10482 0 1636 3396538
double_sided 0.650002 10407 0 850 3341262
double_sided 0.651002 10901 0 953 3335924
double_sided 0.652002 10805 0 715 3324556
double_sided 0.653002 10296 0 184 3296290
double_sided 0.654002 10777 0 268 3294517
double_sided 0.655002 11180 0 320 3301569
double_sided 0.656002 10863 0 210 3297694
double_sided 0.657002 10516 0 349 3294342
double_sided 0.658002 9275 0 87 3292180
double_sided 0.659002 10227 0 57 3398071
double_sided 0.660002 10601 0 61 3382366
double_sided 0.661002 9777 0 707 3335021
double_sided 0.662002 10800 0 1322 3397839
double_sided 0.663002 10757 0 1022 3394233
double_sided 0.664002 10901 0 1159 3394714
double_sided 0.665002 10771 0 1141 3347215
double_sided 0.666002 10403 0 152 3298153
double_sided 0.667002 10322 0 607 3347563
double_sided 0.668002 10483 0 900 3395392
double_sided 0.669002 10908 0 1300 3396890
double_sided 0.670002 9481 0 564 3323220
double_sided 0.671002 9740 0 85 3399523
double_sided 0.672002 10278 0 292 3434239
double_sided 0.673002 9774 0 242 3429486
double_sided 0.674002 10474 0 34 3487728
double_sided 0.675002 8905 0 11 3484148
double_sided 0.676002 10286 0 150 3588912
double_sided 0.677002 10622 0 830 3549358
double_sided 0.678002 9141 0 725 3394859
double_sided 0.679002 10656 0 1014 3489134
double_sided 0.680002 10174 0 471 3501642
double_sided 0.681002 9273 0 290 3449136
double_sided 0.682002 10465 0 656 3540103
double_sided 0.683002 10334 0 846 3491309
double_sided 0.684002 8675 0 67 3425189
double_sided 0.685002 8172 0 44 3599654
double_sided 0.686002 10954 0 670 3635680
double_sided 0.687002 10734 0 530 3455411
double_sided 0.688002 9532 0 293 3333882
double_sided 0.689002 10408 0 404 3431541
double_sided 0.690002 9985 0 62 3359006
double_sided 0.691002 9280 0 361 3348404
double_sided 0.692002 10909 0 662 3441490
double_sided 0.693002 9799 0 349 3387920
double_sided 0.694002 9502 0 430 3351857
double_sided 0.695002 10825 0 610 3450088
double_sided 0.696002 9933 0 281 3381496
double_sided 0.697002 8796 0 95 3330952
double_sided 0.698002 8833 0 320 3456749
double_sided 0.699002 9082 0 269 3540972
double_sided 0.700002 7869 0 2 3594867
double_sided 0.701002 8007 1 99 3701768
double_sided 0.702002 8224 0 229 3736398
double_sided 0.703002 8082 0 18 3742767
double_sided 0.704002 7988 0 107 3716751
double_sided 0.705002 8981 0 260 3706792
double_sided 0.706002 10642 0 1078 3702763
double_sided 0.707002 11338 0 1285 3483590
double_sided 0.708002 10393 0 720 3386639
double_sided 0.709002 10113 0 849 3397781
double_sided 0.710002 10662 0 1276 3393624
double_sided 0.711002 10999 0 924 3334418
double_sided 0.712002 10564 0 214 3293346
double_sided 0.713002 10500 0 469 3342738
double_sided 0.714002 9974 0 747 3348870
double_sided 0.715002 9901 0 341 3372773
double_sided 0.716002 10437 0 413 3403900
double_sided 0.717002 9973 0 133 3374279
double_sided 0.718002 9941 0 60 3364673
double_sided 0.719002 9811 0 576 3341452
double_sided 0.720002 10403 0 771 3393405
double_sided 0.721002 10881 0 1307 3395458
double_sided 0.722002 10517 0 590 3333393
double_sided 0.723002 10715 0 191 3294927
double_sided 0.724002 10790 0 198 3297998
double_sided 0.725002 10461 0 307 3295072
double_sided 0.726002 9085 0 56 3291417
double_sided 0.727002 10909 0 60 3404448
double_sided 0.728002 10505 0 43 3372577
double_sided 0.729002 8796 0 212 3342186
double_sided 0.730002 9881 0 827 3470332
double_sided 0.731002 9464 0 720 3464562
double_sided 0.732002 9738 0 443 3489723
double_sided 0.733002 11190 0 1415 3488842
double_sided 0.734002 10221 0 327 3324262
double_sided 0.735002 10159 0 463 3346524
double_sided 0.736002 10304 0 596 3394007
double_sided 0.737002 10823 0 438 3440828
double_sided 0.738002 11585 0 182 3301565
double_sided 0.739002 10525 0 163 3246747
double_sided 0.740002 9087 0 46 3338885
double_sided 0.741002 9186 0 375 3492986
double_sided 0.742002 11099 0 331 3546711
double_sided 0.743002 10973 0 690 3429752
double_sided 0.744002 9773 0 392 3325922
double_sided 0.745002 10820 0 322 3410046
double_sided 0.746002 10938 0 188 3320455
double_sided 0.747002 9050 0 232 3213064
double_sided 0.748002 12279 0 827 3454074
double_sided 0.749002 10287 0 469 3267146
double_sided 0.750002 12002 0 480 3243074
double_sided 0.751002 11306 0 416 3248959
double_sided 0.752002 11056 0 811 3261985
double_sided 0.753002 10311 0 692 3299239
double_sided 0.754002 10558 0 447 3298978
double_sided 0.755002 10533 0 351 3295465
double_sided 0.756002 10361 0 542 3296697
double_sided 0.757002 10618 0 1058 3354895
double_sided 0.758002 10223 0 767 3338016
double_sided 0.759002 9928 0 235 3334151
double_sided 0.760002 10762 0 1234 3394460
double_sided 0.761002 11046 0 1363 3397844
double_sided 0.762002 10860 0 716 3337138
double_sided 0.763002 10480 0 147 3294030
double_sided 0.764002 10545 0 595 3345904
double_sided 0.765002 10418 0 900 3396429
double_sided 0.766002 10279 0 692 3393530
double_sided 0.767002 10097 0 578 3393358
double_sided 0.768002 11392 0 375 3432774
double_sided 0.769002 10980 0 105 3271032
double_sided 0.770002 9661 0 74 3179339
double_sided 0.771002 9364 0 54 3331342
double_sided 0.772002 9568 0 621 3467092
double_sided 0.773002 10819 0 1143 3464228
double_sided 0.774002 10975 0 891 3350499
double_sided 0.775002 10761 0 193 3298573
double_sided 0.776002 10404 0 143 3293915
double_sided 0.777002 9845 0 169 3297491
double_sided 0.778002 9473 0 112 3330964
double_sided 0.779002 11136 0 677 3455246
double_sided 0.780002 11495 0 512 3378400
double_sided 0.781002 10299 0 633 3294444
double_sided 0.782002 10764 0 547 3296056
double_sided 0.783002 11076 0 1342 3336949
double_sided 0.784002 10754 0 1188 3355007
double_sided 0.785002 9800 0 828 3320929
double_sided 0.786002 11594 0 401 3449325
double_sided 0.787002 12821 0 262 3296019
double_sided 0.788002 11184 0 224 3052679
double_sided 0.789002 10607 0 318 3119858
double_sided 0.790002 12455 0 355 3198275
double_sided 0.791002 12189 0 436 3157926
double_sided 0.792002 10640 0 515 3097603
double_sided 0.793002 9401 0 801 3262322
double_sided 0.794002 8870 0 62 3427279
double_sided 0.795002 7872 0 14 3603651
double_sided 0.796002 8070 0 11 3733685
double_sided 0.797002 8395 0 50 3759136
double_sided 0.798002 8226 0 139 3739601
double_sided 0.799002 11386 0 992 3634259
double_sided 0.800002 10753 0 454 3403489
double_sided 0.801002 10216 0 753 3345611
double_sided 0.802002 10183 0 883 3393753
double_sided 0.803002 10338 0 1123 3398404
double_sided 0.804002 9054 0 438 3445248
double_sided 0.805002 8111 0 77 3597929
double_sided 0.806002 7520 0 15 3680198
double_sided 0.807002 8446 0 165 3706022
double_sided 0.808002 10496 0 411 3701547
double_sided 0.809002 10011 0 457 3460317
double_sided 0.810002 10718 0 177 3440402
double_sided 0.811002 11815 0 347 3358498
double_sided 0.812002 10589 0 801 3286811
double_sided 0.813002 10415 0 1004 3348797
double_sided 0.814002 9693 0 561 3344219
double_sided 0.815002 10203 0 454 3439192
double_sided 0.816002 10506 0 30 3488709
double_sided 0.817002 9222 0 230 3431789
double_sided 0.818002 9812 0 642 3469664
double_sided 0.819002 9918 0 399 3500780
double_sided 0.820002 9787 0 530 3505586
double_sided 0.821002 10069 0 649 3524614
double_sided 0.822002 8286 0 8 3481971
double_sided 0.823002 8340 0 7 3577943
double_sided 0.824002 8166 0 36 3679844
double_sided 0.825002 8369 0 125 3683795
double_sided 0.826002 10653 0 410 3627810
double_sided 0.827002 11282 0 836 3490058
double_sided 0.828002 10339 0 984 3348560
double_sided 0.829002 9376 0 107 3412543
double_sided 0.830002 8450 0 29 3481441
double_sided 0.831002 8151 0 18 3568665
double_sided 0.832002 8698 0 186 3717879
double_sided 0.833002 9096 0 288 3719709
double_sided 0.834002 9908 0 331 3631227
double_sided 0.835002 9867 0 84 3536561
double_sided 0.836002 10525 0 250 3439219
double_sided 0.837002 10412 0 845 3395389
double_sided 0.838002 10588 0 1203 3394872
double_sided 0.839002 10329 0 991 3390434
double_sided 0.840002 10738 0 1328 3397232
double_sided 0.841002 9289 0 540 3391436
double_sided 0.842002 11760 0 959 3436866
double_sided 0.843002 11708 0 267 3360566
double_sided 0.844002 11194 0 220 3107579
double_sided 0.845002 9620 0 571 3229178
double_sided 0.846002 10141 0 1034 3394986
double_sided 0.847002 9130 0 520 3436044
double_sided 0.848002 7905 0 5 3569360
double_sided 0.849002 8256 0 183 3719556
double_sided 0.850002 7981 0 6 3718450
double_sided 0.851002 8031 0 17 3723162
double_sided 0.852002 8382 0 37 3778601
double_sided 0.853002 8415 0 149 3715313
double_sided 0.854002 7978 0 44 3680981
double_sided 0.855002 8688 0 180 3721982
double_sided 0.856002 10766 0 800 3658574
double_sided 0.857002 10470 0 793 3472775
double_sided 0.858002 9741 0 341 3392849
double_sided 0.859002 10495 0 551 3430566
double_sided 0.860002 10671 0 699 3422231
double_sided 0.861002 9802 0 946 3394231
double_sided 0.862004 9551 2 402 3473018
double_sided 0.863004 10355 3 178 3350274
double_sided 0.864002 9393 4 58 3735807
double_sided 0.865002 9103 2 138 3861259
double_sided 0.866002 11015 0 811 3662780
double_sided 0.867002 10729 0 965 3481235
double_sided 0.868002 10944 0 1324 3402506
double_sided 0.869002 10525 3 818 3348970
double_sided 0.870002 11374 2 165 3629770
double_sided 0.871002 11163 3 110 4020802
double_sided 0.872002 11178 0 787 3673799
double_sided 0.873002 9586 1 709 3390601
double_sided 0.874002 10945 0 458 3438371
double_sided 0.875002 11457 0 221 3367049
double_sided 0.876002 9454 0 336 3313490
double_sided 0.877002 9733 4 429 3388799
double_sided 0.878002 10116 0 422 3393547
double_sided 0.879002 10258 0 459 3394313
double_sided 0.880002 9962 0 372 3391052
double_sided 0.881002 10488 1 514 3438688
