5 0.001008 808 36 1233259 176617
5 0.002004 2466 227 1473800 34191
5 0.003003 543 250 1493135 26960
5 0.004003 84 253 1493387 25522
5 0.005003 37 250 1494144 25505
5 0.006003 166 262 1484420 28254
5 0.007003 1 252 1494564 25254
5 0.008004 10 252 1497131 25865
5 0.009002 2 255 1492798 24172
5 0.010003 2 251 1490451 29614
5 0.011005 4 252 1498372 25699
5 0.012005 3 250 1492947 27486
5 0.013004 0 0 1507049 998
5 0.014003 5 248 1482242 36987
5 0.015002 1 251 1491258 24382
5 0.016003 1 264 1496513 25034
5 0.017002 1 247 1495122 23949
5 0.018003 2 249 1554375 28756
5 0.019002 1 250 1494988 23912
5 0.020002 1 250 1495960 24002
5 0.021002 1 275 1495667 24920
5 0.022004 3 255 1494135 28861
5 0.023004 1 246 1494894 26376
5 0.024002 1 257 1492789 25902
5 0.025003 1 265 1496023 25182
5 0.026003 3 234 1585373 25219
5 0.027002 1 264 1653913 25083
5 0.028002 1 237 1655016 25020
5 0.029002 1 242 1655465 24068
5 0.030002 3 257 1606126 30625
5 0.031002 1 241 1654658 24990
5 0.032002 1 250 1655245 24815
5 0.033002 1 252 1654394 26408
5 0.034003 2 264 1513595 176341
5 0.035003 480 248 1494825 25673
5 0.036002 13 242 1495141 24891
5 0.037002 1 256 1495426 24988
5 0.038002 1 242 1592603 28701
5 0.039002 1 228 1654684 24852
5 0.040002 1 277 1655011 25530
5 0.041002 1 241 1654541 26171
5 0.042002 1 269 1627777 28236
5 0.043002 1 256 1654626 24986
5 0.044002 1 241 1655197 24771
5 0.045002 1 258 1655058 24928
5 0.046002 1 264 1629374 30202
5 0.047002 1 251 1626004 25011
5 0.048002 1 240 1654599 25962
5 0.049002 1 228 1655031 25111
5 0.050002 1 248 1629111 28959
5 0.051002 1 245 1654539 26367
5 0.052002 1 273 1631269 26479
5 0.053002 1 246 1655045 24773
5 0.054002 1 244 1628930 28796
5 0.055002 1 238 1654673 24933
5 0.056002 1 249 1655169 24966
5 0.057002 1 225 1654248 26916
5 0.058002 1 266 1616246 51470
5 0.059002 1 251 1654929 25040
5 0.060002 1 235 1655026 25060
5 0.061002 1 230 1655136 24916
5 0.062002 1 237 1626513 40797
5 0.063002 11 245 1654564 24452
5 0.064002 1 250 1655438 24192
5 0.065002 2 526 1641109 49557
5 0.066002 1 268 1627011 28542
5 0.067002 1 244 1654665 25659
5 0.068002 1 246 1654905 25355
5 0.069002 1 261 1655113 24989
5 0.070002 1 233 1626648 33155
5 0.071002 1 240 1654139 26480
5 0.072002 1 278 1654538 26526
5 0.073002 1 228 1654435 26363
5 0.074002 3 287 1627228 34628
5 0.075002 1 256 1655326 24304
5 0.076002 1 270 1655132 24952
5 0.077002 1 252 1655000 24949
5 0.078002 2 250 1625626 34998
5 0.079002 1 246 1654695 24940
5 0.080002 1 245 1655041 25142
5 0.081002 1 244 1654458 26453
5 0.082002 1 276 1650897 34132
5 0.083002 1 254 1655033 24922
5 0.084002 1 258 1655231 24928
5 0.085002 1 233 1654532 26306
5 0.086002 1 266 1650523 36049
5 0.087002 1 260 1654384 26621
5 0.088002 1 257 1654771 26028
5 0.089002 1 244 1655150 24928
5 0.090002 2 276 1650701 35250
5 0.091002 1 255 1654938 25012
5 0.092002 1 238 1654916 25539
5 0.093002 1 268 1654772 25823
5 0.094002 2 236 1650761 35329
5 0.095002 5 492 1652220 30570
5 0.096002 1 252 1645315 40122
5 0.097002 1 243 1654437 26445
5 0.098002 1 248 1650662 35393
5 0.099002 1 225 1654978 25503
5 0.100002 1 249 1654577 26463
5 0.101002 1 266 1655071 25251
5 0.102002 1 253 1653003 28594
5 0.103002 1 245 1655060 25020
5 0.104002 1 246 1655156 24962
5 0.105002 1 273 1654678 26501
5 0.106002 4 255 1649924 36766
5 0.107002 1 256 1654382 26475
5 0.108002 1 259 1655448 24339
5 0.109003 1 257 1611713 26887
5 0.110002 3 255 1648254 35757
5 0.111002 1 264 1654340 26508
5 0.112002 1 260 1654419 26571
5 0.113002 1 271 1654318 26527
5 0.114002 1 250 1651062 34772
5 0.115002 1 258 1654985 24975
5 0.116002 1 261 1655143 25086
5 0.117002 1 253 1654995 25014
5 0.118002 1 249 1651005 31332
5 0.119002 1 267 1655171 25088
5 0.120002 1 248 1654636 26467
5 0.121002 1 265 1654764 25697
5 0.122002 1 247 1650697 35777
5 0.123002 1 262 1654706 26034
5 0.124002 1 267 1655169 25045
5 0.125002 2 502 1640437 51022
5 0.126002 1 251 1652298 30481
5 0.127002 1 266 1654516 26499
5 0.128002 1 251 1654614 26411
5 0.129002 1 234 1655081 24929
5 0.130002 1 240 1652538 29432
5 0.131002 1 261 1654606 25571
5 0.132002 1 258 1655081 25056
5 0.133002 1 259 1654399 26728
5 0.134002 1 271 1627810 28889
5 0.135002 1 247 1654383 26581
5 0.136002 1 231 1655081 24800
5 0.137002 1 245 1655213 24974
5 0.138002 1 261 1652708 28831
5 0.139002 1 243 1655095 24985
5 0.140002 1 267 1654490 26544
5 0.141002 1 248 1654555 26481
5 0.142002 1 263 1652023 29784
5 0.143002 1 261 1654468 26760
5 0.144002 1 257 1654562 26528
5 0.145002 1 254 1654942 25076
5 0.146002 1 261 1652220 30090
5 0.147002 1 254 1636980 25471
5 0.148002 1 243 1647003 23916
5 0.149002 1 244 1654847 25770
5 0.150002 1 265 1650337 37484
5 0.151002 1 258 1655246 24399
5 0.152002 1 246 1655063 24915
5 0.153002 1 259 1654932 24988
5 0.154002 1 238 1650762 34656
5 0.155002 7 528 1640045 52213
5 0.156002 1 229 1654576 26532
5 0.157002 1 238 1654492 26384
5 0.158002 1 245 1650818 34725
5 0.159002 1 255 1655329 24370
5 0.160002 1 252 1654574 26609
5 0.161002 4 266 1651793 38308
5 0.162002 1 253 1651638 30219
5 0.163002 1 236 1654283 26471
5 0.164002 1 241 1654426 26865
5 0.165002 1 236 1654514 26520
5 0.166002 2 259 1651888 31211
5 0.167002 1 256 1654346 26554
5 0.168002 1 241 1655310 24849
5 0.169002 1 237 1654487 26430
5 0.170002 1 262 1652873 29052
5 0.171002 2 251 1654355 26334
5 0.172002 1 262 1654596 26477
5 0.173002 1 249 1654583 26447
5 0.174003 1 265 1652705 30811
5 0.175002 1 253 1653858 26595
5 0.176002 1 261 1654494 26439
5 0.177002 1 243 1655145 24904
5 0.178002 1 259 1651536 29572
5 0.179002 1 252 1654711 25505
5 0.180002 1 252 1654513 26559
5 0.181002 1 257 1654893 25011
5 0.182002 1 262 1652705 29477
5 0.183002 16 247 1654610 25986
5 0.184002 2 489 1640588 50942
5 0.185002 1 236 1655586 24145
5 0.186002 5 254 1652393 29514
5 0.187002 1 249 1654799 25667
5 0.188002 1 255 1655576 24155
5 0.189002 1 251 1654453 26486
5 0.190002 22 254 1650321 37085
5 0.191002 1 230 1655448 24074
5 0.192002 1 260 1654562 26441
5 0.193002 1 243 1654988 25450
5 0.194002 2 265 1651132 33603
5 0.195002 1 229 1654422 26481
5 0.196002 1 237 1655615 24142
5 0.197002 1 270 1654983 25041
5 0.198002 1 263 1650957 34116
5 0.199002 1 254 1655123 24965
5 0.200002 1 248 1654857 25655
5 0.201002 1 244 1561861 26520
5 0.202003 2 274 1493140 32104
5 0.203003 2 248 1494244 24549
5 0.204003 2 243 1496295 24207
5 0.205005 11 250 1499564 26779
5 0.206005 13 266 1487783 33028
5 0.207004 5 255 1476694 25723
5 0.208003 1 253 1491993 24906
5 0.209002 2 251 1492499 25480
5 0.210003 3 3 1497065 11730
5 0.211005 4 268 1498587 26403
5 0.212004 2 249 1491833 26085
5 0.213003 1 257 1493171 25232
5 0.214003 5 252 1480815 33015
5 0.215002 1 257 1494481 24951
5 0.216002 1 264 1494968 26323
5 0.217003 2 251 1495898 26693
5 0.218003 13 264 1528336 30960
5 0.219002 2 244 1495406 24127
5 0.220002 1 267 1495869 23986
5 0.221002 1 247 1495559 24930
5 0.222003 3 250 1493706 28128
5 0.223002 1 249 1494826 25035
5 0.224003 3 246 1495032 27414
5 0.225003 2 231 1495196 25659
5 0.226004 5 265 1605691 33352
5 0.227003 3 257 1573566 26015
5 0.228002 0 0 1509015 489
5 0.229002 1 230 1495441 25565
5 0.230002 1 268 1588964 31401
5 0.231002 2 242 1654554 24501
5 0.232002 1 238 1654808 25476
5 0.233002 1 255 1655142 24961
5 0.234002 1 256 1605373 32088
5 0.235003 2 241 1582791 25203
5 0.236002 2 478 1639461 50961
5 0.237002 1 269 1655216 24999
5 0.238003 2 275 1525271 29118
5 0.239003 0 0 1510148 642
5 0.240002 1 239 1493612 25155
5 0.241002 1 260 1495114 25582
5 0.242003 1 260 1577329 31480
5 0.243002 1 242 1653900 24888
5 0.244002 1 237 1654981 25373
5 0.245002 1 244 1654573 26393
5 0.246002 1 264 1623928 31217
5 0.247002 1 260 1654886 24595
5 0.248002 1 233 1627778 24919
5 0.249002 2 504 1640955 49381
5 0.250002 1 263 1604443 32872
5 0.251002 1 236 1654957 24891
5 0.252002 1 258 1599098 24986
5 0.253002 1 250 1654514 24953
5 0.254002 1 254 1623589 30793
5 0.255002 1 246 1655005 23936
5 0.256002 1 258 1655013 25091
5 0.257002 1 246 1655173 24950
5 0.258002 1 243 1627691 28766
5 0.259002 1 259 1655162 24916
5 0.260002 1 258 1655125 24918
5 0.261002 1 252 1655050 25015
5 0.262002 1 262 1627579 34495
5 0.263002 1 260 1654540 25032
5 0.264002 1 266 1655148 24993
5 0.265002 1 250 1654402 26367
5 0.266002 1 254 1623089 33052
5 0.267002 1 259 1654427 26667
5 0.268002 1 232 1606273 25668
5 0.269002 1 253 1495346 25064
5 0.270002 1 273 1593177 32512
5 0.271002 1 253 1654011 26163
5 0.272002 1 254 1655567 24032
5 0.273002 1 241 1655062 24918
5 0.274002 1 277 1626849 33063
5 0.275002 1 254 1654992 25172
5 0.276002 1 265 1655070 25070
5 0.277002 1 234 1654996 24791
5 0.278002 1 264 1623226 44171
5 0.279002 1 246 1653953 26353
5 0.280002 1 242 1655188 24924
5 0.281002 1 236 1655047 24850
5 0.282002 1 263 1627708 29475
5 0.283002 4 285 1654850 24981
5 0.284002 1 243 1654602 26461
5 0.285002 1 240 1655176 24966
5 0.286002 1 234 1624848 34912
5 0.287002 1 258 1653932 26128
5 0.288002 2 484 1639910 52328
5 0.289002 1 247 1655312 24834
5 0.290002 6 247 1626821 33872
5 0.291002 1 251 1654447 25514
5 0.292002 1 251 1655162 24979
5 0.293002 1 259 1655117 24984
5 0.294002 1 267 1628032 29756
5 0.295002 1 249 1654739 24855
5 0.296002 1 256 1654966 24968
5 0.297002 1 248 1654994 24918
5 0.298002 8 259 1623392 36431
5 0.299002 4 252 1654355 26423
5 0.300002 1 256 1654310 27175
5 0.301002 1 253 1655075 24911
5 0.302002 1 246 1627952 35251
5 0.303002 1 233 1654327 26889
5 0.304002 1 262 1654575 26656
5 0.305002 1 270 1655110 25027
5 0.306002 1 266 1629323 29827
5 0.307002 1 263 1654146 26689
5 0.308002 1 245 1654559 26393
5 0.309002 1 245 1654321 26538
5 0.310002 23 264 1627054 26648
5 0.311002 1 263 1654894 25143
5 0.312002 1 258 1655280 25055
5 0.313002 1 264 1655025 25184
5 0.314002 1 249 1651709 32301
5 0.315002 1 247 1654979 24794
5 0.316002 1 254 1654568 26429
5 0.317002 1 236 1628792 26459
5 0.318002 1 253 1651783 30158
5 0.319002 1 263 1654926 25453
5 0.320002 2 535 1640321 51642
5 0.321002 1 259 1654393 26608
5 0.322002 1 255 1652960 28887
5 0.323002 1 255 1654723 25418
5 0.324002 1 248 1655250 24831
5 0.325003 1 248 1631338 24376
5 0.326003 4 259 1650191 37344
5 0.327002 1 250 1654329 24910
5 0.328002 1 236 1654521 26395
5 0.329002 1 246 1654521 26419
5 0.330002 1 240 1652332 30199
5 0.331002 1 253 1654271 26502
5 0.332002 1 259 1655153 24895
5 0.333002 1 242 1654412 26454
5 0.334002 2 259 1650787 35295
5 0.335002 1 248 1654985 24867
5 0.336002 1 251 1654577 26467
5 0.337002 1 252 1655378 24202
5 0.338002 1 268 1651274 33494
5 0.339002 1 248 1655304 24170
5 0.340002 1 258 1655080 25186
5 0.341002 1 254 1654920 24982
5 0.342002 10 259 1650896 36639
5 0.343002 1 256 1654201 26441
5 0.344002 1 250 1655165 24869
5 0.345002 1 257 1654549 26478
5 0.346002 1 247 1652898 29069
5 0.347002 1 232 1654662 26126
5 0.348002 1 261 1628234 25100
5 0.349002 1 249 1654371 26443
5 0.350002 2 492 1638885 53733
5 0.351002 1 241 1655067 25002
5 0.352002 1 262 1654517 26563
5 0.353002 1 247 1654898 25486
5 0.354002 2 257 1627439 28905
5 0.355002 1 252 1654193 26606
5 0.356002 1 230 1655221 24838
5 0.357002 1 247 1654426 26501
5 0.358002 7 258 1651201 29086
5 0.359002 1 242 1654865 25004
5 0.360002 1 240 1655200 24897
5 0.361002 1 233 1654459 26381
5 0.362002 1 260 1649665 39230
5 0.363002 1 255 1654317 26532
5 0.364002 3 226 1654106 27553
5 0.365002 1 248 1655010 24930
5 0.366002 1 242 1652309 30194
5 0.367002 1 260 1654475 26449
5 0.368002 1 256 1655176 24971
5 0.369002 1 262 1654287 26715
5 0.370002 1 245 1651397 33595
5 0.371002 1 254 1655104 24914
5 0.372002 1 245 1655217 24945
5 0.373002 1 260 1655066 24916
5 0.374002 1 240 1650565 35561
5 0.375002 2 278 1655209 24604
5 0.376002 2 233 1655147 24867
5 0.377002 1 261 1654379 26446
5 0.378002 2 284 1650246 36803
5 0.379002 2 512 1640177 51551
5 0.380002 1 251 1654691 26487
5 0.381002 1 240 1654333 26472
5 0.382002 1 271 1650829 35192
5 0.383002 1 278 1655043 24983
5 0.384002 1 245 1655569 23979
5 0.385002 1 254 1654489 26350
5 0.386002 1 272 1650715 34969
5 0.387002 1 255 1655115 25127
5 0.388002 1 244 1655237 25045
5 0.389002 1 254 1654369 26616
5 0.390002 1 272 1650866 34586
5 0.391002 1 250 1655015 24892
5 0.392002 1 246 1655170 24992
5 0.393002 1 238 1654199 27052
5 0.394002 1 274 1650677 35975
5 0.395002 1 246 1654985 24913
5 0.396002 1 246 1654626 26575
5 0.397002 1 238 1654502 26426
5 0.398002 1 271 1651505 33759
5 0.399002 4 261 1654477 26477
5 0.400002 1 267 1654589 26561
5 0.401002 1 266 1654433 26454
5 0.402002 1 248 1653269 27778
5 0.403002 1 254 1654586 26594
5 0.404002 1 252 1654531 26439
5 0.405002 1 239 1654834 25596
5 0.406002 1 262 1650847 34519
5 0.407002 1 263 1654700 25945
5 0.408002 2 480 1641130 49540
5 0.409002 1 244 1655086 24941
5 0.410002 1 254 1650711 36293
5 0.411002 1 253 1655471 24268
5 0.412002 1 255 1655086 24911
5 0.413002 1 236 1654445 26429
5 0.414002 6 281 1651442 33317
5 0.415002 1 247 1655466 24116
5 0.416002 1 262 1655211 25051
5 0.417002 1 239 1655437 23966
5 0.418002 1 264 1650682 33610
5 0.419002 1 252 1654401 26443
5 0.420002 1 259 1654978 25525
5 0.421002 1 247 1654567 26427
5 0.422002 1 264 1652452 30601
5 0.423002 1 245 1655050 24887
5 0.424002 1 245 1655555 24033
5 0.425002 1 229 1630071 26494
5 0.426002 3 262 1651416 31016
5 0.427002 1 265 1654544 26406
5 0.428002 1 266 1654865 25592
5 0.429002 1 258 1655061 24874
5 0.430002 1 251 1652307 30338
5 0.431002 1 268 1654465 26382
5 0.432003 1 248 1628453 25594
5 0.433002 1 256 1654339 25034
5 0.434002 1 247 1612403 30682
5 0.435002 2 253 1638486 24744
5 0.436002 1 247 1629841 24917
5 0.437002 1 244 1655015 24923
5 0.438002 16 262 1652105 29314
5 0.439002 2 514 1640815 49878
5 0.440002 1 248 1654964 25638
5 0.441002 1 263 1654422 26449
5 0.442002 1 281 1653026 28606
5 0.443002 1 258 1654460 26531
5 0.444002 1 233 1654602 26403
5 0.445002 1 252 1654334 26549
5 0.446002 6 252 1650049 37811
5 0.447002 1 267 1654705 25814
5 0.448002 1 248 1628527 26533
5 0.449002 1 260 1654576 26467
5 0.450002 1 260 1651088 34300
5 0.451002 1 252 1654408 26582
5 0.452002 1 253 1655069 24927
5 0.453002 1 246 1655051 25016
5 0.454003 2 270 1652135 34564
5 0.455002 1 259 1626648 33635
5 0.456002 11 260 1654541 26253
5 0.457002 1 249 1655041 24959
5 0.458002 1 260 1652930 29082
5 0.459002 1 259 1654908 24949
5 0.460002 1 261 1655083 24911
5 0.461002 1 262 1654413 26550
5 0.462002 3 254 1652310 30696
5 0.463002 1 249 1654444 26421
5 0.464002 1 238 1655156 24902
5 0.465002 1 261 1654369 26718
5 0.466002 1 236 1652171 30880
5 0.467002 2 258 1655064 24714
5 0.468002 1 236 1655236 24958
5 0.469002 2 505 1641155 49373
5 0.470002 1 267 1653208 29035
5 0.471002 1 243 1654582 24904
5 0.472002 1 248 1654547 26462
5 0.473002 1 260 1654988 24898
5 0.474002 1 259 1652094 30551
5 0.475002 1 261 1654773 25542
5 0.476002 1 244 1654603 26440
5 0.477002 1 249 1654496 26445
5 0.478002 1 265 1651976 28514
5 0.479002 1 253 1654399 26503
5 0.480002 1 253 1654433 26561
5 0.481002 1 250 1654300 26589
5 0.482002 1 264 1652975 28995
5 0.483002 1 276 1654987 25042
5 0.484002 1 260 1654422 26534
5 0.485002 1 265 1654929 24921
5 0.486002 1 260 1652543 30900
5 0.487002 1 257 1654920 25082
5 0.488002 1 246 1655112 24933
5 0.489002 1 249 1654416 26501
5 0.490002 1 261 1650343 36430
5 0.491002 1 249 1655075 24966
5 0.492002 1 256 1655268 24954
5 0.493002 1 246 1654501 26546
5 0.494002 1 246 1651279 31685
5 0.495002 2 258 1655130 24623
5 0.496002 1 237 1655052 25038
5 0.497002 2 475 1649425 35861
5 0.498002 4 271 1644375 41718
5 0.499002 1 254 1654407 26648
5 0.500002 1 246 1654575 26422
5 0.501002 1 256 1553618 26509
5 0.502002 1 267 1512846 334516
5 0.503002 1 264 1655209 24207
5 0.504002 1 246 1654517 26397
5 0.505002 1 259 1654774 25652
5 0.506002 1 254 1652803 29016
5 0.507002 1 265 1654939 24974
5 0.508002 7 218 1514543 24936
5 0.509002 1 233 1495314 25097
5 0.510004 23 262 1494574 28421
5 0.511003 1 248 1578864 25009
5 0.512003 0 0 1510724 676
5 0.513003 14 254 1494857 25279
5 0.514003 1 231 1587689 30015
5 0.515002 2 246 1652896 24574
5 0.516002 1 246 1654652 26403
5 0.517002 1 252 1654788 25809
5 0.518003 1 247 1570995 29512
5 0.519003 1 263 1495481 24832
5 0.520002 1 242 1493784 25281
5 0.521002 1 249 1492795 27083
5 0.522003 1 254 1569137 30534
5 0.523002 1 247 1654672 23991
5 0.524002 1 255 1655127 24926
5 0.525002 1 264 1655117 24825
5 0.526002 1 246 1622722 35210
5 0.527002 1 248 1654322 24504
5 0.528002 1 252 1655198 25153
5 0.529002 1 234 1654517 26409
5 0.530003 1 242 1533936 33193
5 0.531002 1 261 1495048 24459
5 0.532002 1 261 1605597 25033
5 0.533002 1 249 1654511 25619
5 0.534002 1 254 1624854 32953
5 0.535002 1 246 1593236 26151
5 0.536002 2 254 1564338 161857
5 0.537002 3750 139 1490149 35672
5 0.538003 119 256 1489858 28520
5 0.539003 6 268 1492177 45342
5 0.540003 15 254 1494780 24895
5 0.541002 1 236 1493782 26464
5 0.542002 9 256 1572870 34205
5 0.543002 1 274 1653883 25022
5 0.544002 1 250 1655345 24847
5 0.545002 1 258 1655081 25012
5 0.546003 1 245 1623528 28533
5 0.547002 1 223 1653940 24906
5 0.548002 1 251 1628362 24910
5 0.549002 1 266 1654979 24984
5 0.550002 1 257 1617139 56441
5 0.551002 1 245 1654992 25037
5 0.552003 1 244 1491858 44863
5 0.553002 24 257 1495188 24463
5 0.554002 12 248 1608430 28377
5 0.555002 1 250 1654895 24000
5 0.556002 1 253 1655091 25006
5 0.557002 1 264 1654564 26114
5 0.558002 1 229 1628014 30872
5 0.559002 1 253 1654923 24597
5 0.560002 1 255 1655533 24059
5 0.561002 1 260 1655110 24923
5 0.562002 1 263 1652689 27958
5 0.563002 2 487 1650830 33176
5 0.564002 1 260 1647236 36374
5 0.565002 1 261 1654998 24959
5 0.566002 1 228 1626982 33286
5 0.567002 1 248 1654306 26457
5 0.568002 1 247 1600114 24916
5 0.569002 1 237 1495935 24085
5 0.570002 1 252 1609275 28943
5 0.571002 1 240 1654718 24926
5 0.572002 1 266 1655128 24880
5 0.573002 1 258 1655231 24979
5 0.574002 1 262 1625855 28513
5 0.575002 1 252 1655017 25034
5 0.576002 1 239 1655211 24880
5 0.577002 1 258 1655129 25026
5 0.578002 1 248 1625516 30351
5 0.579002 1 244 1655083 24032
5 0.580002 1 254 1655007 24910
5 0.581002 1 269 1654979 25158
5 0.582002 1 242 1630341 28474
5 0.583002 1 252 1654952 24971
5 0.584002 1 248 1655240 24833
5 0.585002 1 267 1655066 24982
5 0.586002 1 260 1630758 27962
5 0.587002 1 237 1654135 26362
5 0.588002 1 262 1655203 24874
5 0.589002 1 242 1654839 25629
5 0.590002 3 269 1650595 37494
5 0.591002 1 249 1654884 24964
5 0.592002 1 256 1655088 25001
5 0.593002 1 241 1654573 26439
5 0.594002 1 259 1650433 36316
5 0.595002 4 266 1654680 25980
5 0.596002 1 247 1654462 26532
5 0.597002 1 256 1654322 26657
5 0.598002 1 244 1650280 34076
5 0.599002 4 503 1640732 50461
5 0.600002 1 249 1654691 26458
5 0.601002 1 247 1654484 26530
5 0.602002 1 255 1651632 33047
5 0.603002 1 252 1654839 25582
5 0.604002 1 241 1655229 24982
5 0.605002 1 241 1654957 24998
5 0.606002 1 285 1650501 36073
5 0.607002 1 250 1654992 24986
5 0.608002 1 259 1655089 24930
5 0.609002 1 237 1654428 26391
5 0.610002 1 280 1651286 34604
5 0.611002 1 253 1654794 25750
5 0.612002 1 258 1654859 25764
5 0.613002 1 246 1654728 25519
5 0.614002 1 258 1651141 34039
5 0.615002 1 253 1654393 26519
5 0.616002 1 251 1654722 26559
5 0.617002 1 242 1654983 24817
5 0.618002 1 260 1650801 35912
5 0.619002 1 258 1654966 25012
5 0.620002 1 238 1654723 26287
5 0.621002 1 271 1654506 26563
5 0.622002 1 263 1652295 29937
5 0.623002 1 236 1654555 26258
5 0.624002 1 258 1654979 25188
5 0.625002 1 243 1654443 26559
5 0.626002 1 254 1649842 38540
5 0.627002 1 249 1655236 24433
5 0.628002 3 494 1640902 50149
5 0.629002 1 263 1654534 26562
5 0.630002 2 266 1650373 36229
5 0.631002 1 259 1654514 26490
5 0.632002 1 257 1654399 26606
5 0.633002 1 252 1654454 26412
5 0.634002 2 269 1651449 32888
5 0.635002 1 242 1655322 24254
5 0.636002 1 243 1654950 25536
5 0.637002 1 238 1654760 25696
5 0.638002 5 257 1650527 35164
5 0.639002 1 261 1654289 26646
5 0.640002 1 259 1631787 25038
5 0.641002 1 250 1654204 25650
5 0.642002 1 241 1628350 37723
5 0.643002 1 239 1654545 26414
5 0.644002 1 236 1654597 26507
5 0.645002 1 254 1654567 25928
5 0.646002 1 255 1628466 32432
5 0.647002 1 255 1655402 24176
5 0.648003 1 252 1625044 26709
5 0.649002 1 249 1633143 24851
5 0.650002 1 244 1651326 34329
5 0.651002 1 235 1654939 24854
5 0.652002 1 235 1654654 26473
5 0.653002 1 240 1654979 24912
5 0.654002 1 232 1650546 35097
5 0.655002 2 264 1655284 24492
5 0.656002 1 269 1655082 25066
5 0.657002 1 254 1654403 26494
5 0.658002 1 262 1652078 28008
5 0.659002 5 487 1641573 48405
5 0.660002 1 245 1654630 26451
5 0.661002 1 256 1654345 26603
5 0.662002 3 256 1650513 36843
5 0.663002 1 260 1654403 26434
5 0.664002 1 247 1654835 25689
5 0.665002 1 257 1654424 26482
5 0.666002 1 267 1651410 33433
5 0.667002 1 263 1654585 26227
5 0.668002 1 233 1655163 24894
5 0.669002 1 267 1654473 26409
5 0.670002 1 266 1650880 34233
5 0.671002 1 259 1655545 24151
5 0.672002 1 242 1654545 26624
5 0.673002 1 248 1655049 24967
5 0.674002 1 267 1651360 33615
5 0.675002 1 252 1654612 25720
5 0.676002 1 246 1654689 26394
5 0.677002 1 259 1654470 26422
5 0.678002 1 263 1650008 37976
5 0.679002 1 235 1655412 24042
5 0.680002 1 266 1655094 25089
5 0.681002 1 256 1655007 24986
5 0.682002 1 259 1651661 32795
5 0.683002 1 248 1654337 26669
5 0.684002 1 247 1655187 25032
5 0.685002 1 257 1654381 26517
5 0.686002 1 263 1651091 34566
5 0.687002 1 274 1655052 24571
5 0.688002 2 500 1639981 52381
5 0.689002 1 259 1655220 24885
5 0.690002 1 262 1651148 33752
5 0.691002 1 250 1655063 24962
5 0.692002 1 230 1654772 26321
5 0.693002 1 237 1655072 24892
5 0.694002 1 259 1652274 30206
5 0.695002 1 237 1654529 26486
5 0.696002 1 254 1654533 26459
5 0.697002 1 230 1654923 25435
5 0.698002 4 262 1650661 35436
5 0.699002 1 250 1654326 26619
5 0.700002 1 231 1655346 24826
5 0.701002 1 255 1654708 25806
5 0.702002 1 270 1651713 31957
5 0.703002 1 245 1654958 24874
5 0.704002 1 235 1655510 23974
5 0.705002 1 253 1655099 24870
5 0.706002 1 256 1651780 31694
5 0.707002 1 250 1655121 24741
5 0.708002 1 257 1654634 26482
5 0.709002 1 240 1627150 25050
5 0.710003 3 259 1492560 31352
5 0.711003 2 272 1509139 25290
5 0.712002 1 251 1651822 26565
5 0.713002 1 246 1573930 26752
5 0.714002 8 264 1489063 40020
5 0.715002 1 229 1644420 26454
5 0.716002 7 254 1655193 24984
5 0.717002 1 254 1655074 24942
5 0.718002 1 262 1649515 30360
5 0.719002 1 257 1654730 24925
5 0.720002 1 256 1655067 25102
5 0.721002 1 247 1655041 25022
5 0.722002 1 245 1651464 33078
5 0.723002 1 255 1654599 26001
5 0.724002 1 248 1654510 26524
5 0.725002 1 254 1654519 26576
5 0.726002 1 255 1651189 34268
5 0.727002 2 500 1641127 49484
5 0.728002 1 251 1654687 26421
5 0.729002 15 250 1654448 26269
5 0.730002 1 262 1652788 28710
5 0.731002 2 259 1655079 24996
5 0.732002 1 260 1655115 24947
5 0.733002 1 242 1654451 26362
5 0.734002 1 248 1650016 38641
5 0.735002 1 261 1654468 26520
5 0.736002 1 247 1655096 25101
5 0.737002 1 248 1654912 25028
5 0.738002 1 264 1651073 34182
5 0.739002 1 240 1654560 26410
5 0.740002 1 234 1655199 24957
5 0.741002 1 261 1654207 26522
5 0.742002 1 258 1652063 31471
5 0.743002 1 246 1654643 26286
5 0.744002 1 244 1654638 26246
5 0.745002 1 242 1654500 26424
5 0.746002 2 250 1650763 31517
5 0.747002 1 274 1655146 24317
5 0.748002 1 262 1628900 26292
5 0.749002 1 241 1628541 24915
5 0.750002 1 268 1649083 37966
5 0.751002 1 252 1655168 24955
5 0.752002 1 250 1655649 23969
5 0.753002 1 245 1654441 26503
5 0.754002 1 254 1651326 33490
5 0.755003 1 246 1629831 25658
5 0.756002 1 256 1653717 26497
5 0.757002 2 478 1640890 49977
5 0.758005 4 256 1658441 38412
5 0.759003 1 249 1646664 25495
5 0.760002 1 247 1653578 25806
5 0.761002 1 262 1654812 25639
5 0.762003 1 243 1650643 34221
5 0.763002 1 252 1654075 26469
5 0.764002 1 260 1655191 24909
5 0.765002 1 264 1655112 24891
5 0.766002 1 259 1652968 28632
5 0.767002 1 251 1654362 26511
5 0.768002 1 227 1654610 26343
5 0.769002 1 274 1654340 26584
5 0.770002 3 263 1651027 35113
5 0.771002 1 246 1655186 24881
5 0.772002 1 255 1654518 26529
5 0.773002 1 245 1655413 24095
5 0.774002 1 259 1651899 32078
5 0.775002 1 241 1654335 26579
5 0.776002 1 225 1654634 26481
5 0.777002 1 235 1655096 24919
5 0.778002 2 273 1650245 34341
5 0.779002 1 271 1654927 25003
5 0.780002 1 250 1654662 26350
5 0.781002 1 278 1654415 26538
5 0.782002 1 260 1650766 34248
5 0.783002 1 260 1654712 25988
5 0.784002 1 246 1655155 25078
5 0.785002 1 259 1655230 24946
5 0.786002 2 500 1635865 62185
5 0.787002 1 254 1654598 26440
5 0.788002 1 248 1654922 25175
5 0.789002 1 246 1655142 24890
5 0.790002 1 234 1651742 32333
5 0.791002 1 253 1654530 26569
5 0.792002 1 263 1655133 25042
5 0.793002 1 249 1654550 26503
5 0.794002 1 269 1651844 32069
5 0.795002 1 257 1654397 26627
5 0.796002 1 262 1654609 26479
5 0.797002 1 254 1654493 26409
5 0.798002 1 243 1651260 34043
5 0.799002 1 254 1654400 26542
5 0.800002 1 229 1654595 26439
5 0.801002 1 249 1618645 26658
5 0.802002 1 252 1632072 28590
5 0.803002 1 236 1654924 25004
5 0.804002 1 244 1654712 26125
5 0.805002 1 254 1654263 26700
5 0.806002 11 279 1651070 34863
5 0.807002 1 250 1654697 25719
5 0.808002 1 254 1655513 24077
5 0.809002 1 257 1654471 26478
5 0.810002 2 254 1650868 34582
5 0.811002 1 251 1654484 26435
5 0.812002 1 254 1654993 25562
5 0.813002 1 268 1654942 25184
5 0.814002 1 273 1651335 32560
5 0.815002 1 253 1654575 26213
5 0.816002 2 523 1640981 49734
5 0.817002 1 244 1655040 25142
5 0.818002 1 270 1651809 31961
5 0.819002 1 283 1654898 25048
5 0.820002 1 248 1655168 25035
5 0.821002 1 244 1654949 24954
5 0.822002 1 256 1650469 36267
5 0.823002 1 249 1654503 26538
5 0.824002 1 234 1654645 26372
5 0.825002 1 240 1654950 24978
5 0.826002 1 255 1651580 32959
5 0.827002 1 241 1654889 25531
5 0.828002 1 257 1654507 26507
5 0.829002 16 238 1654510 26542
5 0.830002 1 251 1651081 33966
5 0.831002 1 245 1654584 26515
5 0.832002 1 261 1655174 25003
5 0.833002 1 257 1654583 26501
5 0.834002 1 249 1651938 31886
5 0.835002 1 242 1655047 24957
5 0.836002 1 242 1655032 25823
5 0.837002 1 252 1654512 26448
5 0.838002 1 253 1652337 27820
5 0.839002 1 248 1654392 26415
5 0.840002 1 246 1655186 24908
5 0.841002 1 243 1654951 24980
5 0.842002 1 254 1650068 37891
5 0.843002 3 278 1655126 24735
5 0.844002 1 251 1654454 26503
5 0.845002 2 484 1639857 52567
5 0.846002 4 262 1651758 32603
5 0.847002 1 257 1655014 24967
5 0.848002 1 256 1655104 25465
5 0.849002 1 255 1628647 24903
5 0.850002 1 262 1652356 30540
5 0.851002 1 258 1654890 24971
5 0.852002 1 244 1654408 26538
5 0.853002 1 259 1654455 26535
5 0.854002 3 257 1525972 29198
5 0.855002 1 253 1609466 24982
5 0.856002 1 263 1654604 26572
5 0.857002 1 237 1654517 26473
5 0.858002 1 258 1652642 29103
5 0.859002 1 259 1654805 25500
5 0.860002 1 252 1654455 26578
5 0.861002 1 242 1654500 26601
5 0.862003 3 236 1653306 29174
5 0.863002 71 264 1604862 43485
5 0.864002 1 252 1654470 25066
5 0.865002 1 251 1654348 26608
5 0.866002 1 268 1652458 29477
5 0.867002 1 236 1654454 26512
5 0.868002 1 233 1654995 25101
5 0.869002 1 243 1655062 25075
5 0.870002 1 263 1651669 30075
5 0.871002 1 245 1654888 25614
5 0.872002 1 247 1655187 24967
5 0.873002 1 264 1655025 24944
5 0.874002 3 250 1651858 30982
5 0.875002 1 247 1654497 26338
5 0.876002 1 250 1655276 24729
5 0.877002 1 256 1654896 25035
5 0.878002 12 241 1600154 42908
5 0.879002 225 431 1615453 51292
5 0.880002 1 250 1654818 24994
5 0.881002 1 259 1654511 26542
5 0.882002 2 236 1627642 25864
5 0.883002 1 268 1628762 25192
5 0.884002 1 268 1654933 25413
5 0.885002 1 258 1655142 24953
5 0.886003 1 244 1631313 25889
5 0.887002 1 258 1653369 26639
5 0.888002 1 235 1654763 26326
5 0.889002 1 241 1654461 26447
5 0.890002 7 257 1617917 26657
5 0.891002 1 254 1654421 26299
5 0.892002 1 254 1654688 26604
5 0.893002 1 242 1654982 24861
5 0.894002 1 245 1627443 26761
5 0.895002 1 245 1655210 24984
5 0.896002 1 256 1655264 24770
5 0.897002 1 253 1654719 25677
5 0.898002 1 248 1630895 25343
5 0.899002 1 233 1654987 25446
5 0.900002 1 237 1654643 26489
5 0.901002 1 250 1654851 25523
5 0.902002 1 250 1628132 33115
5 0.903002 1 242 1655067 25019
5 0.904002 1 236 1654988 25780
5 0.905002 1 246 1655162 24963
5 0.906002 1 266 1629619 25682
5 0.907002 1 253 1654665 26428
5 0.908002 1 273 1655554 24264
5 0.909002 1 255 1654587 26533
5 0.910002 1 257 1628516 26911
5 0.911002 1 262 1655354 24895
5 0.912002 2 481 1640344 51547
5 0.913002 1 261 1655202 25112
5 0.914002 1 272 1631081 25493
5 0.915002 1 245 1654472 26500
5 0.916002 1 262 1654611 26497
5 0.917002 1 259 1654835 25632
5 0.918002 1 243 1628562 25511
5 0.919002 1 261 1654604 26411
5 0.920002 1 254 1654629 26573
5 0.921002 1 256 1654278 27200
5 0.922002 1 262 1628643 25325
5 0.923002 1 271 1654240 27200
5 0.924002 1 241 1655608 24155
5 0.925002 1 255 1654417 26492
5 0.926002 1 254 1630932 26767
5 0.927002 1 262 1654567 26433
5 0.928002 1 250 1655333 24865
5 0.929002 1 262 1654596 26479
5 0.930002 1 260 1630744 25341
5 0.931002 1 248 1654535 26616
5 0.932002 1 252 1654664 26464
5 0.933002 1 245 1654563 26282
5 0.934002 1 252 1625689 39286
5 0.935002 1 232 1654729 25713
5 0.936002 1 247 1654543 26444
5 0.937002 1 261 1655096 25029
5 0.938002 1 257 1628313 27466
5 0.939002 1 242 1629792 25054
5 0.940003 1 263 1646907 69781
5 0.941002 557 269 1653122 27319
5 0.942002 2 261 1625228 34892
5 0.943002 6 247 1654629 25913
5 0.944002 1 251 1654611 26466
5 0.945002 2 485 1641562 48478
5 0.946002 1 269 1626941 28820
5 0.947002 1 250 1654313 26594
5 0.948002 1 248 1652207 32909
5 0.949002 1 255 1630072 25784
5 0.950002 1 267 1622208 33244
5 0.951002 1 252 1654395 26428
5 0.952002 2 245 1655528 24319
5 0.953002 1 269 1654949 25655
5 0.954002 6 266 1628505 31295
5 0.955002 1 254 1655087 24928
5 0.956002 1 243 1654477 26533
5 0.957002 1 231 1655115 24983
5 0.958002 2 259 1628034 26812
5 0.959002 1 254 1655110 25114
5 0.960002 1 253 1654539 26527
5 0.961002 1 245 1654391 26570
5 0.962002 1 242 1631028 25916
5 0.963002 4 256 1654748 24940
5 0.964002 1 240 1654420 26876
5 0.965002 1 237 1654437 26469
5 0.966002 3 251 1630058 26687
5 0.967002 1 248 1654716 26351
5 0.968002 1 257 1654560 26553
5 0.969002 1 272 1654858 25489
5 0.970002 1 233 1630990 25127
5 0.971002 1 254 1628506 26554
5 0.972002 1 237 1654441 26357
5 0.973002 1 252 1655061 24917
5 0.974002 2 258 1629606 26969
5 0.975002 1 251 1654674 26332
5 0.976002 1 252 1655056 25457
5 0.977002 1 217 1654224 26841
