1 0.001011 200 245 825 836816
1 0.002007 116 185 877 850955
1 0.003009 72 141 881 920298
1 0.004007 89 170 963 844999
1 0.005007 90 157 986 833512
1 0.006006 118 146 942 805721
1 0.007004 81 157 921 754404
1 0.008005 71 145 938 773610
1 0.009005 104 141 918 891517
1 0.010004 39 143 962 746019
1 0.011005 64 149 916 799664
1 0.012011 96 116 858 704322
1 0.013019 150 196 848 717950
1 0.014006 91 138 485 448249
1 0.015210 69 131 717 658951
1 0.016004 24 102 664 570348
1 0.017004 75 123 838 731859
1 0.018004 104 181 976 872435
1 0.019004 80 210 952 894012
1 0.020003 126 163 1052 888218
1 0.021003 120 219 1073 917280
1 0.022004 99 190 1031 941534
1 0.023283 153 202 1211 989542
1 0.024003 95 137 784 630271
1 0.025004 109 206 1094 860796
1 0.026007 101 142 967 876971
1 0.027008 59 130 721 616727
1 0.028003 14 121 670 568436
1 0.029003 39 126 847 685288
1 0.030004 69 123 818 768341
1 0.031004 92 175 950 914722
1 0.032003 97 450 1080 841294
1 0.033003 109 361 1093 869194
1 0.034003 108 231 1071 924556
1 0.035006 83 181 1038 950587
1 0.036004 97 152 1037 821794
1 0.037003 110 259 1086 889664
1 0.038003 84 186 1085 877158
1 0.039004 110 173 996 867826
1 0.040003 104 163 1069 925056
1 0.041003 89 183 1086 870154
1 0.042003 102 180 1094 846313
1 0.043003 99 167 1068 867199
1 0.044003 76 171 1064 884038
1 0.045003 86 177 1055 972986
1 0.046004 104 220 1078 914545
1 0.047005 98 146 1073 852648
1 0.048003 91 188 1066 864475
1 0.049003 102 175 1091 860314
1 0.050003 104 148 1085 898218
1 0.051004 84 182 1064 887941
1 0.052003 95 244 1060 885786
1 0.053004 108 152 1086 883503
1 0.054004 86 156 907 724593
1 0.055003 79 183 973 859641
1 0.056003 95 147 998 913674
1 0.057003 88 180 1086 876335
1 0.058004 89 195 1086 893458
1 0.059004 119 156 1061 892956
1 0.060003 52 145 1054 891913
1 0.061003 84 204 1050 985269
1 0.062003 120 163 1081 880172
1 0.063003 108 169 1066 867163
1 0.064003 83 170 1065 847981
1 0.065003 108 168 1083 853535
1 0.066003 96 207 1095 864140
1 0.067004 78 189 1073 859649
1 0.068003 93 156 1058 844918
1 0.069003 130 200 1088 874475
1 0.070003 106 166 1087 884797
1 0.071004 90 158 1054 889613
1 0.072003 109 178 1054 872119
1 0.073003 92 185 1094 878620
1 0.074003 88 188 1092 883615
1 0.075011 117 201 1085 853892
1 0.076003 93 143 1074 830545
1 0.077003 90 199 1094 865351
1 0.078003 75 225 1072 937046
1 0.079004 99 154 1039 963009
1 0.080004 95 184 1043 941851
1 0.081003 83 229 1076 932421
1 0.082003 117 153 1081 908612
1 0.083003 92 180 1070 924601
1 0.084003 92 187 1060 963412
1 0.085003 96 167 1069 953947
1 0.086003 103 222 1090 884624
1 0.087003 77 205 1095 850918
1 0.088003 109 159 1058 967126
1 0.089003 115 181 1060 965360
1 0.090003 97 201 1065 949013
1 0.091004 91 156 1079 897972
1 0.092003 124 236 1094 885192
1 0.093003 110 177 1097 866554
1 0.094003 70 168 1092 861259
1 0.095003 98 277 1098 860499
1 0.096003 104 143 1099 865962
1 0.097003 82 179 1076 932566
1 0.098003 86 174 1030 1041845
1 0.099003 103 161 1079 913800
1 0.100003 79 175 1094 879192
1 0.101003 94 233 1091 858557
1 0.102003 122 155 1082 878603
1 0.103004 113 172 1074 931972
1 0.104003 83 174 1094 884003
1 0.105003 98 166 1092 870969
1 0.106003 117 190 1063 943787
1 0.107003 87 191 1089 877860
1 0.108003 82 197 1072 940644
1 0.109003 117 193 1095 877696
1 0.110003 109 172 1070 926637
1 0.111003 92 175 1066 928798
1 0.112003 73 182 1051 965518
1 0.113003 75 175 1102 858187
1 0.114003 95 171 1070 932066
1 0.115003 113 194 1090 885366
1 0.116003 113 164 1087 879919
1 0.117003 96 257 1087 882492
1 0.118004 82 246 1032 827963
1 0.119003 115 159 1089 885394
1 0.120003 85 184 1069 953940
1 0.121003 79 188 1084 879800
1 0.122003 88 172 1102 857549
1 0.123003 103 222 1073 935882
1 0.124003 75 207 1089 868792
1 0.125003 89 172 1073 926497
1 0.126003 118 171 1099 862072
1 0.127003 86 186 1101 842310
1 0.128003 100 182 1085 853692
1 0.129003 96 268 1075 916387
1 0.130004 93 150 1098 873352
1 0.131003 85 168 1082 865198
1 0.132003 93 205 1082 885007
1 0.133003 111 158 1086 894703
1 0.134003 82 226 1091 887109
1 0.135003 83 253 1091 861884
1 0.136003 115 180 1100 838754
1 0.137003 101 194 1081 943672
1 0.138003 95 187 1071 933987
1 0.139004 97 182 1066 854809
1 0.140003 107 249 1063 840320
1 0.141003 121 221 1093 888045
1 0.142003 88 170 1058 979535
1 0.143003 94 185 1057 964302
1 0.144003 85 161 1056 974137
1 0.145003 88 160 1022 899623
1 0.146003 117 249 1096 847305
1 0.147004 98 168 1065 856447
1 0.148003 97 204 1032 980935
1 0.149003 99 208 1084 892651
1 0.150003 107 157 1083 870770
1 0.151003 95 208 1092 854673
1 0.152003 86 200 1102 862190
1 0.153003 112 176 1107 852116
1 0.154003 85 170 1093 863776
1 0.155003 80 194 1049 989739
1 0.156003 111 166 1056 943619
1 0.157003 77 188 1060 966082
1 0.158003 87 212 1102 835854
1 0.159003 104 169 1096 866316
1 0.160003 105 228 1100 880554
1 0.161003 89 203 1044 980052
1 0.162003 90 177 1024 1039133
1 0.163003 102 208 1082 888001
1 0.164003 84 181 1097 871967
1 0.165003 97 331 1084 867006
1 0.166003 109 532 1091 880496
1 0.167003 108 387 1102 853732
1 0.168003 83 610 1100 851170
1 0.169003 103 549 1093 848638
1 0.170003 103 531 1058 953080
1 0.171003 112 600 1063 942554
1 0.172003 95 545 989 972605
1 0.173003 104 444 1013 1045652
1 0.174004 72 487 1016 1068905
1 0.175004 82 584 1013 1061533
1 0.176003 98 488 1031 1065428
1 0.177003 71 218 1021 1057657
1 0.178003 96 208 1028 1060121
1 0.179003 122 141 1020 1064962
1 0.180003 101 176 1020 1056715
1 0.181003 112 187 1022 1061332
1 0.182003 124 135 1025 1079121
1 0.183003 99 178 1023 1058078
1 0.184003 86 246 1024 1061487
1 0.185003 117 133 1025 1061677
1 0.186003 81 214 1015 1070486
1 0.187003 87 246 1017 1070476
1 0.188003 99 137 1028 1065950
1 0.189003 84 157 1019 1059483
1 0.190003 107 186 1022 1064337
1 0.191003 126 136 1022 1060126
1 0.192003 76 160 1020 1049856
1 0.193003 95 190 1021 1053429
1 0.194003 99 144 1029 1061596
1 0.195003 95 161 1018 1052420
1 0.196003 119 207 1031 1060875
1 0.197003 91 146 1021 1054520
1 0.198003 82 175 1025 1063577
1 0.199003 134 197 1020 1062811
1 0.200003 124 148 1026 1057763
1 0.201004 71 160 932 963203
1 0.202003 197 359 825 889429
1 0.203004 153 262 840 842304
1 0.204003 214 375 790 902178
1 0.205003 87 231 898 811086
1 0.206004 82 163 969 765216
1 0.207007 93 117 851 734176
1 0.208004 50 141 737 593896
1 0.209009 144 195 860 758033
1 0.210017 82 198 622 533346
1 0.211003 168 258 474 613232
1 0.212004 187 165 558 605546
1 0.213004 45 172 768 635381
1 0.214005 81 141 734 761961
1 0.215005 62 149 841 689612
1 0.216006 117 147 889 801822
1 0.217004 75 182 898 729917
1 0.218003 80 216 999 797150
1 0.219003 95 140 991 811371
1 0.220003 88 189 982 842544
1 0.221004 94 159 952 935599
1 0.222004 109 140 973 865183
1 0.223007 115 183 962 793554
1 0.224004 39 101 581 517751
1 0.225003 12 131 688 699795
1 0.226003 49 135 905 722171
1 0.227003 69 128 839 856018
1 0.228003 106 240 1044 941682
1 0.229003 112 173 1094 858371
1 0.230003 118 214 1080 879063
1 0.231006 121 215 1068 871812
1 0.232003 127 154 1018 841134
1 0.233003 112 179 1084 875899
1 0.234004 106 172 966 853562
1 0.235003 115 157 1010 787895
1 0.236003 106 250 1059 883440
1 0.237003 114 220 1063 950522
1 0.238003 139 168 1103 866168
1 0.239006 127 183 974 930944
1 0.240003 98 198 1049 945661
1 0.241003 116 154 1060 940972
1 0.242003 93 189 1055 973309
1 0.243013 92 187 1072 892199
1 0.244003 125 160 1057 838792
1 0.245003 110 191 1090 860372
1 0.246003 87 203 1098 852485
1 0.247003 104 161 1073 839611
1 0.248003 79 201 1075 853723
1 0.249003 50 182 1095 842850
1 0.250003 85 176 1099 850004
1 0.251003 107 248 1083 846257
1 0.252003 92 172 1064 849350
1 0.253003 98 176 1069 919374
1 0.254003 101 237 1082 902933
1 0.255012 89 163 1077 856346
1 0.256003 90 143 1016 815634
1 0.257003 111 190 1058 962221
1 0.258004 99 173 1066 944864
1 0.259003 87 167 1029 983452
1 0.260003 98 183 1029 948246
1 0.261003 106 158 1089 879211
1 0.262003 81 190 1080 885076
1 0.263005 89 186 1053 882312
1 0.264003 107 144 1041 899212
1 0.265003 108 178 1041 1029619
1 0.266003 92 172 1059 946738
1 0.267003 119 144 1034 953823
1 0.268003 99 154 1037 945148
1 0.269003 80 189 1096 868968
1 0.270003 93 158 1090 876126
1 0.271003 111 182 1077 862591
1 0.272003 76 166 1009 816531
1 0.273003 95 177 1090 901351
1 0.274003 132 190 1077 918034
1 0.275003 98 200 1071 853785
1 0.276003 109 165 1063 885808
1 0.277003 129 203 1088 919097
1 0.278003 95 161 1087 878002
1 0.279004 75 179 1083 832559
1 0.280003 102 177 1061 901626
1 0.281003 107 154 1098 876360
1 0.282003 96 166 1094 865642
1 0.283011 87 205 1068 904843
1 0.284003 107 159 1073 837093
1 0.285003 88 171 1060 967572
1 0.286003 78 186 1059 951601
1 0.287003 108 164 1064 948442
1 0.288003 83 165 1086 903544
1 0.289003 90 223 1087 863969
1 0.290003 106 166 1062 936807
1 0.291003 95 239 1093 854226
1 0.292004 85 208 1053 975640
1 0.293003 103 182 1066 930052
1 0.294003 100 183 1089 877028
1 0.295003 97 183 1093 861868
1 0.296003 87 177 1101 848515
1 0.297003 114 224 1098 846103
1 0.298003 107 174 1100 867737
1 0.299003 87 160 1080 916356
1 0.300003 113 193 1078 902352
1 0.301003 102 159 1074 928869
1 0.302003 87 183 1090 879297
1 0.303008 82 261 1060 906741
1 0.304003 108 143 1067 855055
1 0.305003 107 160 1057 959872
1 0.306003 85 202 1079 889386
1 0.307003 124 169 1075 929358
1 0.308003 87 214 1087 884065
1 0.309003 72 200 1064 949383
1 0.310003 106 173 1088 903482
1 0.311003 125 186 1090 893597
1 0.312003 89 186 1067 934836
1 0.313003 77 174 1059 975153
1 0.314003 110 194 1096 863368
1 0.315003 94 151 1103 841275
1 0.316003 98 163 1092 856582
1 0.317003 102 170 1046 1010472
1 0.318003 105 149 1049 984324
1 0.319003 71 156 1021 1056116
1 0.320003 95 215 1023 1053231
1 0.321003 99 135 1023 1048631
1 0.322003 86 182 1025 1057233
1 0.323003 86 224 1024 1044451
1 0.324003 110 171 1090 865106
1 0.325003 82 209 1077 904597
1 0.326003 93 208 1050 989388
1 0.327003 144 163 1069 928489
1 0.328003 105 185 1067 937166
1 0.329003 102 171 1069 931272
1 0.330003 132 149 1095 854257
1 0.331003 91 233 1097 834600
1 0.332003 112 163 1082 895677
1 0.333003 113 160 1086 895763
1 0.334003 111 190 1034 878461
1 0.335003 92 192 1076 848862
1 0.336003 102 162 1043 882088
1 0.337003 126 177 1101 842242
1 0.338003 85 195 1095 840167
1 0.339003 92 201 1071 904561
1 0.340003 122 171 1055 988035
1 0.341003 92 179 1084 889942
1 0.342003 93 170 1092 852146
1 0.343003 108 215 1093 839594
1 0.344003 98 163 1103 854862
1 0.345003 105 166 1101 850123
1 0.346003 96 203 1096 847182
1 0.347003 114 172 1093 850699
1 0.348003 90 206 1104 847756
1 0.349003 72 187 1054 827248
1 0.350003 101 175 1094 855820
1 0.351003 97 181 1069 954653
1 0.352003 97 172 1064 950131
1 0.353003 90 175 1058 961979
1 0.354003 104 174 1079 902943
1 0.355003 85 203 1069 910796
1 0.356003 94 191 1089 875085
1 0.357003 97 182 1068 929169
1 0.358003 90 147 1078 884708
1 0.359004 80 161 1046 1002977
1 0.360003 110 191 1062 945954
1 0.361004 97 175 1065 950830
1 0.362003 115 173 1084 898850
1 0.363003 87934 13642 445647 2124287
1 0.364003 144843 22510 661074 2808740
1 0.365003 146135 22927 661309 2809965
1 0.366003 146430 22677 667104 2797828
1 0.367003 146066 22959 660776 2802572
1 0.368003 146683 22950 666842 2798366
1 0.369003 146219 23132 661047 2810155
1 0.370003 146907 23354 667660 2794700
1 0.371003 147335 23291 661179 2795847
1 0.372003 129048 19611 602907 2780966
1 0.373003 145647 22821 666330 2804039
1 0.374003 145983 22422 670682 2798633
1 0.375003 144403 22806 656881 2802416
1 0.376003 143865 22533 661383 2736072
1 0.377003 146911 23331 666277 2795305
1 0.378003 146257 22833 667872 2799556
1 0.379003 145636 22825 656723 2824805
1 0.380003 144047 22685 654531 2744807
1 0.381003 147361 23053 665363 2795823
1 0.382003 146448 23039 668671 2798117
1 0.383004 144484 22946 651988 2800652
1 0.384003 145144 22908 665653 2751973
1 0.385003 146807 23167 664052 2799459
1 0.386003 146748 23329 662045 2797529
1 0.387003 143941 22671 649749 2811178
1 0.388003 144161 23129 660765 2763858
1 0.389003 144473 22472 659830 2819652
1 0.390003 146147 22792 669268 2799386
1 0.391003 146376 22974 669574 2790721
1 0.392003 146169 23179 665268 2799547
1 0.393003 146554 23037 671825 2796928
1 0.394003 146865 23423 666005 2792178
1 0.395003 146504 23159 663330 2796769
1 0.396003 146028 23145 664643 2801338
1 0.397003 146776 23339 667421 2797063
1 0.398003 146111 23224 664859 2804768
1 0.399003 145861 22934 661748 2800556
1 0.400003 146506 23160 667680 2798730
1 0.401003 146543 23236 666284 2797915
1 0.402003 146477 23076 671968 2791958
1 0.403003 146320 22793 667685 2792558
1 0.404003 146361 23181 667059 2798072
1 0.405003 146470 23458 662297 2798918
1 0.406003 142736 22488 661854 2818868
1 0.407003 131045 22621 703326 2784452
1 0.408003 174183 55160 315763 3283968
1 0.409003 206896 71789 180389 3400123
1 0.410003 207679 72208 180047 3404495
1 0.411003 207362 71547 178760 3399606
1 0.412003 208840 71596 180454 3403412
1 0.413003 208371 71272 178558 3404787
1 0.414003 207621 71859 178986 3404917
1 0.415003 207349 71945 178620 3396984
1 0.416003 209142 72222 179760 3402210
1 0.417003 208583 71977 178306 3401942
1 0.418003 207737 71704 179497 3403040
1 0.419003 207345 72181 178762 3396776
1 0.420003 208083 71959 180224 3403211
1 0.421003 207568 72009 179560 3400431
1 0.422003 205913 70808 178491 3410101
1 0.423003 207914 71710 176801 3396163
1 0.424003 209054 72074 179896 3400240
1 0.425003 207957 71444 180661 3400387
1 0.426003 208123 71911 180881 3402590
1 0.427003 208076 71360 179129 3400452
1 0.428003 208518 72114 180248 3400193
1 0.429003 208285 71960 179360 3401894
1 0.430003 208194 72178 180282 3406126
1 0.431003 207424 71574 179463 3398090
1 0.432003 209115 71946 180758 3403370
1 0.433003 207807 71325 179189 3398804
1 0.434003 208254 72154 179160 3398554
1 0.435003 207927 71498 181290 3398923
1 0.436004 208958 72274 181124 3402207
1 0.437003 207364 71992 180169 3400833
1 0.438003 207942 72271 178547 3403729
1 0.439012 200410 69035 173877 3324692
1 0.440003 203265 69889 176953 3327000
1 0.441003 208585 72427 180290 3398445
1 0.442003 207952 71691 178582 3404100
1 0.443003 206888 71903 178666 3402152
1 0.444003 208916 72378 180300 3397771
1 0.445003 198381 71012 177293 3029651
1 0.446003 203837 70399 176676 3384001
1 0.447003 204752 71291 176399 3404533
1 0.448003 204861 71386 178014 3358687
1 0.449003 200454 70304 175149 3358279
1 0.450003 208051 71985 180699 3399428
1 0.451003 208744 72055 179501 3396528
1 0.452003 208303 72010 180269 3402975
1 0.453003 207626 72088 179635 3404700
1 0.454003 209136 72477 180832 3400554
1 0.455003 207750 71588 183345 3397020
1 0.456003 205798 71512 178644 3410557
1 0.457003 208317 72345 178081 3403812
1 0.458003 208483 72246 179180 3402258
1 0.459003 208707 71841 182912 3396846
1 0.460003 207955 71741 179224 3408766
1 0.461003 208124 71749 177838 3402087
1 0.462003 208187 72598 181995 3399824
1 0.463003 205243 72562 183503 3394846
1 0.464004 196893 65085 538891 3279706
1 0.465003 207331 26849 1692408 2917229
1 0.466003 209449 26522 1713145 2902639
1 0.467003 207921 26470 1699372 2907408
1 0.468003 207709 26290 1704960 2913234
1 0.469003 202986 25551 1666625 2877582
1 0.470003 208058 26614 1700526 2911765
1 0.471003 208305 26424 1703772 2903168
1 0.472003 194793 24805 1604591 2879945
1 0.473003 204627 26131 1677128 2903664
1 0.474003 208574 26710 1707585 2900110
1 0.475003 207363 26535 1701605 2902858
1 0.476003 208911 26338 1704499 2907401
1 0.477003 209365 26542 1708929 2905754
1 0.478003 208989 26931 1704019 2905647
1 0.479003 208035 26355 1701541 2906401
1 0.480003 209051 26294 1708906 2908002
1 0.481003 208899 26663 1705494 2909732
1 0.482003 208024 26510 1707212 2909220
1 0.483003 208528 26813 1701151 2905559
1 0.484003 209032 26489 1703799 2910991
1 0.485003 208889 27152 1703705 2909069
1 0.486003 208814 26804 1712169 2905323
1 0.487003 208811 26851 1704605 2906568
1 0.488003 208730 26409 1711911 2909884
1 0.489003 205178 26717 1677850 2925773
1 0.490003 209075 26681 1711548 2906178
1 0.491003 208052 26299 1699560 2902480
1 0.492004 208804 26001 1712326 2911954
1 0.493003 208274 26721 1702278 2909885
1 0.494003 208927 26456 1706340 2905885
1 0.495003 207789 26820 1703220 2901723
1 0.496003 209231 26640 1711708 2903820
1 0.497003 208870 26692 1708213 2907701
1 0.498003 208624 26571 1706093 2910750
1 0.499003 208270 26330 1700517 2903536
1 0.500003 209421 26793 1717042 2901507
1 0.501003 201696 25581 1660329 2853360
1 0.502003 198164 26664 1633707 2893342
1 0.503003 205086 26000 1681280 2922876
1 0.504003 206378 26093 1694857 2864496
1 0.505003 209253 26618 1712261 2905770
1 0.506003 204494 26686 1673875 2928227
1 0.507004 186207 24899 1554345 2760011
1 0.508004 175749 24241 1466050 2700767
1 0.509006 166561 24466 1369012 2905134
1 0.510009 72654 26503 631405 3385513
1 0.511005 29379 13672 221604 3486508
1 0.512004 64133 20711 479605 3162755
1 0.513003 79973 18042 604514 3270511
1 0.514004 184710 22488 1586929 2575667
1 0.515003 199513 23314 1712609 2506316
1 0.516003 199578 25403 1644229 2857914
1 0.517003 208858 26770 1703521 2907483
1 0.518003 209644 26815 1714562 2904087
1 0.519003 204433 25799 1673423 2912865
1 0.520004 206268 25729 1695387 2865188
1 0.521003 200134 25775 1648503 2870494
1 0.522004 201129 26080 1650442 2888034
1 0.523004 177102 25142 1484361 2664285
1 0.524004 72668 33841 253261 3527515
1 0.525003 41551 21968 97520 3738433
1 0.526005 98019 36279 248832 2870679
1 0.527003 94337 36335 258420 3248919
1 0.528004 211393 72405 611710 3046367
1 0.529003 213659 73491 616617 3127758
1 0.530003 213814 73994 613390 3125516
1 0.531004 209892 71645 605216 3126943
1 0.532003 204518 70085 597880 3064788
1 0.533003 214406 74106 614883 3122474
1 0.534003 214251 74062 614298 3124138
1 0.535003 210193 71992 608946 3107374
1 0.536004 211541 72117 613588 3092926
1 0.537003 207242 70431 605690 3102351
1 0.538003 216916 74426 622970 3106083
1 0.539003 195475 72911 569522 2983613
1 0.540003 213867 87638 547612 3121258
1 0.541003 214198 73039 617628 3124884
1 0.542003 209221 72347 604357 3086368
1 0.543004 190356 66227 575839 2828671
1 0.544004 53752 22781 159443 3840392
1 0.545004 58455 19268 126657 3864763
1 0.546004 107536 41196 280427 3330839
1 0.547004 115256 41307 334481 3165226
1 0.548004 204585 67623 626865 2755905
1 0.549003 205472 68488 624473 2747560
1 0.550003 206406 68724 625588 2741153
1 0.551003 204268 67584 630822 2743530
1 0.552003 204999 69936 598321 3073049
1 0.553003 213656 73157 621872 3128418
1 0.554003 217351 74341 620433 3115318
1 0.555003 212640 72070 621559 3112780
1 0.556004 195585 84375 513079 3038594
1 0.557003 213405 76427 598794 3124920
1 0.558003 212656 73541 614008 3130713
1 0.559003 199301 69151 587518 2942884
1 0.560003 121790 43909 396068 3192903
1 0.561003 58820 20322 133106 3929735
1 0.562004 92806 34326 220771 3636249
1 0.563003 89279 34762 230409 3588223
1 0.564004 198113 68359 574006 3031604
1 0.565003 214505 73642 622584 3121221
1 0.566003 212790 73358 614694 3130650
1 0.567003 209944 71928 604781 3128963
1 0.568004 209441 71606 606720 3007868
1 0.569003 213116 72509 625066 3128165
1 0.570003 212829 72582 623109 3131112
1 0.571003 212971 72358 620469 3109875
1 0.572003 199160 68091 579294 3034435
1 0.573003 207617 71393 608719 3062315
1 0.574003 213123 72399 617951 3128998
1 0.575004 210027 72046 605153 3128236
1 0.576003 203654 82542 564109 3115071
1 0.577003 214017 80435 585163 3127541
1 0.578003 213930 73757 616943 3124154
1 0.579012 211202 72552 615099 3155254
1 0.580003 210095 72173 608922 3058040
1 0.581003 213689 73821 616023 3124487
1 0.582003 214502 73410 613215 3127866
1 0.583003 209601 71973 610812 3117074
1 0.584003 210464 72112 614000 3092444
1 0.585003 214785 73176 619149 3127540
1 0.586003 214157 73761 613128 3126317
1 0.587010 211868 72549 614895 3136529
1 0.588003 212901 71901 624342 3055946
1 0.589003 208316 71648 604175 3092568
1 0.590003 214619 73879 614480 3121302
1 0.591008 209745 71706 619152 3139832
1 0.592004 206995 70506 600762 3023124
1 0.593003 212751 72773 609508 3130996
1 0.594003 213574 72956 623314 3127483
1 0.595003 209253 72266 600846 3123067
1 0.596003 210441 72167 609374 3045628
1 0.597003 214399 74157 611714 3121721
1 0.598003 214458 72612 624355 3127716
1 0.599007 210417 72257 609240 3134401
1 0.600003 208288 71767 610910 3058429
1 0.601003 215644 73624 620006 3120562
1 0.602003 210062 70922 622818 3071089
1 0.603003 208424 69657 627502 3057863
1 0.604003 213684 70270 649185 3002600
1 0.605003 215818 71837 643014 3035565
1 0.606003 213219 71674 634741 3047130
1 0.607003 212197 71181 631469 3034365
1 0.608003 213190 71695 638298 2990994
1 0.609003 215502 71407 645390 3033311
1 0.610003 216351 71932 649902 3033514
1 0.611003 213550 71553 631055 3049723
1 0.612003 212981 69944 644634 2981304
1 0.613003 215934 73103 637050 3035244
1 0.614003 216307 73147 636510 3035907
1 0.615003 217206 72386 638482 3025163
1 0.616003 216865 72051 650246 3032165
1 0.617003 216458 71805 644234 3029641
1 0.618003 214624 71083 649948 3037266
1 0.619003 215754 71035 648685 3026736
1 0.620004 216244 71541 647058 3038383
1 0.621003 215319 71648 645356 3035351
1 0.622003 212647 70112 644210 3051005
1 0.623003 215323 72357 640331 3029377
1 0.624003 216502 70756 648791 3041961
1 0.625003 217142 72208 640414 3032109
1 0.626003 217450 72439 641930 3029634
1 0.627003 216371 72422 638104 3035249
1 0.628003 215283 71080 653395 3033547
1 0.629003 216441 71885 642226 3035780
1 0.630003 209324 68685 636031 3003510
1 0.631006 211557 69589 637653 3042652
1 0.632004 210965 70052 639756 2984657
1 0.633003 216653 72806 639519 3032208
1 0.634003 215793 71323 649083 3033756
1 0.635003 215854 72498 644293 3026737
1 0.636003 215806 71535 650655 3038693
1 0.637003 215644 72231 641335 3036602
1 0.638003 215443 72370 644819 3036063
1 0.639003 212964 71866 629036 3042843
1 0.640003 217002 72535 644059 3031469
1 0.641003 215814 72878 637112 3034299
1 0.642003 216412 72753 638903 3031168
1 0.643003 214774 71536 644201 3033575
1 0.644003 215378 70832 651292 3035844
1 0.645003 216184 72312 641811 3032617
1 0.646003 216266 73039 638812 3032481
1 0.647003 215243 72218 642844 3027066
1 0.648004 217148 72867 641131 3035162
1 0.649003 209036 69674 625111 2990078
1 0.650003 215915 71911 643063 3029369
1 0.651003 214851 71340 646016 3024731
1 0.652003 216907 72074 646929 3030687
1 0.653003 215658 72736 638937 3030205
1 0.654003 216969 72371 645168 3027427
1 0.655003 215341 72392 636883 3022440
1 0.656003 212420 70900 637029 3051309
1 0.657003 216194 73560 638782 3026344
1 0.658003 215746 70764 651213 3038312
1 0.659003 216504 72480 642570 3024936
1 0.660003 213864 71116 649481 3044407
1 0.661003 215686 71804 644241 3035470
1 0.662003 215768 72240 642620 3033777
1 0.663003 216184 72495 642514 3025366
1 0.664004 216319 72467 643100 3036730
1 0.665003 216149 71821 640634 3032616
1 0.666003 215636 71942 644766 3031689
1 0.667003 215775 72126 640478 3026460
1 0.668003 215746 72815 641465 3034958
1 0.669003 215953 72317 642551 3030359
1 0.670003 212242 72584 414006 3209885
1 0.671003 208149 72000 179152 3399618
1 0.672003 206147 71313 178309 3412822
1 0.673003 202015 69916 175356 3346597
1 0.674003 208735 72210 179987 3400999
1 0.675004 205293 70392 176666 3395809
1 0.676003 205822 70876 176754 3364008
1 0.677003 207994 72315 178184 3400625
1 0.678003 208846 71786 180961 3399643
1 0.679003 207933 71662 179608 3398553
1 0.680003 208615 71137 180568 3403638
1 0.681003 208636 72225 180257 3399376
1 0.682003 208928 71869 179297 3400181
1 0.683003 207672 71164 176531 3400224
1 0.684003 207950 71972 180416 3399357
1 0.685003 208749 72448 179410 3400871
1 0.686003 208566 72086 178790 3398683
1 0.687003 208758 71748 179770 3394393
1 0.688003 207800 72017 180616 3403750
1 0.689003 206988 71121 179398 3407499
1 0.690003 208018 72193 181485 3400244
1 0.691003 208354 71185 180363 3396763
1 0.692003 208890 72172 179437 3403285
1 0.693003 208487 72070 178708 3399606
1 0.694003 208212 72309 176923 3401939
1 0.695003 206881 71235 177949 3400779
1 0.696003 209231 72300 182043 3396267
1 0.697003 209034 71996 180511 3400555
1 0.698003 207675 71563 178562 3405918
1 0.699003 208018 71915 178590 3392761
1 0.700003 208817 71724 179511 3398490
1 0.701003 209188 72371 180454 3395880
1 0.702003 207362 71876 179099 3403680
1 0.703003 207939 71914 179078 3395833
1 0.704003 207770 71630 180305 3404133
1 0.705003 208225 72301 178723 3396450
1 0.706003 205203 71224 177727 3411187
1 0.707003 208210 72239 178878 3391924
1 0.708003 208184 72398 179383 3401476
1 0.709003 181139 65498 167995 3094896
1 0.710004 187157 68330 171919 3072801
1 0.711004 158536 63790 163706 3252182
1 0.712004 189802 76050 153824 3458100
1 0.713003 137418 65004 170501 3520783
1 0.714003 115224 61582 160379 3484856
1 0.715003 200213 76274 155047 3383542
1 0.716003 208894 72588 180553 3400880
1 0.717003 207329 72080 177323 3400415
1 0.718003 208343 71614 180905 3402912
1 0.719003 206678 71843 179059 3394135
1 0.720004 208454 72394 179725 3404162
1 0.721003 208060 71721 179801 3401739
1 0.722003 205556 70971 177642 3413432
1 0.723003 201977 69458 176729 3351985
1 0.724003 208749 71491 178912 3403855
1 0.725003 209250 71683 179996 3402323
1 0.726003 208737 71557 178537 3401458
1 0.727003 208636 71913 178387 3393684
1 0.728003 205711 30618 1561906 2961322
1 0.729003 209189 26118 1712813 2906632
1 0.730003 208827 26245 1703286 2910984
1 0.731003 209264 26731 1701618 2900989
1 0.732003 208830 26613 1707924 2910836
1 0.733003 209621 26490 1708064 2908367
1 0.734003 207875 26610 1701593 2912446
1 0.735003 209258 26434 1704794 2901534
1 0.736003 208957 26576 1714767 2903168
1 0.737003 208552 26400 1707398 2906251
1 0.738003 208775 26858 1703949 2908186
1 0.739003 206488 26182 1686082 2917593
1 0.740003 208869 26537 1711271 2907991
1 0.741003 208180 26400 1706646 2910436
1 0.742003 209574 26745 1711334 2907613
1 0.743003 208563 26661 1703507 2901250
1 0.744003 208950 26796 1704366 2913977
1 0.745003 209301 26708 1709012 2903888
1 0.746003 207968 26817 1703985 2910738
1 0.747003 208406 26875 1703665 2900861
1 0.748003 208649 26950 1704877 2908241
1 0.749003 203804 26046 1676842 2872463
1 0.750003 207215 26758 1693817 2880090
1 0.751003 208301 26634 1697205 2901907
1 0.752003 208379 26821 1710310 2908229
1 0.753003 209185 26601 1710314 2905998
1 0.754003 208705 26332 1703320 2911958
1 0.755003 208293 26636 1700316 2903727
1 0.756003 206656 26469 1690341 2922249
1 0.757003 208709 26508 1708907 2903927
1 0.758003 208850 26358 1703346 2910572
1 0.759003 208604 26222 1706135 2903809
1 0.760003 209102 26678 1707514 2907351
1 0.761003 209427 26297 1712613 2908121
1 0.762003 208318 26901 1708131 2906166
1 0.763003 207587 26817 1696681 2905051
1 0.764003 209130 26629 1708173 2903726
1 0.765003 209042 26573 1708669 2908675
1 0.766003 209620 27111 1713207 2903016
1 0.767003 208035 26488 1701278 2904319
1 0.768003 209136 26414 1715262 2902646
1 0.769003 208529 26630 1707305 2911292
1 0.770003 208801 26687 1709082 2906266
1 0.771003 208139 26716 1701833 2904774
1 0.772003 205724 26858 1681314 2925543
1 0.773003 201207 25299 1659972 2867516
1 0.774003 208389 26410 1708066 2911057
1 0.775003 208274 26356 1704396 2896742
1 0.776004 208990 26532 1715257 2904972
1 0.777003 208281 26466 1703681 2909576
1 0.778003 209209 25784 1706932 2911245
1 0.779003 208351 26419 1708250 2894915
1 0.780003 208621 26401 1706272 2909802
1 0.781003 208209 26659 1707225 2907800
1 0.782003 208932 26694 1710205 2907068
1 0.783003 207306 45054 1240527 3013424
1 0.784003 215121 73184 622906 3122192
1 0.785003 216060 73249 633735 3108361
1 0.786003 217753 73509 626785 3113776
1 0.787003 215992 74642 618434 3103395
1 0.788003 217525 73884 628995 3113192
1 0.789003 213719 72868 622842 3125968
1 0.790003 215911 73746 624813 3117108
1 0.791003 216139 73945 626850 3100958
1 0.792003 216362 73487 630970 3114703
1 0.793003 214988 73308 627846 3117023
1 0.794003 217386 75623 619720 3109115
1 0.795003 216811 74043 627690 3103817
1 0.796003 216815 74048 627434 3115346
1 0.797003 217612 74731 627749 3111021
1 0.798003 218698 76122 615558 3109130
1 0.799003 213023 72910 609329 3099184
1 0.800003 214520 72654 623729 3085898
1 0.801003 205580 89623 524919 3086993
1 0.802003 215880 73808 630730 3110719
1 0.803003 217104 73743 625839 3097179
1 0.804003 216965 73556 630242 3113399
1 0.805003 216807 74151 622000 3115844
1 0.806003 215325 73378 619564 3123772
1 0.807003 217953 74978 622401 3098842
1 0.808003 217398 74318 624742 3112029
1 0.809003 218148 74533 633001 3103072
1 0.810003 217195 74677 622008 3113527
1 0.811003 217478 74146 622559 3108664
1 0.812003 217132 74603 623013 3107230
1 0.813003 217258 74744 621344 3108669
1 0.814003 216715 73155 628396 3116539
1 0.815003 207523 71914 597721 3067476
1 0.816003 215449 72721 628165 3075085
1 0.817003 215888 74748 617546 3115295
1 0.818003 215712 73516 634383 3113511
1 0.819003 216974 73735 629085 3100606
1 0.820003 216694 73282 629847 3116302
1 0.821003 218549 74420 624461 3103904
1 0.822003 214334 73799 614652 3123521
1 0.823003 215999 72857 630512 3102060
1 0.824003 218198 75654 620780 3108463
1 0.825003 217421 74418 624151 3110829
1 0.826003 216731 74463 616148 3116390
1 0.827003 216811 73702 630525 3102499
1 0.828003 217349 74129 621995 3111522
1 0.829003 216637 73935 622535 3113140
1 0.830003 217720 74455 629365 3102346
1 0.831003 217030 74513 626123 3102898
1 0.832003 215747 74137 621202 3115778
1 0.833003 217678 74959 627154 3108332
1 0.834003 217335 74050 628393 3107044
1 0.835003 215612 73893 623844 3107510
1 0.836003 217217 74780 623404 3107831
1 0.837003 216664 74291 626214 3113349
1 0.838003 216390 73550 628890 3114875
1 0.839003 214538 73993 611898 3114799
1 0.840003 216810 73911 620188 3113392
1 0.841003 216529 74153 630542 3109538
1 0.842003 217137 74236 624216 3111521
1 0.843003 216477 74109 624716 3106468
1 0.844003 216824 73582 634813 3115906
1 0.845003 217672 74221 630392 3105314
1 0.846003 216239 73169 629629 3114678
1 0.847003 217020 74200 621550 3102925
1 0.848004 217314 74234 632843 3108865
1 0.849003 209652 71495 614836 3074857
1 0.850003 208819 72620 611456 3085062
1 0.851003 217197 74827 624486 3093583
1 0.852003 212038 70793 641540 3064817
1 0.853003 216309 72410 643995 3033102
1 0.854003 215809 71636 644912 3032201
1 0.855003 215089 71112 651711 3027419
1 0.856003 213940 71375 637625 3048065
1 0.857003 215932 72169 644798 3028179
1 0.858003 215770 72395 645979 3034574
1 0.859003 216175 71304 651471 3022628
1 0.860003 216808 71735 644484 3031009
1 0.861003 216612 72939 646056 3031238
1 0.862003 216671 73192 635420 3030553
1 0.863003 214343 71849 646771 3031589
1 0.864003 216130 71794 651211 3034238
1 0.865003 215578 71344 650568 3040931
1 0.866003 216874 72756 644668 3031254
1 0.867003 215164 72168 643137 3029498
1 0.868003 216790 71727 650954 3034000
1 0.869003 216287 72609 635927 3033405
1 0.870003 216017 72682 645092 3032585
1 0.871003 214886 71021 650323 3028012
1 0.872003 213203 69673 646904 3052190
1 0.873003 209568 70646 621079 2993892
1 0.874003 215098 72288 645836 3029635
1 0.875003 214641 71671 642077 3026395
1 0.876004 215024 71723 648321 3032485
1 0.877003 215840 72891 643810 3031890
1 0.878003 215793 72582 644203 3030629
1 0.879041 223519 74597 667541 3143741
1 0.880003 207848 69642 624378 2917885
1 0.881003 215819 73053 640530 3031922
1 0.882003 215635 70954 650444 3036472
1 0.883003 214670 71565 644877 3031121
1 0.884003 215655 71865 650248 3031753
1 0.885003 215618 71803 643768 3034848
1 0.886003 215687 72603 638307 3031760
1 0.887003 214903 72122 640936 3028912
1 0.888003 215564 72032 644074 3038314
1 0.889003 213860 72231 634405 3043383
1 0.890003 215646 71458 647099 3035055
1 0.891003 215248 71361 647687 3027303
1 0.892003 214539 71004 651325 3039877
1 0.893003 216685 72540 641851 3028689
1 0.894003 215672 72206 647527 3038513
1 0.895003 214883 71551 645183 3016532
1 0.896003 216390 71718 643810 3035296
1 0.897003 216442 73238 638252 3027687
1 0.898003 215358 72217 640416 3035382
1 0.899003 215789 73165 643942 3021536
1 0.900003 216012 73060 642537 3035146
1 0.901003 215279 71505 648448 3030517
1 0.902003 215743 72640 641987 3029002
1 0.903003 215572 72260 642590 3020642
1 0.904004 215033 71160 657013 3035910
1 0.905003 215222 71206 650727 3030625
1 0.906003 212899 71778 636310 3049285
1 0.907003 215936 71347 646733 3025691
1 0.908004 210341 69864 629688 2993760
1 0.909003 215856 71797 644228 3034113
1 0.910003 215703 72307 639374 3035624
1 0.911003 215993 71860 649062 3024181
1 0.912003 217060 73033 636812 3038005
1 0.913003 216078 72107 649248 3031018
1 0.914003 216682 72692 644713 3029940
1 0.915003 215412 71422 648792 3028985
1 0.916004 216071 72205 639693 3040058
1 0.917003 215158 71050 654474 3028592
1 0.918003 215209 72431 640991 3034850
1 0.919003 216919 72498 644873 3021273
1 0.920003 211460 72089 366598 3251996
1 0.921003 208724 71611 181125 3401768
1 0.922003 206228 71373 176345 3408584
1 0.923003 208541 71339 179610 3394994
1 0.924003 208563 71622 180157 3405890
1 0.925003 208757 71878 179927 3400790
1 0.926003 209368 71944 180605 3399366
1 0.927003 207403 71323 181597 3396189
1 0.928003 208930 72215 179662 3399319
1 0.929003 208862 71936 178910 3400254
1 0.930003 208568 71936 179980 3405166
1 0.931003 208212 71915 179033 3393099
1 0.932004 208755 72410 179445 3401358
1 0.933003 208333 72085 181905 3400076
1 0.934003 209148 72178 181354 3399590
1 0.935003 207555 72133 179172 3395119
1 0.936003 209105 72074 178612 3400602
1 0.937003 209607 72370 179303 3397638
1 0.938003 208156 71840 179671 3403623
1 0.939003 205580 70730 176839 3410154
1 0.940003 208317 71726 181112 3398169
1 0.941003 208276 72168 180970 3399566
1 0.942003 208551 72100 178388 3405972
1 0.943003 208145 71224 181369 3391345
1 0.944003 208773 72265 179999 3401280
1 0.945003 208520 72002 180044 3399712
1 0.946003 208113 72195 179249 3401595
1 0.947003 208140 71723 178324 3390626
1 0.948003 208889 72752 180666 3400392
1 0.949003 207908 71891 182643 3397957
1 0.950003 208626 72473 178722 3398641
1 0.951003 208314 72122 177737 3392727
1 0.952003 208109 71727 178610 3402001
1 0.953003 209417 72498 181058 3399919
1 0.954003 208926 71895 178393 3400686
1 0.955003 207787 71511 178096 3390377
1 0.956003 206372 71313 179022 3412132
1 0.957003 208369 72485 177607 3398960
1 0.958003 209224 72126 178709 3400175
1 0.959003 208000 72718 179864 3391317
1 0.960004 208352 72712 180557 3402945
1 0.961003 209069 72344 178451 3399649
1 0.962003 208384 71710 181858 3400259
1 0.963003 207973 71837 179171 3392226
1 0.964003 208445 72341 179083 3400974
1 0.965003 208511 71841 180285 3396904
1 0.966003 207679 71693 180079 3403818
1 0.967003 208204 71527 179336 3395552
1 0.968003 208696 72435 181312 3403475
1 0.969003 208282 71735 179636 3402677
1 0.970003 209479 72183 178900 3401124
1 0.971003 207367 71829 178857 3395633
1 0.972003 207207 71298 178533 3408779
1 0.973003 207957 71382 178246 3404300
1 0.974003 201430 70136 175430 3302879
1 0.975003 201481 69734 172671 3334135
1 0.976003 203973 58609 592296 3219967
1 0.977003 207168 26037 1700809 2917657
1 0.978003 208824 26769 1710277 2904664
1 0.979003 208403 26669 1698534 2901134
1 0.980003 208386 26399 1709038 2912367
1 0.981003 208953 26748 1713684 2903267
1 0.982003 208208 26732 1700624 2912124
1 0.983003 208554 26758 1704350 2903157
1 0.984003 209459 26547 1710567 2905473
1 0.985003 208326 26449 1709241 2906975
1 0.986003 207836 26491 1706241 2911998
1 0.987003 209164 26686 1707348 2897858
1 0.988003 208523 27021 1707504 2911070
1 0.989003 206130 26775 1683012 2924247
1 0.990003 209226 26404 1711808 2904914
1 0.991003 208269 26957 1702225 2896379
1 0.992003 208085 26522 1710755 2909129
1 0.993003 209077 26838 1713523 2898993
1 0.994003 209143 26535 1706484 2908522
1 0.995003 207913 26712 1704749 2898484
1 0.996003 208351 26963 1705589 2907338
1 0.997003 209657 26931 1714679 2903080
1 0.998003 208077 26652 1703910 2908521
1 0.999003 207871 26725 1704608 2903553
1 1.000003 208750 27100 1719835 2902967
1 1.001003 202757 25593 1672866 2879077
1 1.002003 201863 26817 1659409 2901648
1 1.003003 205102 26154 1686318 2884239
1 1.004004 209594 26843 1710410 2906522
1 1.005003 208259 26387 1704494 2907890
1 1.006003 204773 26595 1679415 2929267
1 1.007007 206060 25807 1695246 2891689
1 1.008004 202724 25553 1685130 2783996
1 1.009003 209042 26473 1723040 2891811
1 1.010003 208262 26397 1702879 2911476
1 1.011003 204277 26110 1686004 2903445
1 1.012003 140662 39149 1239840 3033974
1 1.013003 209896 39333 1634480 2920327
1 1.014003 208736 26863 1711312 2898365
1 1.015003 204116 25983 1682349 2892386
1 1.016003 205153 25886 1695021 2871863
1 1.017003 208521 26688 1711668 2903590
1 1.018003 209232 26769 1711617 2904823
1 1.019003 204724 26116 1685695 2901071
1 1.020003 206003 26217 1694130 2875223
1 1.021003 209025 26625 1711919 2906380
1 1.022003 205286 26628 1686640 2922872
1 1.023003 204192 25909 1675465 2908494
1 1.024003 199766 23935 1704582 2612477
1 1.025003 208605 26460 1711127 2905887
1 1.026003 207873 27025 1704686 2908194
1 1.027003 204801 25962 1676803 2912140
1 1.028003 207323 26502 1700126 2873184
1 1.029003 208963 26612 1707816 2908433
1 1.030003 208677 26315 1717773 2906615
1 1.031003 205077 26406 1679055 2907431
1 1.032004 205539 43485 1280371 2973251
1 1.033003 214687 73806 619460 3119643
1 1.034003 217104 74820 622263 3109114
1 1.035003 213618 73696 612367 3098036
1 1.036003 212988 72317 623221 3088160
1 1.037003 217723 74456 624391 3107220
1 1.038003 217676 74630 625255 3117458
1 1.039003 210189 71263 615863 3120932
1 1.040003 215158 73254 619743 3075968
1 1.041003 217022 74149 629312 3105949
1 1.042003 215973 73805 624722 3118388
1 1.043003 213491 73800 605007 3108002
1 1.044003 214387 72885 622127 3084186
1 1.045003 216461 73849 627526 3109377
1 1.046003 216283 73641 633342 3112204
1 1.047003 213749 72823 618165 3101724
1 1.048003 214940 73762 614642 3082034
1 1.049003 215916 74604 618752 3112852
1 1.050003 218028 74152 629089 3113057
1 1.051003 214813 72826 625066 3129181
1 1.052003 212961 71776 622585 3052105
1 1.053003 217657 75167 626059 3105141
1 1.054003 215908 73508 630422 3111808
1 1.055003 213543 72925 614010 3105855
1 1.056003 211283 72280 621182 3094072
1 1.057003 216777 74404 626805 3105766
1 1.058003 216873 73653 629251 3112203
1 1.059003 213663 72856 619310 3099763
1 1.060004 214051 72721 622993 3078352
1 1.061003 215998 73843 623507 3117260
1 1.062003 216972 73357 630464 3110850
1 1.063003 213563 73226 615279 3116514
1 1.064003 213376 73386 621231 3069869
1 1.065003 217011 74232 628170 3107858
1 1.066003 216563 74551 625746 3108112
1 1.067003 212234 73324 606028 3110765
1 1.068003 214486 72743 625435 3075113
1 1.069003 218320 75371 620198 3105142
1 1.070003 216251 74739 621539 3110728
1 1.071003 212572 72445 622297 3106527
1 1.072003 211207 71065 626235 3092639
1 1.073003 216657 75088 623248 3109656
1 1.074003 208809 71279 610461 3067632
1 1.075003 212608 73020 615048 3097211
1 1.076003 215496 72693 621572 3082111
1 1.077003 216974 75305 620491 3109312
1 1.078003 216849 73972 624025 3113130
1 1.079003 213529 73765 614524 3104370
1 1.080003 215131 73851 622366 3076271
1 1.081003 217234 75198 624029 3107572
1 1.082003 217290 74665 624552 3111640
1 1.083003 214003 73659 618316 3100666
1 1.084003 214948 73006 623054 3078327
1 1.085003 216641 74692 622328 3110102
1 1.086003 217199 73676 632298 3106552
1 1.087003 212214 73559 611165 3108482
1 1.088004 213960 72010 631440 3078506
1 1.089003 215031 74533 611963 3122852
1 1.090003 217088 74440 626188 3107721
1 1.091003 211915 72490 615805 3112512
1 1.092003 214065 72514 626211 3078805
1 1.093004 211168 72490 609251 3083839
1 1.094003 216405 73487 630577 3105812
1 1.095003 214375 72190 623784 3102194
1 1.096003 214109 73265 622740 3072234
1 1.097003 217043 74867 620357 3108330
1 1.098003 218122 75410 619620 3106125
1 1.099003 212249 72391 615534 3109891
1 1.100003 214135 72376 626855 3078085
1 1.101003 213959 71423 641907 3076269
1 1.102003 214529 72071 646869 3036886
1 1.103003 212828 70382 641604 3029834
1 1.104003 210774 70053 645353 2992819
1 1.105003 216710 73214 638315 3031014
1 1.106003 215401 71659 639168 3042924
1 1.107003 213270 71716 633194 3044443
1 1.108003 208597 67951 643820 2867730
1 1.109003 215894 71237 653354 3032026
1 1.110003 216109 72931 638713 3035883
1 1.111003 212312 70405 637506 3026894
1 1.112003 213057 71229 642304 2998906
1 1.113003 215493 72564 643661 3033383
1 1.114003 216713 71719 649746 3032469
1 1.115003 213961 71038 632200 3024817
1 1.116003 213570 70607 644039 2998596
1 1.117003 215787 72761 643314 3036463
1 1.118003 215156 71504 646143 3032693
1 1.119003 213125 71354 636124 3025301
1 1.120003 214900 71768 633145 2998021
1 1.121003 217328 72420 645530 3027639
1 1.122003 213899 72611 622276 3051973
1 1.123003 212142 70572 639721 3033330
1 1.124003 213404 70138 648356 2999247
1 1.125003 215944 72783 647858 3027244
1 1.126003 214979 72162 640109 3038293
1 1.127003 212278 70151 642286 3046085
1 1.128003 212774 70950 635879 2992923
1 1.129003 216532 71849 648167 3036410
1 1.130003 216367 71766 653425 3029926
1 1.131003 211978 70847 640591 3026491
1 1.132004 213078 70646 640170 2999681
1 1.133003 216682 71923 652666 3029588
1 1.134003 215998 72076 643838 3034448
1 1.135004 208831 70267 619753 2982436
1 1.136003 213115 71946 633672 2995520
1 1.137003 216578 72823 642552 3032997
1 1.138003 215903 72612 638626 3034567
1 1.139003 209519 70280 631848 3040153
1 1.140003 213288 70571 644599 3001534
1 1.141003 215740 71580 649266 3031169
1 1.142003 216350 72756 642775 3033003
1 1.143003 212296 71216 633303 3032677
1 1.144003 213694 71111 645269 3002466
1 1.145003 217397 72701 643678 3029328
1 1.146003 214981 71244 655290 3033159
1 1.147003 212478 71833 625152 3029360
1 1.148003 204970 67173 650787 2670906
1 1.149004 174989 60107 538718 2881329
1 1.150004 215298 72681 640714 3033639
1 1.151003 213221 70955 637678 3021772
1 1.152003 213104 71656 639399 2997916
1 1.153003 215182 71404 648736 3033122
1 1.154003 216655 72805 643389 3030939
1 1.155003 213055 70822 638599 3032117
1 1.156003 203823 67960 615928 2991353
1 1.157003 215923 72450 640604 3033143
1 1.158003 215704 71905 645111 3034545
1 1.159003 208581 69504 630287 2949269
1 1.160004 190826 65157 591422 2768478
1 1.161004 203705 68162 616145 2990559
1 1.162003 216104 72652 641102 3031530
1 1.163003 212126 69763 638201 3028912
1 1.164003 213329 70132 642477 3003988
1 1.165003 216273 71736 653453 3030496
1 1.166003 215914 71425 648248 3038922
1 1.167003 212716 70674 634786 3028035
1 1.168003 206269 68065 623124 2984583
1 1.169003 215788 71092 654691 3030787
