4 0.001211584 3369 3608 120392 290837
4 0.002646359 2957 9025 323016 269965
4 0.003945506 0 0 0 0
4 0.005331938 0 0 0 0
4 0.006703157 0 0 0 0
4 0.007802223 0 0 0 0
4 0.009003284 0 0 0 0
4 0.010200774 0 0 0 0
4 0.011398115 0 0 0 0
4 0.012602784 0 0 0 0
4 0.013801133 0 0 0 0
4 0.015014877 0 0 0 0
4 0.016214104 0 0 0 0
4 0.01741491 0 0 0 0
4 0.018620546 0 0 0 0
4 0.019720267 0 0 0 0
4 0.020916386 0 0 0 0
4 0.022118044 0 0 0 0
4 0.023309974 0 0 0 0
4 0.024498576 0 0 0 0
4 0.02570369 0 0 0 0
4 0.026900386 0 0 0 0
4 0.028034506 0 0 0 0
4 0.029232532 0 0 0 0
4 0.03042489 0 0 0 0
4 0.031628219 0 0 0 0
4 0.032826226 0 0 0 0
4 0.034026186 0 0 0 0
4 0.035221309 0 0 0 0
4 0.03641813 0 0 0 0
4 0.037613286 0 0 0 0
4 0.038812877 0 0 0 0
4 0.039911132 0 0 0 0
4 0.041131519 0 0 0 0
4 0.04232975 0 0 0 0
4 0.043526918 0 0 0 0
4 0.044747308 0 0 0 0
4 0.045939734 0 0 0 0
4 0.047139185 0 0 0 0
4 0.048336096 0 0 0 0
4 0.049533724 0 0 0 0
4 0.050733448 0 0 0 0
4 0.051831447 0 0 0 0
4 0.053028027 0 0 0 0
4 0.054226445 0 0 0 0
4 0.05542495 0 0 0 0
4 0.05662251 0 0 0 0
4 0.057829582 0 0 0 0
4 0.059031066 0 0 0 0
4 0.060227997 0 0 0 0
4 0.061428279 0 0 0 0
4 0.062633911 0 0 0 0
4 0.063732101 0 0 0 0
4 0.06492899 0 0 0 0
4 0.066125575 0 0 0 0
4 0.067326185 0 0 0 0
4 0.068519953 0 0 0 0
4 0.069724819 0 0 0 0
4 0.07092654 0 0 0 0
4 0.072060216 0 0 0 0
4 0.073254921 0 0 0 0
4 0.074447176 0 0 0 0
4 0.075668365 0 0 0 0
4 0.07687495 0 0 0 0
4 0.078067781 0 0 0 0
4 0.07926232 0 0 0 0
4 0.080464615 0 0 0 0
4 0.081667631 0 0 0 0
4 0.082866542 0 0 0 0
4 0.084004821 0 0 0 0
4 0.085207361 0 0 0 0
4 0.086400629 0 0 0 0
4 0.087611359 0 0 0 0
4 0.088818822 0 0 0 0
4 0.090014069 0 0 0 0
4 0.091207661 0 0 0 0
4 0.092408104 0 0 0 0
4 0.093611388 0 0 0 0
4 0.094815956 0 0 0 0
4 0.095914084 0 0 0 0
4 0.097111904 0 0 0 0
4 0.098303448 0 0 0 0
4 0.099499345 0 0 0 0
4 0.100706625 0 0 0 0
4 0.101904875 0 0 0 0
4 0.103111355 0 0 0 0
4 0.104323149 0 0 0 0
4 0.105514917 0 0 0 0
4 0.106710661 0 0 0 0
4 0.10780958 0 0 0 0
4 0.109009972 0 0 0 0
4 0.110200837 0 0 0 0
4 0.111396007 0 0 0 0
4 0.112592814 0 0 0 0
4 0.113794256 0 0 0 0
4 0.114994198 0 0 0 0
4 0.116189037 0 0 0 0
4 0.117387392 0 0 0 0
4 0.118586252 0 0 0 0
4 0.119688238 0 0 0 0
4 0.120891474 0 0 0 0
4 0.122089427 0 0 0 0
4 0.123282866 0 0 0 0
4 0.124479302 0 0 0 0
4 0.125682266 0 0 0 0
4 0.12688833 0 0 0 0
4 0.128023187 0 0 0 0
4 0.129217664 0 0 0 0
4 0.130418556 0 0 0 0
4 0.131625507 0 0 0 0
4 0.132835424 0 0 0 0
4 0.134028668 0 0 0 0
4 0.135224651 0 0 0 0
4 0.136415779 0 0 0 0
4 0.137614298 0 0 0 0
4 0.138808665 0 0 0 0
4 0.139907139 0 0 0 0
4 0.141107684 0 0 0 0
4 0.14229971 0 0 0 0
4 0.143490111 0 0 0 0
4 0.14469982 0 0 0 0
4 0.14589111 0 0 0 0
4 0.147094128 0 0 0 0
4 0.148293666 0 0 0 0
4 0.149489174 0 0 0 0
4 0.150689721 0 0 0 0
4 0.151792204 0 0 0 0
4 0.152997437 0 0 0 0
4 0.15419539 0 0 0 0
4 0.155402197 0 0 0 0
4 0.156592362 0 0 0 0
4 0.157787298 0 0 0 0
4 0.158979168 0 0 0 0
4 0.160175016 0 0 0 0
4 0.161374852 0 0 0 0
4 0.162581996 0 0 0 0
4 0.163668354 0 0 0 0
4 0.164869716 0 0 0 0
4 0.166073076 0 0 0 0
4 0.167262175 0 0 0 0
4 0.16845973 0 0 0 0
4 0.169655797 0 0 0 0
4 0.170848849 0 0 0 0
4 0.17194766 0 0 0 0
4 0.17317993 0 0 0 0
4 0.174367302 0 0 0 0
4 0.175564708 0 0 0 0
4 0.176760069 0 0 0 0
4 0.177961771 0 0 0 0
4 0.179155174 0 0 0 0
4 0.180357828 0 0 0 0
4 0.181548203 0 0 0 0
4 0.182744372 0 0 0 0
4 0.18384669 0 0 0 0
4 0.18503617 0 0 0 0
4 0.186229576 0 0 0 0
4 0.187418532 0 0 0 0
4 0.188619524 0 0 0 0
4 0.189821047 0 0 0 0
4 0.191013433 0 0 0 0
4 0.192204793 0 0 0 0
4 0.193406056 0 0 0 0
4 0.194598641 0 0 0 0
4 0.195697944 0 0 0 0
4 0.196902794 0 0 0 0
4 0.198092779 0 0 0 0
4 0.199287371 0 0 0 0
4 0.20048071 0 0 0 0
4 0.201678724 0 0 0 0
4 0.202882355 0 0 0 0
4 0.204017871 0 0 0 0
4 0.205224532 0 0 0 0
4 0.206424824 0 0 0 0
4 0.207637287 0 0 0 0
4 0.208842586 0 0 0 0
4 0.210038002 0 0 0 0
4 0.211234686 0 0 0 0
4 0.212430271 0 0 0 0
4 0.213627395 0 0 0 0
4 0.214831378 0 0 0 0
4 0.215934322 0 0 0 0
4 0.217157979 0 0 0 0
4 0.218355773 0 0 0 0
4 0.219553556 0 0 0 0
4 0.220753942 0 0 0 0
4 0.221955269 0 0 0 0
4 0.223158558 0 0 0 0
4 0.224356454 0 0 0 0
4 0.22555814 0 0 0 0
4 0.226763431 0 0 0 0
4 0.227861608 0 0 0 0
4 0.229051467 0 0 0 0
4 0.230243524 0 0 0 0
4 0.231439669 0 0 0 0
4 0.232635225 0 0 0 0
4 0.233840877 0 0 0 0
4 0.235052182 0 0 0 0
4 0.236251213 0 0 0 0
4 0.237453288 0 0 0 0
4 0.238651647 0 0 0 0
4 0.239753588 0 0 0 0
4 0.240963796 0 0 0 0
4 0.242160337 0 0 0 0
4 0.243356674 0 0 0 0
4 0.244549974 0 0 0 0
4 0.245752031 0 0 0 0
4 0.246953195 0 0 0 0
4 0.248088643 0 0 0 0
4 0.249283727 0 0 0 0
4 0.250487051 0 0 0 0
4 0.251650181 0 0 0 0
4 0.252860736 0 0 0 0
4 0.25405379 0 0 0 0
4 0.255246346 0 0 0 0
4 0.256442592 0 0 0 0
4 0.257641709 0 0 0 0
4 0.258847136 0 0 0 0
4 0.25994383 0 0 0 0
4 0.261176621 0 0 0 0
4 0.262373196 0 0 0 0
4 0.263603594 0 0 0 0
4 0.264812904 0 0 0 0
4 0.266008384 0 0 0 0
4 0.26720239 0 0 0 0
4 0.268408784 0 0 0 0
4 0.269611363 0 0 0 0
4 0.270815835 0 0 0 0
4 0.27191505 0 0 0 0
4 0.273109494 0 0 0 0
4 0.274307298 0 0 0 0
4 0.275506854 0 0 0 0
4 0.276713454 0 0 0 0
4 0.27792008 0 0 0 0
4 0.279120724 0 0 0 0
4 0.280320998 0 0 0 0
4 0.281521146 0 0 0 0
4 0.282713172 0 0 0 0
4 0.283811633 0 0 0 0
4 0.285016086 0 0 0 0
4 0.286212816 0 0 0 0
4 0.287406998 0 0 0 0
4 0.288601784 0 0 0 0
4 0.289802612 0 0 0 0
4 0.291008275 0 0 0 0
4 0.292202904 0 0 0 0
4 0.293399997 0 0 0 0
4 0.294605448 0 0 0 0
4 0.295704029 0 0 0 0
4 0.296914 0 0 0 0
4 0.298107898 0 0 0 0
4 0.299308762 0 0 0 0
4 0.300506582 0 0 0 0
4 0.301713479 0 0 0 0
4 0.30291933 0 0 0 0
4 0.30405705 0 0 0 0
4 0.30525428 0 0 0 0
4 0.30645323 0 0 0 0
4 0.307644944 0 0 0 0
4 0.308846458 0 0 0 0
4 0.310047869 0 0 0 0
4 0.311251261 0 0 0 0
4 0.312452761 0 0 0 0
4 0.313655527 0 0 0 0
4 0.314855968 0 0 0 0
4 0.315992421 0 0 0 0
4 0.31719745 0 0 0 0
4 0.318390934 0 0 0 0
4 0.319632321 0 0 0 0
4 0.32083564 0 0 0 0
4 0.322028528 0 0 0 0
4 0.3232331 0 0 0 0
4 0.324434825 0 0 0 0
4 0.325637773 0 0 0 0
4 0.326835696 0 0 0 0
4 0.32797214 0 0 0 0
4 0.329174145 0 0 0 0
4 0.330371327 0 0 0 0
4 0.331603159 0 0 0 0
4 0.332805339 0 0 0 0
4 0.334075824 0 0 0 0
4 0.335274467 0 0 0 0
4 0.336467547 0 0 0 0
4 0.337662851 0 0 0 0
4 0.338856232 0 0 0 0
4 0.339988635 0 0 0 0
4 0.341184863 0 0 0 0
4 0.342380992 0 0 0 0
4 0.343581143 0 0 0 0
4 0.344786657 0 0 0 0
4 0.345982752 0 0 0 0
4 0.347176387 0 0 0 0
4 0.348376502 0 0 0 0
4 0.349573551 0 0 0 0
4 0.350775042 0 0 0 0
4 0.351873943 0 0 0 0
4 0.353071792 0 0 0 0
4 0.354268431 0 0 0 0
4 0.35546999 0 0 0 0
4 0.356674124 0 0 0 0
4 0.357872716 0 0 0 0
4 0.359067471 0 0 0 0
4 0.360267465 0 0 0 0
4 0.361461378 0 0 0 0
4 0.362661141 0 0 0 0
4 0.363760488 0 0 0 0
4 0.364970618 0 0 0 0
4 0.366175029 0 0 0 0
4 0.367369401 0 0 0 0
4 0.368566503 0 0 0 0
4 0.369767689 0 0 0 0
4 0.370971326 0 0 0 0
4 0.372167389 0 0 0 0
4 0.373363127 0 0 0 0
4 0.374560813 0 0 0 0
4 0.37565993 0 0 0 0
4 0.376859908 0 0 0 0
4 0.378055785 0 0 0 0
4 0.379259788 0 0 0 0
4 0.380454019 0 0 0 0
4 0.381647356 0 0 0 0
4 0.382868632 0 0 0 0
4 0.384003099 0 0 0 0
4 0.385200874 0 0 0 0
4 0.38639356 0 0 0 0
4 0.38759828 0 0 0 0
4 0.388807504 0 0 0 0
4 0.390007286 0 0 0 0
4 0.391202285 0 0 0 0
4 0.392398799 0 0 0 0
4 0.393593992 0 0 0 0
4 0.394797903 0 0 0 0
4 0.395896517 0 0 0 0
4 0.397091164 0 0 0 0
4 0.398294231 0 0 0 0
4 0.399489021 0 0 0 0
4 0.40070189 0 0 0 0
4 0.401906546 0 0 0 0
4 0.403103184 0 0 0 0
4 0.404301074 0 0 0 0
4 0.405504228 0 0 0 0
4 0.406700797 0 0 0 0
4 0.407799406 0 0 0 0
4 0.409006004 0 0 0 0
4 0.410204252 0 0 0 0
4 0.411403807 0 0 0 0
4 0.412599259 0 0 0 0
4 0.413800263 0 0 0 0
4 0.415001323 0 0 0 0
4 0.416199977 0 0 0 0
4 0.417399412 0 0 0 0
4 0.418596122 0 0 0 0
4 0.419697744 0 0 0 0
4 0.420900943 0 0 0 0
4 0.422094948 0 0 0 0
4 0.423291408 0 0 0 0
4 0.424488799 0 0 0 0
4 0.425696506 0 0 0 0
4 0.426891589 0 0 0 0
4 0.42802599 0 0 0 0
4 0.429221196 0 0 0 0
4 0.430420689 0 0 0 0
4 0.431617308 0 0 0 0
4 0.432820024 0 0 0 0
4 0.434014052 0 0 0 0
4 0.435210724 0 0 0 0
4 0.436412003 0 0 0 0
4 0.437611528 0 0 0 0
4 0.438817742 0 0 0 0
4 0.439915918 0 0 0 0
4 0.44113595 0 0 0 0
4 0.442334149 0 0 0 0
4 0.443527136 0 0 0 0
4 0.444727693 0 0 0 0
4 0.445927339 0 0 0 0
4 0.447121305 0 0 0 0
4 0.448319827 0 0 0 0
4 0.449516039 0 0 0 0
4 0.450712871 0 0 0 0
4 0.451814688 0 0 0 0
4 0.453019121 0 0 0 0
4 0.454216057 0 0 0 0
4 0.455412694 0 0 0 0
4 0.45661497 0 0 0 0
4 0.457817364 0 0 0 0
4 0.459016568 0 0 0 0
4 0.460220022 0 0 0 0
4 0.461413061 0 0 0 0
4 0.462619382 0 0 0 0
4 0.463718267 0 0 0 0
4 0.464924116 0 0 0 0
4 0.466124082 0 0 0 0
4 0.467319451 0 0 0 0
4 0.468514694 0 0 0 0
4 0.469708204 0 0 0 0
4 0.470907829 0 0 0 0
4 0.472038513 0 0 0 0
4 0.473234639 0 0 0 0
4 0.474433516 0 0 0 0
4 0.475638466 0 0 0 0
4 0.476950397 0 0 0 0
4 0.47814343 0 0 0 0
4 0.479340339 0 0 0 0
4 0.480538751 0 0 0 0
4 0.481742785 0 0 0 0
4 0.48297838 0 0 0 0
4 0.484182738 0 0 0 0
4 0.485380079 0 0 0 0
4 0.486573158 0 0 0 0
4 0.487657949 0 0 0 0
4 0.488858622 0 0 0 0
4 0.490062416 0 0 0 0
4 0.4912568 0 0 0 0
4 0.492451788 0 0 0 0
4 0.493655438 0 0 0 0
4 0.494860423 0 0 0 0
4 0.495999098 0 0 0 0
4 0.497197652 0 0 0 0
4 0.498389604 0 0 0 0
4 0.499586778 0 0 0 0
4 0.500792841 0 0 0 0
4 0.501997983 0 0 0 0
4 0.503191476 0 0 0 0
4 0.504387777 0 0 0 0
4 0.505586833 0 0 0 0
4 0.506789355 0 0 0 0
4 0.507886387 0 0 0 0
4 0.509080107 0 0 0 0
4 0.510277985 0 0 0 0
4 0.511470705 0 0 0 0
4 0.512677072 0 0 0 0
4 0.51387957 0 0 0 0
4 0.515076432 0 0 0 0
4 0.51627541 0 0 0 0
4 0.517480137 0 0 0 0
4 0.518676678 0 0 0 0
4 0.519773437 0 0 0 0
4 0.520970462 0 0 0 0
4 0.522167594 0 0 0 0
4 0.523362728 0 0 0 0
4 0.524553881 0 0 0 0
4 0.525754894 0 0 0 0
4 0.526957685 0 0 0 0
4 0.528094255 0 0 0 0
4 0.529289711 0 0 0 0
4 0.530481374 0 0 0 0
4 0.531662679 0 0 0 0
4 0.532863608 0 0 0 0
4 0.534062172 0 0 0 0
4 0.535254465 0 0 0 0
4 0.53644309 0 0 0 0
4 0.537641662 0 0 0 0
4 0.538847009 0 0 0 0
4 0.539944271 0 0 0 0
4 0.541166855 0 0 0 0
4 0.542359823 0 0 0 0
4 0.54355445 0 0 0 0
4 0.544754163 0 0 0 0
4 0.545949988 0 0 0 0
4 0.547146269 0 0 0 0
4 0.548341164 0 0 0 0
4 0.549540993 0 0 0 0
4 0.550744621 0 0 0 0
4 0.551841339 0 0 0 0
4 0.553028531 0 0 0 0
4 0.554222841 0 0 0 0
4 0.555419672 0 0 0 0
4 0.556620839 0 0 0 0
4 0.557825254 0 0 0 0
4 0.559030896 0 0 0 0
4 0.560237942 0 0 0 0
4 0.561433759 0 0 0 0
4 0.562629619 0 0 0 0
4 0.563726559 0 0 0 0
4 0.564928823 0 0 0 0
4 0.566120281 0 0 0 0
4 0.567313393 0 0 0 0
4 0.568506157 0 0 0 0
4 0.569708853 0 0 0 0
4 0.57091371 0 0 0 0
4 0.57204598 0 0 0 0
4 0.573249037 0 0 0 0
4 0.574440054 0 0 0 0
4 0.575644345 0 0 0 0
4 0.576844846 0 0 0 0
4 0.578047099 0 0 0 0
4 0.579241313 0 0 0 0
4 0.580435388 0 0 0 0
4 0.581630146 0 0 0 0
4 0.582833677 0 0 0 0
4 0.583930161 0 0 0 0
4 0.585153635 0 0 0 0
4 0.586353603 0 0 0 0
4 0.58755091 0 0 0 0
4 0.58875816 0 0 0 0
4 0.589958124 0 0 0 0
4 0.591150222 0 0 0 0
4 0.592353997 0 0 0 0
4 0.593548428 0 0 0 0
4 0.594749587 0 0 0 0
4 0.595846034 0 0 0 0
4 0.597041981 0 0 0 0
4 0.598232932 14381 1317 2 706210
4 0.599433188 98443 9004 4 5558398
4 0.600632206 95189 8783 5 5486435
4 0.601829778 99131 9107 4 5529004
4 0.60303512 100895 9328 4 5566728
4 0.604231127 98509 9205 5 5430749
4 0.60543236 99096 9307 4 5504421
4 0.606633812 99984 9432 4 5509003
4 0.607736036 88613 8434 5 4983947
4 0.60895019 100391 9551 4 5597217
4 0.610155637 98086 9287 4 5572546
4 0.611351558 97674 9341 4 5521341
4 0.61255614 97656 9379 5 5496665
4 0.613768339 99024 9507 4 5602195
4 0.614969112 19669 9898 31069 1269123
4 0.616103847 8 689 13835 55008
4 0.617296412 1 378 13502 54076
4 0.618483499 7 500 12564 48954
4 0.619666703 10 333 14404 55728
4 0.62086874 0 464 11559 45504
4 0.622076396 3 486 14314 57095
4 0.623281173 0 433 12487 50234
4 0.624476892 5 508 13513 53665
4 0.625676608 34 376 14072 58596
4 0.626879594 2 639 12172 51169
4 0.628012073 9 417 13850 54901
4 0.62920805 2 570 11351 48725
4 0.630406325 3 456 14377 56549
4 0.631608521 1 457 11883 48502
4 0.632817045 6 541 13870 55910
4 0.634022665 3 348 13334 51989
4 0.635214564 5 538 12551 50994
4 0.636410133 4 396 14606 57609
4 0.637611596 3 581 11424 47242
4 0.638814054 5 430 14451 56712
4 0.639911448 0 421 10848 42729
4 0.64111053 5 426 14342 55878
4 0.642304991 0 242 12551 47949
4 0.643502522 7 344 13692 54150
4 0.644705652 2 267 14037 54753
4 0.645906638 6 380 12298 49290
4 0.64710216 6 249 14544 57579
4 0.648296785 3 275 12010 46703
4 0.649494952 19 308 14173 56373
4 0.650699397 0 302 12789 50485
4 0.651797815 3 249 12723 50381
4 0.653005194 3 231 13296 51231
4 0.654201429 4 337 13172 51853
4 0.655398415 2 327 14697 59121
4 0.656596674 2 283 11666 45658
4 0.657799596 1 267 14601 56386
4 0.658997896 0 258 12345 47456
4 0.660195694 5 259 13843 53417
4 0.6613898 2 332 13296 51391
4 0.662581874 3 381 12791 51137
4 0.663686201 3 335 12542 48374
4 0.664888668 0 586 12636 50630
4 0.666089252 4 339 14706 55951
4 0.667282121 2 455 11844 47448
4 0.66847483 8 635 13632 56816
4 0.669674575 2 526 12281 50485
4 0.670876327 3 546 13575 54075
4 0.67201064 3 373 11931 47908
4 0.67320757 9 517 13443 53868
4 0.674401247 0 340 14763 56564
4 0.675613054 2 667 11226 47952
4 0.676833521 4 481 14350 57398
4 0.678034136 6 481 12310 49061
4 0.679228383 4 641 13443 54578
4 0.680428694 5 345 13239 52303
4 0.681630104 5 575 12782 51136
4 0.682833948 0 447 14378 57236
4 0.683931797 1 445 10842 42612
4 0.685150196 1 306 14698 57464
4 0.686344627 0 330 12028 47545
4 0.687546643 3 329 13945 56459
4 0.688752035 1 240 13118 50330
4 0.68995388 2 398 13195 52682
4 0.691154684 0 320 14674 58922
4 0.692349722 2 413 11391 52307
4 0.693547992 1 432 14242 57573
4 0.694748321 5 341 12124 49349
4 0.695846389 5 317 13102 50864
4 0.697040419 1 240 12370 48443
4 0.698242726 4 315 14028 54812
4 0.699441444 0 347 13626 54446
4 0.700647024 4 367 12579 49745
4 0.701849023 1 244 14508 55607
4 0.703043103 0 383 12032 47511
4 0.70424007 10 343 14003 55719
4 0.705434098 2 280 12426 50804
4 0.706635591 0 309 13765 53686
4 0.707733134 0 238 11688 44918
4 0.708939866 2 269 13864 53737
4 0.710135306 0 337 14442 57815
4 0.711334977 0 376 11822 46537
4 0.712529429 2 359 14233 55860
4 0.713727437 0 433 12088 46620
4 0.714931363 1 428 14039 55378
4 0.716053147 0 376 11574 45746
4 0.717261516 3 835 13287 58041
4 0.718460272 0 439 13171 54873
4 0.719686775 9 564 12934 52291
4 0.720891473 0 378 14371 56733
4 0.722091634 12 490 12071 48378
4 0.723287717 4 527 13829 55660
4 0.724488566 3 410 12611 49838
4 0.725681387 10 644 13215 54146
4 0.726881546 1 339 14788 57274
4 0.728014189 0 575 10456 43627
4 0.729211663 0 376 14690 57414
4 0.730407091 0 500 11543 45985
4 0.731617247 3 516 14360 56835
4 0.732824675 1 388 12444 48442
4 0.734016515 2 548 13502 54054
4 0.735211625 2 382 13933 55671
4 0.736408909 4 558 11941 49126
4 0.737609038 2 369 14365 56580
4 0.738811333 2 462 12118 46876
4 0.739912039 8 410 12936 52320
4 0.741109649 1 503 11764 46735
4 0.742305385 3 546 14011 56224
4 0.743504798 1 418 12579 49967
4 0.744707164 6 513 13409 52775
4 0.745909855 0 299 14696 57358
4 0.747105863 15 588 11559 47398
4 0.74830318 0 509 14118 56693
4 0.749502906 1 586 11737 49556
4 0.750702575 4 500 13919 58541
4 0.751800831 0 397 11395 44603
4 0.752998266 6 514 13763 55068
4 0.754198235 1 373 13246 50923
4 0.755395911 2 543 12879 51858
4 0.756593747 6 385 14649 56576
4 0.757795256 2 506 11525 45355
4 0.758995414 0 517 14332 55124
4 0.7602016 0 507 12150 49416
4 0.761406938 4 486 13678 54148
4 0.762600517 2 296 14073 54467
4 0.763698099 0 484 11231 45537
4 0.764906079 5 308 14889 57543
4 0.766106789 3 720 11149 48283
4 0.76730225 1 505 14216 59259
4 0.768498172 4 461 11924 48895
4 0.769695701 9 499 13755 58327
4 0.770891363 20 376 13242 54415
4 0.772028794 2 594 12292 49739
4 0.773227881 0 335 14154 55846
4 0.774426493 4 596 11941 50646
4 0.775622493 5 409 14342 57668
4 0.776829726 3 525 11972 48149
4 0.778027942 2 465 13837 55126
4 0.779226808 2 360 13131 53055
4 0.780423948 4 559 12969 51952
4 0.781615952 2 334 14767 56801
4 0.782824381 0 521 11574 46491
4 0.783922195 5 425 13503 54907
4 0.785115121 2 499 11554 45859
4 0.786309411 4 469 14400 55894
4 0.787511578 3 369 12503 48225
4 0.788714367 4 564 13500 54266
4 0.789918178 6 327 14786 56586
4 0.791125625 1 612 11486 47100
4 0.792323975 7 451 14296 56179
4 0.793522627 0 440 11993 47494
4 0.794726468 2 504 13940 55583
4 0.795824269 16 343 11422 45178
4 0.797019351 2 555 13885 58051
4 0.798216493 5 320 13333 53866
4 0.799403658 3 552 12532 53958
4 0.800599749 4 376 14667 57263
4 0.801801373 4 557 11745 47073
4 0.802998198 3 433 14215 56137
4 0.804197668 0 344 12488 50049
4 0.805406677 1 482 13590 55514
4 0.806611596 2 194 14333 57670
4 0.80770999 2 332 11129 42856
4 0.808917757 4 337 14814 57191
4 0.810114012 4 505 11513 45159
4 0.811310418 1 368 14449 55273
4 0.812507675 2 403 11990 46524
4 0.813714713 4 582 13777 55552
4 0.814916501 0 450 13131 53672
4 0.816050708 0 598 12100 49864
4 0.817264449 2 335 14821 56968
4 0.8184632 0 524 11498 46785
4 0.81966459 2 422 14367 57852
4 0.820867268 2 464 11869 48363
4 0.822062992 2 547 13642 56074
4 0.823257471 0 371 13198 50858
4 0.82445188 4 566 12790 52334
4 0.825656384 7 431 14645 57558
4 0.826852012 1 442 11614 45738
4 0.827976597 3 371 13884 55862
4 0.829186748 5 469 11938 47205
4 0.830376638 5 485 13861 55007
4 0.831591085 3 451 13001 51489
4 0.832794372 4 617 12842 53868
4 0.833986744 3 332 14751 57537
4 0.835183073 2 532 11444 47786
4 0.836385132 8 476 14210 55895
4 0.837585041 4 436 11968 48374
4 0.838773207 3 522 13770 54563
4 0.839870419 3 466 11119 46289
4 0.841058086 0 339 14026 54184
4 0.842251562 0 272 13281 52189
4 0.84344674 4 341 12928 51330
4 0.844639911 0 378 14615 57661
4 0.845840521 0 552 11483 46919
4 0.847040051 0 408 14425 56676
4 0.84823491 3 465 12145 48941
4 0.849425014 4 569 13613 54466
4 0.85062945 0 320 13822 53355
4 0.851727363 3 559 11478 46806
4 0.852933104 2 306 14219 55116
4 0.854124907 4 594 11917 47896
4 0.855320445 1 403 14459 56630
4 0.856518043 1 510 11674 47140
4 0.85772054 9 320 14108 56221
4 0.858917914 0 232 13016 50346
4 0.860050899 5 394 12900 49972
4 0.861246938 0 297 13376 52442
4 0.862442433 0 676 12509 51702
4 0.863684498 1 465 14657 58535
4 0.864888036 5 428 12019 50098
4 0.866082906 1 294 13962 55312
4 0.867279438 2 286 13313 50125
4 0.868472608 14 350 12987 52243
4 0.869664638 2 301 14700 60426
4 0.870864753 5 409 11447 47713
4 0.871963131 5 267 13768 53180
4 0.873184795 2 636 11505 48511
4 0.874384636 2 545 14187 58190
4 0.875594648 1 392 12629 51104
4 0.876799621 4 562 13357 54791
4 0.878010974 9 385 14876 56809
4 0.879203509 0 542 11408 44649
4 0.880397842 3 322 14386 56395
4 0.881590316 3 334 12002 49224
4 0.882794503 4 269 14229 55878
4 0.883892109 4 244 11556 45725
4 0.88509328 10 299 13864 53615
4 0.886292263 0 216 13479 51656
4 0.887489799 0 319 12971 50183
4 0.888701329 3 274 14533 56985
4 0.889896739 2 277 12214 46043
4 0.891095915 0 225 14226 53869
4 0.892300481 10 257 12836 50400
4 0.893488751 3 315 13500 52764
4 0.894680212 5 312 14542 58104
4 0.895778382 0 295 10740 42755
4 0.896973599 3 248 14812 57848
4 0.89816903 107 1108 16049 75175
4 0.899371322 83 1605 30717 96907
4 0.90056756 5 244 12074 47150
4 0.901760255 2 335 13901 55520
4 0.902967218 0 314 13255 51997
4 0.904162584 8 445 12889 52301
4 0.905351948 7 218 14846 56296
4 0.906550082 0 395 11533 46246
4 0.907654119 0 285 13678 55347
4 0.908866927 1 673 11337 47681
4 0.910066653 3 400 14445 56216
4 0.911258528 0 397 12264 47539
4 0.912462676 2 559 13610 54897
4 0.913660681 6 619 12882 54501
4 0.914861859 6 603 12828 50363
4 0.915994888 21 334 14255 55413
4 0.917186715 6 342 11543 45688
4 0.918383135 11 448 14401 56726
4 0.919589132 0 397 12014 48699
4 0.920792037 15 416 14047 55419
4 0.92198662 7 250 13267 51859
4 0.923175623 10 286 12886 50367
4 0.924372895 0 202 14848 56315
4 0.925575415 3 364 11974 47495
4 0.92678052 8 479 14206 55966
4 0.927877098 0 422 11217 43965
4 0.929070172 9 647 13687 56481
4 0.93025992 4 451 12549 49318
4 0.931453163 12 724 13155 54520
4 0.932648567 9 411 14665 57587
4 0.933842555 3 789 11047 47036
4 0.93504232 8 594 14222 57222
4 0.936240021 7 502 11791 47306
4 0.937442914 5 646 13796 56195
4 0.938642911 5 371 13240 51606
4 0.93974042 6 558 11954 50817
4 0.940933406 15 348 13280 52011
4 0.94213335 13 603 12854 51018
4 0.943328666 2 576 14061 57747
4 0.944524502 2 687 11640 48661
4 0.945717174 6 563 13951 55573
4 0.946913438 3 370 12621 49415
4 0.948047501 8 516 12887 50921
4 0.949240452 0 369 13130 51551
4 0.950435883 6 777 12552 52547
4 0.951636378 0 424 14541 56325
4 0.952841961 2 627 11388 46773
4 0.954035038 6 524 14247 57341
4 0.955232619 7 495 12267 48643
4 0.956428126 10 495 13662 53762
4 0.957623597 6 392 13593 52862
4 0.958820484 10 390 12646 48922
4 0.959918362 2 302 13085 50781
4 0.96111296 7 533 12213 48121
4 0.962302766 6 543 14196 56956
4 0.963504664 4 529 11870 47263
4 0.964703121 13 526 13901 55205
4 0.965906487 2 463 13047 50714
4 0.967102043 14 555 13006 51538
4 0.968289124 5 415 14590 56785
4 0.969476877 3 563 11331 46197
4 0.970665617 2 383 14367 55199
4 0.971763289 5 301 10950 43688
4 0.972956427 7 265 14573 55029
4 0.974148732 9 402 12002 47023
4 0.975342861 5 600 13888 54823
4 0.976541525 9 297 13188 51396
4 0.977735669 4 752 12357 52257
4 0.978935617 14 382 14677 57248
4 0.980070065 0 577 10975 44855
4 0.981262742 9 299 14527 56463
4 0.982456738 3 352 11956 47022
4 0.983664285 4 394 13999 55875
4 0.984862066 0 222 13347 51708
4 0.986053473 9 401 12791 50181
4 0.98724581 9 230 14845 55064
4 0.988440636 0 337 11662 44985
4 0.98963544 7 287 14580 54985
4 0.990834028 1 229 12614 48052
4 0.99193225 2 417 12761 50771
4 0.993148304 2 309 13107 50850
4 0.994335185 11 333 13269 51146
4 0.995542139 16 229 14898 57163
4 0.996739819 11 600 11388 45378
4 0.997938366 6 507 14288 55311
4 0.99912934 2 581 12055 48191
4 1.000317183 7 686 13386 56064
4 1.001513843 2 528 13115 53558
4 1.002711396 14 691 12656 53760
4 1.003808841 4 299 12958 49833
4 1.005001933 2 610 12281 48558
4 1.006210966 10 584 14462 56594
4 1.007408652 7 429 11984 46107
4 1.008606807 1 535 13994 54262
4 1.009800718 1 387 12891 48680
4 1.010987904 0 575 13385 51361
4 1.012181183 0 429 14774 56168
4 1.013369486 8 845 11143 46735
4 1.014568875 3 509 14491 55243
4 1.015658616 0 530 10785 42164
4 1.016856415 10 531 14389 57103
4 1.018051505 1 570 12171 47479
4 1.019247279 3 458 13912 52807
4 1.020442673 0 430 13539 51053
4 1.021633796 9 472 12833 48604
4 1.022834344 13 342 14554 54865
4 1.023969456 6 328 11490 44004
4 1.025165834 5 360 14648 53924
4 1.026359974 7 388 12188 45875
4 1.027558131 7 514 14169 52333
4 1.028764474 3 284 13921 51036
4 1.029965304 2 371 12841 47741
4 1.031162859 12 364 14557 55300
4 1.032358323 5 365 11973 45400
4 1.033543286 5 384 14093 54322
4 1.034741735 4 281 12886 47643
4 1.035839302 9 304 12841 47603
4 1.03703983 10 399 13230 50405
4 1.038240249 12 647 12923 50889
4 1.039436789 6 378 14810 55564
4 1.040625105 2 517 11570 44083
4 1.041825032 6 459 14535 53720
4 1.043022691 3 405 12607 46777
4 1.044213389 12 558 13662 50765
4 1.045408505 2 413 13699 51987
4 1.046601081 8 600 12528 49326
4 1.047702119 8 360 13307 49494
4 1.048898248 6 637 12138 46135
4 1.050087599 13 436 14590 54850
4 1.05128118 6 389 12153 45623
4 1.052475088 5 582 13856 53335
4 1.053664477 1 371 13052 47503
4 1.054859768 6 702 13079 51676
4 1.055992757 8 397 13133 49484
4 1.057186836 2 472 12740 48106
4 1.058381559 4 374 14541 54097
4 1.05958476 0 532 12109 45812
4 1.060791212 8 678 13885 54368
4 1.061979455 12 509 12745 49235
4 1.063179877 7 729 13267 51798
4 1.064372073 2 524 14646 56001
4 1.065560217 0 773 11219 46749
4 1.06676436 4 462 14562 53738
4 1.067862391 1 396 10990 41600
4 1.069056605 2 579 14405 54512
4 1.070251676 6 487 12400 48658
4 1.071448022 9 653 13573 52660
4 1.072644881 3 453 13953 51782
4 1.073839902 6 678 12202 48272
4 1.075028307 5 436 14544 54430
4 1.076216643 3 512 11878 45041
4 1.077411817 1 555 14014 53262
4 1.07861008 11 526 12583 48789
4 1.079712024 12 770 12206 50327
4 1.080912771 1 470 13145 50027
4 1.082107124 18 764 12609 53302
4 1.083302663 10 482 14671 55866
4 1.084512736 7 326 11946 44774
4 1.085715849 15 400 14514 55417
4 1.086913746 2 651 12287 50547
4 1.088046114 6 491 12962 49115
4 1.08924012 3 342 13381 49516
4 1.090434692 1 512 13055 48962
4 1.091626447 3 230 14900 53907
4 1.092826255 1 391 11646 45247
4 1.094033749 6 373 14621 55080
4 1.09523334 1 331 12711 47615
4 1.096428304 8 346 13878 52676
4 1.097614514 0 243 13799 51318
4 1.098809057 13 301 12866 47575
4 1.099906828 14 197 13455 50089
4 1.101107666 4 649 12171 47599
4 1.102300913 4 417 14654 54057
4 1.103500888 5 604 11825 47124
4 1.104700317 3 505 13908 52304
4 1.105901036 1 454 13375 51151
4 1.107099124 2 551 12998 49218
4 1.108300691 6 307 14757 54191
4 1.109488867 0 569 11530 44341
4 1.110690251 12 488 14526 55505
4 1.111791351 2 472 11162 43826
4 1.112993014 4 579 14188 55130
4 1.114187916 3 588 12481 49800
4 1.115379401 6 674 13406 51900
4 1.116575889 2 304 14412 54314
4 1.117776054 2 670 11811 48297
4 1.118973671 10 432 14622 54402
4 1.120168558 0 441 12020 46405
4 1.121363045 10 424 13989 54228
4 1.122562137 4 428 13297 50344
4 1.123665871 20 516 12402 47059
4 1.124867836 2 322 13785 50830
4 1.126068195 1 596 12678 48836
4 1.127261523 10 408 14541 54693
4 1.128453212 1 629 11794 46141
4 1.129660376 2 585 14034 54878
4 1.130853256 9 450 12762 48409
4 1.131951396 4 392 12632 47612
4 1.133179806 0 257 14191 52009
4 1.134366201 8 537 12689 48636
4 1.135583634 7 738 14344 56749
4 1.136791003 1 494 12149 46499
4 1.137984967 0 471 13966 52978
4 1.139182056 9 375 13274 49016
4 1.1403814 5 447 13207 49577
4 1.141580651 1 406 14833 54905
4 1.14278265 6 513 11864 45661
4 1.143883053 0 441 13543 50899
4 1.145088337 0 650 12031 46600
4 1.146281125 12 594 13992 54440
4 1.147478307 0 377 12886 47745
4 1.148681551 3 526 13502 51188
4 1.149877015 9 488 14791 55767
4 1.151073742 1 508 11558 44313
4 1.152261238 14 423 14462 55121
4 1.153452954 3 445 12068 45160
4 1.154646474 5 599 13892 53440
4 1.155744319 7 374 11477 43358
4 1.156946641 2 570 14124 53010
4 1.158146344 5 433 13678 52836
4 1.159342356 3 661 12561 48558
4 1.160539864 6 331 14452 54953
4 1.161734181 2 602 11864 45523
4 1.162934804 6 530 14163 54800
4 1.164072217 4 433 11584 99716
4 1.165268996 2 420 14218 52416
4 1.166464931 0 358 13312 50663
4 1.167642447 8 685 12525 50118
4 1.168840341 4 417 14803 54710
4 1.170037679 8 633 11541 46677
4 1.171244909 18 478 14632 54392
4 1.1724479 11 366 12519 46096
4 1.173648115 2 644 13634 52328
4 1.174853331 0 369 14906 55343
4 1.175989015 3 609 10774 43542
4 1.177187989 2 508 14694 56067
4 1.178382486 2 585 11820 47877
4 1.179601896 2 518 14283 54456
4 1.180804812 0 436 12770 48556
4 1.18199996 1 551 13475 51291
4 1.183195334 6 461 14790 55796
4 1.184292565 4 788 10147 42347
4 1.18549446 3 407 14867 55072
4 1.186699656 4 684 11683 46292
4 1.187797311 0 249 13724 52142
4 1.188999989 1 495 12192 46465
4 1.190195467 1 611 13959 54869
4 1.191390088 0 484 12753 49085
4 1.192593796 1 721 13321 52088
4 1.193793606 7 406 14875 54994
4 1.194979811 0 587 11556 46869
4 1.196115505 4 392 14067 53026
4 1.197305157 2 426 12088 44927
4 1.198495812 9 466 14087 53371
4 1.199647951 5 515 12041 46007
4 1.200857553 0 663 13676 53766
4 1.202053246 0 361 14188 52672
4 1.203240983 7 584 12162 46514
4 1.204433085 5 396 14309 60785
4 1.205621447 0 470 12116 44950
4 1.206821114 8 610 13992 54733
4 1.207918131 1 365 11367 42236
4 1.209131722 0 432 14162 53842
4 1.210322215 1 409 13269 49815
4 1.211507717 18 681 12821 51827
4 1.21271515 7 519 14628 58323
4 1.213910211 5 556 11574 45540
4 1.215102367 9 328 14600 53887
4 1.216300611 2 374 12446 47669
4 1.217497889 18 591 13776 53741
4 1.218691294 3 439 13762 53012
4 1.219789496 5 543 11555 45485
4 1.220987222 5 287 14729 54150
4 1.222176093 5 540 11787 45675
4 1.22336696 7 253 14718 54683
4 1.224563352 0 268 12214 44740
4 1.225754873 3 412 13984 53522
4 1.226952319 1 496 13003 50343
4 1.228145042 1 647 13031 52226
4 1.229338781 7 429 14807 55499
4 1.23053347 1 680 11359 46429
4 1.231662763 5 499 13767 53307
4 1.232867039 0 720 11853 46833
4 1.234063287 8 292 14341 53391
4 1.235256197 2 269 12899 48267
4 1.236442093 0 263 13763 50089
4 1.237635553 5 170 15050 55505
4 1.238842242 3 410 11742 46646
4 1.23993965 8 236 13962 53051
4 1.241168551 1 407 12188 47038
4 1.242362262 14 303 14371 54239
4 1.243559568 11 311 12769 48581
4 1.244756199 5 304 13784 50835
4 1.245960035 23 241 15209 55567
4 1.24715213 0 520 11440 44847
4 1.248342592 12 287 14586 54290
4 1.249534948 3 244 12237 44804
4 1.250728868 12 606 13823 53417
4 1.251826629 3 398 11551 43467
4 1.253033068 3 427 14294 53187
4 1.25422683 0 251 13490 50488
4 1.255420612 9 485 12998 49995
4 1.256620275 0 310 14569 55348
4 1.257817471 1 383 12084 45932
4 1.259007337 3 405 14211 54917
4 1.260198544 7 283 12613 47759
4 1.261394539 1 371 13822 51701
4 1.262588328 5 296 14303 53360
4 1.263686153 6 382 11427 43246
4 1.264882985 4 288 14969 55990
4 1.266078773 5 341 11670 47232
4 1.267275357 6 318 14681 55058
4 1.268462747 1 250 12143 44910
4 1.269650759 7 253 14158 52401
4 1.270862427 3 350 13658 50381
4 1.271962747 11 375 12509 47680
4 1.273194823 4 216 14838 54846
4 1.274384902 10 567 11642 45419
4 1.275616236 11 578 14587 57227
4 1.276822129 3 528 12287 46622
4 1.278011465 7 574 13766 52195
4 1.279211106 6 565 13587 53409
4 1.28040677 2 566 12355 49110
4 1.281614054 1 267 14855 54369
4 1.282813573 5 278 12289 44762
4 1.283911367 7 310 13641 50444
4 1.285152653 2 281 12984 48093
4 1.286353326 2 325 13973 51190
4 1.287551098 7 321 14233 53989
4 1.288750469 1 635 11923 46818
4 1.289944709 8 484 14470 54733
4 1.291136157 12 583 11923 46982
4 1.292329631 4 545 14017 53196
4 1.293528057 0 473 12757 47759
4 1.294718848 13 693 13395 52514
4 1.295816221 6 354 12124 45639
4 1.297002968 3 782 12955 52209
4 1.298189881 8 267 14933 55195
4 1.299382158 3 572 11517 44808
4 1.300583837 2 444 14532 54660
4 1.301786815 6 400 12369 45832
4 1.30297714 10 623 13797 52846
4 1.304180295 2 406 13314 51323
4 1.305371594 1 603 12862 48711
4 1.306562167 4 496 14414 56005
4 1.307644557 3 596 10654 42335
4 1.308843226 1 267 14662 54812
4 1.310038268 5 347 12127 45476
4 1.311238217 9 595 14091 56291
4 1.312442928 1 421 12747 48747
4 1.313640659 1 683 13419 53158
4 1.314838151 4 346 14944 55048
4 1.31593588 1 668 10387 43065
4 1.317155878 21 408 14975 56822
4 1.318347152 3 573 11866 45347
4 1.319537711 7 499 14271 53957
4 1.320738228 0 371 12536 46535
4 1.321936501 6 584 13625 52460
4 1.323133315 5 390 14670 56606
4 1.324320142 4 729 11318 46954
4 1.325517917 6 453 14561 54531
4 1.326711801 4 502 12029 45625
4 1.327809501 16 498 13266 52526
4 1.329001744 5 495 11896 47183
4 1.330188798 6 408 13985 52381
4 1.331385144 2 483 13294 50098
4 1.332573397 0 685 12784 50523
4 1.333775589 6 502 14729 56012
4 1.334968396 12 628 11538 46168
4 1.336157765 9 580 14264 54329
4 1.337345539 2 530 12193 46542
4 1.33853383 9 604 13820 52330
4 1.339649369 3 430 11848 45779
4 1.340848532 3 522 13731 51206
4 1.342046007 0 262 15057 55184
4 1.343238135 7 636 11423 44704
4 1.344431434 2 357 14344 53542
4 1.345628807 1 659 11939 46507
4 1.346820108 1 488 14089 53275
4 1.347917541 0 492 11391 43290
4 1.349131475 7 556 14182 53803
4 1.350327213 2 356 13376 50217
4 1.351518765 15 611 12790 50281
4 1.352727266 5 435 14703 56205
4 1.353932192 2 452 12173 45508
4 1.355129361 13 609 13960 54416
4 1.356327373 4 639 12452 50195
4 1.357518592 6 676 13373 51610
4 1.358712005 8 378 14912 55565
4 1.359809999 1 772 10177 42711
4 1.361014859 7 399 14900 55066
4 1.362204419 7 477 11546 45292
4 1.363400484 13 305 14706 53335
4 1.364593453 3 413 12041 46359
4 1.365790113 1 518 14175 52177
4 1.366986587 2 281 13808 50399
4 1.368184418 7 708 12460 48770
4 1.369376608 5 523 14392 55401
4 1.37056888 2 709 11713 46336
4 1.371666332 5 388 13437 51597
4 1.372868386 0 627 11948 46466
4 1.374075452 3 565 14017 53565
4 1.375273827 4 447 13323 49812
4 1.376479039 4 546 12968 50981
4 1.377679808 16 633 14536 56183
4 1.378874064 7 591 11782 44887
4 1.380007647 7 450 13962 52099
4 1.381209037 5 550 11995 47217
4 1.382403865 9 441 13998 51996
4 1.38363715 1 424 14016 52059
4 1.384845572 4 580 12453 48727
4 1.386039245 11 437 14661 54386
4 1.387238474 3 615 11811 45776
4 1.388435312 11 624 14098 55462
4 1.389640041 0 431 12740 47167
4 1.390836468 7 621 13567 52497
4 1.391934012 2 311 11953 45435
4 1.393160572 4 506 13691 52242
4 1.394353835 4 327 14909 54020
4 1.395555101 4 516 11919 44897
4 1.396756531 4 527 14201 53909
4 1.397956085 3 374 12739 47369
4 1.399154559 14 553 13627 51498
4 1.400345026 6 384 14568 54501
4 1.401536929 0 639 11574 45262
4 1.402736206 1 451 14586 54688
4 1.403833893 0 325 11025 41637
4 1.405028947 8 424 14507 56147
4 1.406225011 4 394 12100 46242
4 1.407423333 7 547 14126 52404
4 1.408630727 1 337 13356 50916
4 1.409829452 5 373 13183 49326
4 1.411026218 8 264 14617 54059
4 1.412223141 0 419 12040 45815
4 1.413421135 10 285 14428 53296
4 1.414610264 24 224 12931 46605
4 1.415708 21 425 12736 48520
4 1.416909816 4 349 13206 48044
4 1.418097005 0 626 13084 50780
4 1.419291814 12 494 14696 56068
4 1.420485645 0 697 11280 46125
4 1.421691144 10 503 14495 54701
4 1.42288303 5 466 12307 46504
4 1.424015886 14 577 13163 51677
4 1.425214356 14 436 12732 48545
4 1.426408376 7 847 13128 52710
4 1.427623685 2 355 14991 55032
4 1.428824628 1 569 11543 44659
4 1.430018662 6 412 14571 53010
4 1.431213901 8 422 12490 46799
4 1.432400338 15 590 13601 52314
4 1.433606421 2 402 13818 51796
4 1.434808895 6 489 12773 48832
4 1.435906316 1 225 13590 49848
4 1.437113139 2 553 12174 46978
4 1.438301098 2 428 14530 54361
4 1.4395025 7 456 12173 45439
4 1.440704983 11 589 14008 53284
4 1.441907757 5 333 13448 50264
4 1.443095286 9 578 12859 48879
4 1.444287208 1 396 14563 54088
4 1.445480595 1 538 11806 44554
4 1.446673579 12 428 14418 53198
4 1.447771222 1 427 11195 42322
4 1.448964614 12 663 14019 55428
4 1.450159458 2 415 12695 47699
4 1.451348748 3 682 13424 51514
4 1.452539955 1 441 14012 53393
4 1.453729084 3 706 11930 46655
4 1.454921082 8 545 14421 55083
4 1.456053926 1 549 10996 42863
4 1.457247113 6 466 14467 54748
4 1.45844163 1 624 12016 47516
4 1.459649343 4 447 14180 52814
4 1.460860317 0 340 14136 53840
4 1.462062663 0 372 12523 46775
4 1.463265363 3 264 14863 54045
4 1.464451936 1 351 12049 45130
4 1.465642321 3 446 13940 53567
4 1.466841302 2 344 13160 49628
4 1.467973743 9 562 12483 50090
4 1.469162437 4 454 13456 51716
4 1.470353966 7 642 12476 49195
4 1.471555367 8 462 14413 54663
4 1.472782489 1 585 12095 47854
4 1.473970487 6 754 13583 54419
4 1.47516374 4 613 12882 51899
4 1.476355578 0 553 13120 49500
4 1.477542304 1 415 14810 55045
4 1.478732166 8 486 11564 44433
4 1.479829418 8 292 13918 51283
4 1.481020545 7 426 11678 45688
4 1.482217013 11 337 14637 54397
4 1.483401969 7 335 12264 46338
4 1.484598537 4 347 14137 52166
4 1.485802869 0 295 13722 50871
4 1.486998477 7 365 12978 48135
4 1.488194589 6 290 14567 53857
4 1.489392563 6 385 12248 46010
4 1.490587713 6 428 14150 54236
4 1.491685926 1 396 11276 44044
4 1.492891256 14 571 14017 54410
4 1.494088489 4 370 13367 48771
4 1.495287351 9 568 13031 50106
4 1.496478059 3 390 14778 54589
4 1.49767412 8 687 11452 46611
4 1.498871946 7 493 14531 55095
4 1.500007234 4 465 11530 45301
4 1.501207549 2 601 13824 54659
4 1.502399046 1 426 13095 49215
4 1.503595954 4 452 13232 50893
4 1.504793879 5 362 14855 55631
4 1.505989284 1 445 11653 45667
4 1.507190862 4 423 14495 54674
4 1.50838237 3 339 12186 46122
4 1.509571694 8 514 13955 53914
4 1.510766858 12 227 13519 49935
4 1.511865032 4 304 12160 44857
4 1.513061709 10 312 13462 49916
4 1.514252587 1 625 12828 49182
4 1.515441579 4 391 14590 56408
4 1.516636771 5 595 11615 45567
4 1.517831351 9 541 14271 56608
4 1.519025109 3 341 12597 46258
4 1.520213123 7 389 13708 52032
4 1.521411287 0 536 13712 52945
4 1.522605104 6 696 12285 48486
4 1.523702768 0 341 13307 51229
4 1.52491365 3 387 12487 46166
4 1.526108164 12 254 14769 54080
4 1.527301612 4 220 12258 45354
4 1.52849169 13 529 13759 53574
4 1.529686828 2 414 13344 49286
4 1.530885444 8 649 12934 50168
4 1.53201875 2 423 13720 51182
4 1.533215761 3 679 12093 46492
4 1.534404892 9 496 14522 55772
4 1.535608357 6 496 12083 45705
4 1.536811791 2 618 13825 53375
4 1.538003599 3 374 13343 48313
4 1.539201954 5 622 12953 50263
4 1.540395084 1 354 14852 54510
4 1.541590141 5 594 11554 45012
4 1.542784523 7 446 14602 54013
4 1.543882172 2 398 11241 42025
4 1.545076623 0 574 14106 54241
4 1.546269289 8 489 12594 48177
4 1.547461978 7 571 13567 52124
4 1.548664951 5 333 14955 55981
4 1.549861103 5 440 11581 45954
4 1.551053991 13 341 14533 54091
4 1.552242743 7 290 12135 45695
4 1.5534388 2 414 13997 52936
4 1.554632954 6 251 13489 48642
4 1.555730776 11 603 12183 48288
4 1.556935841 6 468 13653 51017
4 1.558132459 5 702 12622 49500
4 1.559321685 10 386 14523 53638
4 1.560509031 1 586 11881 44848
4 1.561702298 3 531 14153 53498
4 1.562894673 2 481 12603 47287
4 1.564026666 11 620 12823 50396
4 1.565216257 0 375 13229 48714
4 1.566403446 4 703 12691 51500
4 1.567596753 7 362 14849 54623
4 1.568797043 1 310 11820 43792
4 1.570001746 8 453 14573 56403
4 1.571193066 0 618 12185 47976
4 1.57238424 2 493 13724 51336
4 1.573582054 0 330 14135 52129
4 1.57478956 7 525 12490 46849
4 1.575893819 9 343 13998 52369
4 1.577136561 11 585 11712 45667
4 1.578333436 3 489 14508 53635
4 1.579532527 1 456 12649 47435
4 1.580731426 13 520 13568 51860
4 1.581923095 0 255 14385 53735
4 1.583117974 5 582 12120 45886
4 1.584312202 4 452 14538 54191
4 1.585509124 4 589 11961 47136
4 1.58670748 13 576 13869 54930
4 1.587808448 0 390 11595 43761
4 1.589012903 12 475 14236 52667
4 1.59020682 1 406 13353 50386
4 1.591400187 4 534 12985 48022
4 1.592600092 6 372 14535 53783
4 1.593800266 3 504 12141 45658
4 1.594994193 10 492 14070 53528
4 1.596194948 1 347 12781 48412
4 1.597388255 5 597 13463 51113
4 1.598585039 9 459 14786 56762
4 1.599682759 1 470 10521 40840
4 1.600881735 3 396 14861 54806
4 1.602072281 11 683 11363 45564
4 1.603265243 13 455 14485 54053
4 1.604467596 1 503 12274 47336
4 1.605660747 1 589 13860 53048
4 1.606868095 5 326 14171 51795
4 1.608002083 4 525 11628 44620
4 1.609201221 16 395 14876 55710
4 1.610395042 2 598 11441 44384
4 1.611591037 10 508 14433 55274
4 1.612792038 1 507 11933 47090
4 1.613984408 8 635 13911 53815
4 1.615176428 0 362 13278 49748
4 1.616380825 6 569 12886 49328
4 1.61757263 5 375 14716 54146
4 1.618774062 6 645 11842 47704
4 1.61987527 10 706 13128 53052
4 1.621068057 0 462 12010 45112
4 1.622262443 11 458 14085 53162
4 1.623451749 2 361 12822 47433
4 1.624650487 2 435 13657 50298
4 1.625851149 13 386 14908 54975
4 1.627040653 6 613 11438 44889
4 1.628231181 6 471 14468 54430
4 1.62942733 1 511 12040 46267
4 1.630624373 8 578 14111 53564
4 1.63172229 4 355 11720 43186
4 1.63291986 10 517 13882 51922
4 1.634120455 2 439 14041 52663
4 1.635306555 9 613 12183 46565
4 1.636496156 8 462 14251 55164
4 1.637687343 0 477 12093 45133
4 1.638891466 9 528 14102 53955
4 1.640025409 0 512 11884 45253
4 1.641221873 3 548 13924 53022
4 1.642414088 3 452 13568 52183
4 1.643611457 2 699 12485 49586
4 1.64481239 11 452 14444 54615
4 1.646013932 4 613 11987 45823
4 1.647206662 5 663 13814 54640
4 1.648396946 2 449 12618 47723
4 1.649591162 1 378 13748 50899
4 1.650784073 5 365 14890 55052
4 1.651884766 2 395 10657 41334
4 1.653082099 1 301 14938 54332
4 1.654273132 4 413 11687 44767
4 1.655468135 7 290 14680 53427
4 1.656666675 0 245 12671 45479
4 1.657873466 5 397 14011 52429
4 1.659063134 6 259 14196 51698
4 1.660251642 13 438 12241 46548
4 1.661438739 1 367 14431 54604
4 1.66263388 4 540 11984 46830
4 1.663732061 1 319 13623 50378
4 1.664940054 1 444 12160 45845
4 1.666134565 4 399 14009 53002
4 1.667323359 4 307 13258 49116
4 1.668518365 2 612 12831 52254
4 1.669708851 5 238 15012 53775
4 1.670898518 6 491 11575 44446
4 1.672033275 4 395 13994 51793
4 1.673240845 4 485 12239 45614
4 1.674434108 6 579 13948 53080
4 1.67562997 9 486 12741 49489
4 1.67683483 2 692 13382 51768
4 1.678024223 6 439 14809 54303
4 1.679218856 3 751 11336 46417
4 1.680409829 9 486 14465 53844
4 1.681598064 1 424 12097 45262
4 1.682793448 8 634 14023 52966
4 1.683894331 10 462 11576 43804
4 1.685082301 5 319 14012 51248
4 1.686280043 3 226 14029 50809
4 1.687478307 4 627 12455 47969
4 1.688674553 1 439 14502 54089
4 1.689879611 1 572 12090 45978
4 1.691078343 10 675 13773 54263
4 1.69227255 3 453 13012 49241
4 1.693468399 4 530 13207 50618
4 1.694673514 9 332 14915 57126
4 1.695771165 3 709 10497 42391
4 1.696975243 1 330 14687 55037
4 1.698168326 5 437 12083 45451
4 1.699362466 6 527 14136 53393
4 1.700551002 3 557 12327 47987
4 1.701752057 8 603 13725 52340
4 1.702944066 1 462 14727 55224
4 1.704077693 3 532 10795 43000
4 1.705274336 11 382 14890 54630
4 1.706469806 7 659 11669 45596
4 1.70765919 5 514 14248 53455
4 1.70888749 0 393 12756 47978
4 1.710082453 7 741 13331 52734
4 1.711278213 0 490 14578 56746
4 1.712473509 5 629 11417 44014
4 1.713666211 16 489 14545 54430
4 1.714861938 3 549 11846 47049
4 1.715997207 2 705 13375 53613
4 1.717194277 4 580 12332 47988
4 1.718388025 1 386 13868 50509
4 1.719595249 1 389 14297 53810
4 1.720807845 3 450 12415 45729
4 1.722008258 19 531 14538 55448
4 1.72320586 1 557 11943 46794
4 1.724402701 10 638 13937 52424
4 1.725603636 2 461 13340 50180
4 1.726807759 8 699 12994 50169
4 1.727905178 9 323 13037 49631
4 1.729102383 4 559 12551 47277
4 1.73029971 14 446 14611 54388
4 1.73149974 3 562 12037 47449
4 1.732690168 4 646 13671 53621
4 1.733893428 9 570 12897 49426
4 1.735094561 17 570 13226 50989
4 1.736290383 3 445 14720 55006
4 1.737476913 0 536 11533 44486
4 1.738676031 2 502 14461 55156
4 1.739773574 4 487 10939 42397
4 1.740969832 6 593 14407 55214
4 1.742166894 2 497 12449 48458
4 1.743353376 6 722 13351 54166
4 1.744545792 1 365 13820 51416
4 1.745742147 3 658 12456 47875
4 1.746947843 7 528 14587 55568
4 1.748082496 1 508 11112 44882
4 1.749282261 8 535 14475 55330
4 1.750470799 0 426 12392 46486
4 1.751685372 5 584 13793 53488
4 1.752891334 2 397 14908 54995
4 1.75408207 4 531 11600 44237
4 1.75527361 8 519 14517 55755
4 1.756466849 1 480 11943 45760
4 1.757664674 5 624 13788 54682
4 1.758867979 4 428 13337 49567
4 1.760002393 9 708 12292 51367
4 1.761223125 7 321 15183 55794
4 1.762476591 6 558 12132 46518
4 1.763683809 11 592 14040 55184
4 1.764956142 1 588 13690 53711
4 1.766224843 14 624 13499 51401
4 1.767491834 8 490 14886 56301
4 1.768776421 14 420 14969 58933
4 1.770044858 7 452 13016 49319
4 1.771219802 8 406 14250 53690
4 1.7724861 1 457 12983 49412
4 1.773690756 2 616 13454 51671
4 1.774960918 0 512 15124 58711
4 1.776133809 6 597 11581 46204
4 1.777397521 0 563 14756 56383
4 1.778660929 0 356 15503 57387
4 1.779806749 0 647 10928 43510
4 1.781068113 3 506 14987 56652
4 1.782361227 1 395 14254 52729
4 1.783656095 4 621 13530 52046
4 1.78499475 1 523 15441 57411
4 1.786188299 2 322 13811 51174
4 1.787376599 8 646 12378 48477
4 1.788566895 10 471 14339 55185
4 1.789771718 5 553 12096 45964
4 1.790976274 3 415 14197 54112
4 1.792171675 7 550 12470 50516
4 1.793362362 3 465 13623 50903
4 1.794551971 0 255 15005 54682
4 1.795664568 6 503 10528 42837
4 1.796866615 4 306 14931 55807
4 1.798056502 2 687 11405 46253
4 1.799244907 7 501 14454 53849
4 1.800442644 0 620 11792 47589
4 1.801634799 0 350 14321 51981
4 1.802839589 12 314 13748 50840
4 1.803937305 7 393 12007 45365
4 1.805132878 1 370 14082 52546
4 1.806327584 5 779 12039 48953
4 1.807523195 16 408 14594 55998
4 1.808741486 2 637 11912 47030
4 1.809942544 6 526 13876 53077
4 1.81113347 5 396 13317 49105
4 1.812326889 8 754 12724 51102
4 1.813512155 6 639 14459 56403
4 1.814710158 0 718 11373 46378
4 1.81580786 3 394 13770 52498
4 1.817000013 0 562 11599 44656
4 1.818185592 4 410 14524 53405
4 1.819379557 10 427 12365 46337
4 1.82057605 6 599 13705 52931
4 1.82177476 6 386 13726 52026
4 1.822975985 7 606 12754 49001
4 1.824171503 6 500 14249 55155
4 1.825373318 4 338 12339 45445
4 1.826573898 4 307 14314 53010
4 1.827662366 5 369 11498 44897
4 1.828860444 1 360 14068 53870
4 1.830052045 0 236 13351 48285
4 1.83124596 5 288 13413 49703
4 1.832441517 7 302 14803 54852
4 1.833635475 0 447 11636 43916
4 1.834834421 8 316 14678 54132
4 1.835931701 1 364 10976 41905
4 1.837120371 16 399 14549 54370
4 1.838317708 10 395 12497 47616
4 1.839513631 1 491 13844 53731
4 1.840711459 3 547 13334 53428
4 1.841907254 9 587 12654 48367
4 1.843105799 6 471 14596 54662
4 1.844300906 1 614 11752 46559
4 1.845490688 9 620 13894 54811
4 1.846685997 3 532 12621 48609
4 1.847783894 2 633 12526 48694
4 1.848979994 0 467 13110 49136
4 1.850178669 14 593 13158 51209
4 1.851374511 4 386 14880 54963
4 1.852560113 4 570 11487 44326
4 1.85375215 8 566 14277 56182
4 1.854949486 6 620 12064 47856
4 1.856083625 8 747 12848 52928
4 1.857278856 1 508 12564 48413
4 1.858473412 14 684 13303 52094
4 1.859689559 8 381 14943 55309
4 1.86089113 8 741 11394 46280
4 1.862081244 6 732 14120 55695
4 1.863278218 10 528 12389 47766
4 1.864468764 4 734 13473 53326
4 1.865664826 3 354 13462 50866
4 1.866868541 6 542 13052 48768
4 1.867968833 3 409 14188 54383
4 1.869192088 7 596 11385 46391
4 1.870381075 9 352 14619 54122
4 1.871617262 4 291 12874 47414
4 1.872816697 5 468 13762 53174
4 1.874013565 3 234 14066 52213
4 1.875205076 15 416 12645 47370
4 1.876395253 11 382 14337 54774
4 1.877589238 7 401 12175 45713
4 1.878789583 7 251 14394 52571
4 1.879887085 2 235 11647 42950
4 1.881081268 6 365 14065 54458
4 1.882278332 3 252 13386 48646
4 1.883466126 8 290 13355 49312
4 1.884658728 11 330 14877 57072
4 1.885858196 3 490 11600 44778
4 1.887050851 1 448 14419 54720
4 1.888247408 0 314 12137 46077
4 1.889447684 3 447 14151 54610
4 1.89064092 0 217 13540 50875
4 1.891738757 11 339 12262 45705
4 1.892943073 5 302 14215 54170
4 1.894141786 6 353 12498 47323
4 1.895330553 6555 7417 53802 310466
4 1.89652997 20 735 13557 53607
4 1.897727207 8 447 13609 50896
4 1.898928383 7 550 12859 48104
4 1.900062483 8 311 14236 52474
4 1.901251922 6 606 11454 44266
4 1.90244774 11 490 14481 54625
4 1.903666869 1 644 12292 48117
4 1.904866404 8 610 13713 54011
4 1.906063399 2 387 14068 52308
4 1.907260713 21 665 12204 47279
4 1.908449448 1 456 14341 54190
4 1.909638954 3 644 11895 45956
4 1.910836437 11 846 13526 56722
4 1.911933961 0 400 11372 42525
4 1.913148757 3 605 14087 54234
4 1.914338022 4 460 13216 49384
4 1.915528057 14 295 13274 48628
4 1.916726981 5 299 14909 54445
4 1.917932977 7 433 11813 45551
4 1.919121769 11 533 14436 54156
4 1.920314429 2 505 12246 46698
4 1.921510229 6 701 13656 53971
4 1.922704511 6 316 13956 51015
4 1.923802483 2 599 11468 44889
4 1.925006171 0 441 14755 55567
4 1.926199933 10 716 11521 45646
4 1.927392862 16 456 14548 53792
4 1.928583439 4 454 11972 45065
4 1.929785277 1 538 13924 53344
4 1.930974304 0 318 13334 48789
4 1.932169566 4 311 13235 48673
4 1.933358479 14 324 14906 55377
4 1.934553703 7 410 11655 44468
4 1.935683847 4 322 13920 52011
4 1.936886576 1 567 12036 45368
4 1.938086217 10 633 13911 55085
4 1.939282085 6 414 12772 48263
4 1.940484687 7 484 13587 50918
4 1.941687764 5 353 14925 55183
4 1.94289118 10 612 11549 45549
4 1.944024996 2 445 13935 51875
4 1.945219558 0 437 12077 46117
4 1.946414089 8 318 14266 52802
4 1.947619143 3 285 13280 48151
4 1.948820841 1 530 13258 49888
4 1.950021107 6 380 14891 54853
4 1.951218029 5 511 11661 44852
4 1.95241452 1 546 14267 54294
4 1.953610994 5 497 12459 47986
4 1.954811471 7 581 13700 52305
4 1.955908981 1 370 11867 44748
4 1.957106717 16 578 13563 51780
4 1.958299813 9 446 14836 55365
4 1.959496321 1 839 11137 46113
4 1.960701902 6 261 14625 53362
4 1.961905036 3 281 12322 45839
4 1.963101957 9 397 14248 51958
4 1.964296407 5 346 13170 49242
4 1.965492708 5 659 12848 50036
4 1.966688662 10 419 14796 54556
4 1.967786545 3 406 10997 42098
4 1.968981972 2 277 14616 53570
4 1.970172349 0 396 12118 45842
4 1.971368382 11 314 14363 53268
4 1.972559331 0 257 12792 46498
4 1.973760619 1 408 13793 51790
4 1.974961537 14 432 14862 55370
4 1.97609546 2 414 11083 41241
4 1.977289712 14 377 14582 53973
4 1.978483459 3 546 11971 45286
4 1.979663332 5 495 14057 52974
4 1.980863174 0 414 12534 46814
4 1.982067947 7 596 13756 53657
4 1.983261014 0 334 14864 54805
4 1.984449939 1 681 11200 44430
4 1.985641093 5 544 14370 55826
4 1.986839766 1 520 12069 46138
4 1.987936063 6 511 13283 50048
4 1.989124533 2 589 11914 46279
4 1.990317934 3 542 14027 53069
4 1.991515428 0 335 13381 49840
4 1.992717171 16 354 12973 49650
4 1.99391199 10 485 14699 55179
4 1.995102151 5 531 11615 44578
4 1.996289809 5 403 14516 53140
4 1.99747843 4 454 12323 46106
4 1.998673742 2 506 13957 52005
4 1.999771233 6 345 11729 43571
4 2.000964518 3 599 13597 52173
4 2.002167212 0 432 14273 56118
4 2.003369351 9 665 12050 46060
4 2.004563627 3 477 14148 53612
4 2.005764447 4 685 11812 47132
4 2.006963315 13 765 13737 54829
4 2.008097636 0 692 11702 47159
4 2.009294437 2 543 13841 51819
4 2.010488369 5 491 13620 51450
4 2.011689409 9 629 12521 47781
4 2.012895665 5 446 14648 54545
4 2.014093667 5 587 12042 46649
4 2.015280293 10 608 13818 52923
4 2.016476979 3 502 12643 48373
4 2.017676605 4 732 13369 51935
4 2.018872358 9 428 14856 55980
4 2.020005759 3 608 10938 42173
4 2.021202168 5 385 14500 54120
4 2.022405304 5 460 12177 45937
4 2.023608682 11 538 14039 53462
4 2.024815362 5 357 13177 47803
4 2.026017664 7 468 13347 50794
4 2.027204877 10 249 14963 54175
4 2.028403591 2 331 11745 43357
4 2.029608116 2 306 14784 53938
4 2.030814097 7 454 12510 48496
4 2.03191185 2 391 12950 48061
4 2.033111897 5 336 12813 47877
4 2.034307245 4 489 13510 52775
4 2.035502818 1 254 15038 54352
4 2.036704827 0 570 11455 44498
4 2.03789612 0 484 14479 53814
4 2.039092843 1 437 12108 46394
4 2.040286971 3 653 13754 53170
4 2.041491434 4 456 13448 50098
4 2.042700521 4 706 12945 50594
4 2.043798904 5 348 13198 48731
4 2.045002944 4 547 12322 46681
4 2.046195207 4 332 14618 53906
4 2.047393354 4 398 12092 45111
4 2.04859455 0 467 14012 53694
4 2.04980269 2 298 13356 48518
4 2.050998239 12 735 12815 52838
4 2.052198455 6 460 14750 54746
4 2.053394367 0 596 11538 44484
4 2.054586957 1 547 14389 54955
4 2.055688128 5 649 10869 44002
4 2.056891554 2 584 14199 54213
4 2.058086745 3 467 12620 47513
4 2.059279595 4 558 13621 51066
4 2.060479172 0 357 14762 54702
4 2.061667845 4 595 11508 44177
4 2.06286776 5 499 14540 54746
4 2.063999429 4 505 10997 43888
4 2.065194664 5 315 14714 53175
4 2.066391229 3 507 12411 47507
4 2.067607845 6 548 13908 51680
4 2.068807813 2 324 14881 54527
4 2.07000163 0 546 11612 44203
4 2.07119461 11 294 14663 53391
4 2.072382397 1 383 12017 44503
4 2.073573785 1 453 13998 51948
4 2.074776029 5 439 13277 49460
4 2.075873833 3 506 12338 46569
4 2.07707308 1 332 13446 49593
4 2.078274204 6 635 12953 50032
4 2.079468662 6 342 14605 55177
4 2.080662834 0 399 12036 44689
4 2.081858086 9 440 14206 53724
4 2.083058346 8 582 12468 49439
4 2.084248007 2 600 13375 50722
4 2.085443514 1 333 14349 53373
4 2.086638209 13 587 12069 47321
4 2.087740731 5 260 14113 53296
4 2.088943146 0 450 11627 45537
4 2.090170263 10 364 14863 54939
4 2.091361809 5 369 12483 47079
4 2.092554624 3 417 13783 51227
4 2.093749727 3 329 14155 51342
4 2.094944884 3 636 12254 47176
4 2.096077203 2 399 14091 52744
4 2.097273527 4 712 11330 45838
4 2.098474082 4 581 14336 56060
4 2.099662234 4 538 12158 46716
4 2.100866629 5 569 13865 52485
4 2.102061345 2 357 13908 50966
4 2.103259105 8 645 12422 48135
4 2.104455152 4 748 14101 56205
4 2.10566145 3 483 12192 45798
4 2.106866193 10 544 14001 52140
4 2.107963905 11 478 11488 43466
4 2.109195087 3 513 14381 52964
4 2.110393423 2 307 14254 52543
4 2.111603397 12 461 12360 46855
4 2.112800522 1 436 14598 53659
4 2.113993572 2 564 11960 45639
4 2.115184682 11 722 13700 54760
4 2.116380343 2 413 13087 47715
4 2.117580228 4 530 13323 49879
4 2.118773865 16 459 14777 55237
4 2.119874959 0 576 10705 41252
4 2.121066398 0 428 14610 53682
4 2.122261379 0 528 12003 44353
4 2.123454441 6 560 14123 53551
4 2.124649255 1 539 12371 46660
4 2.125841848 8 637 13593 50980
4 2.127034544 5 533 14094 54102
4 2.128234136 1 695 11919 45711
4 2.129430021 8 530 14463 54487
4 2.130628918 7 607 11961 45897
4 2.131726758 13 649 13103 51731
4 2.132927391 6 445 12112 46862
4 2.134122682 6 419 14206 52027
4 2.135321166 3 381 13353 50440
4 2.136516293 2 477 12900 48990
4 2.137707719 6 342 14745 53713
4 2.138907788 10 717 11806 46416
4 2.140041366 4 547 13683 51261
4 2.141239343 5 450 12140 45122
4 2.142426645 14 641 13761 52483
4 2.143621308 6 406 13282 48736
4 2.144817506 2 653 12849 50019
4 2.146011362 14 500 14688 54911
4 2.147208015 4 735 11309 47269
4 2.148398438 3 571 14274 53665
4 2.149592762 0 479 12392 46020
4 2.150790341 11 617 13706 52612
4 2.151887602 9 460 11596 45141
4 2.153081281 14 904 13202 52882
4 2.154269259 4 320 14181 51617
4 2.155456728 8 388 12397 45091
4 2.156657382 3 476 14567 54900
4 2.157860892 2 397 12209 45569
4 2.159054059 13 429 13978 52790
4 2.160250017 4 449 12725 47695
4 2.161441614 3 731 13293 50994
4 2.162633577 8 436 14831 54321
4 2.163731089 0 770 10324 42547
4 2.164935941 7 430 14877 54718
4 2.166125444 6 558 11587 44339
4 2.167318059 2 600 14401 54009
4 2.168514108 1 620 12105 46806
4 2.16971741 19 744 13577 53971
4 2.170920996 4 368 14285 53106
4 2.17205679 1 647 11351 43947
4 2.173246822 2 408 14799 54195
4 2.174440748 3 469 11655 43765
4 2.1756666 12 644 14441 55629
4 2.176866747 1 377 12687 47664
4 2.178060928 3 590 13532 51415
4 2.179250519 0 441 14397 54193
4 2.180444014 1 728 11573 45742
4 2.18164198 9 515 14552 54167
4 2.182847179 1 550 12048 46367
4 2.183945224 7 558 13269 50056
4 2.185165336 0 448 12632 47901
4 2.18635415 3 386 13856 51143
4 2.187555035 2 414 14086 53496
4 2.188762274 1 411 12421 46115
4 2.189956874 5 406 14693 53463
4 2.191151859 15 353 12160 44957
4 2.192348741 5 392 13977 52508
4 2.193549301 3 290 13463 48902
4 2.194746684 4 443 13074 49908
4 2.195844722 3 455 12500 48729
4 2.197046431 3 428 13201 48581
4 2.198241442 3 336 14532 53921
4 2.199435989 11 577 11958 46182
4 2.200640222 15 539 14005 53942
4 2.201835215 8 397 12746 47903
4 2.203025317 3 385 13732 49439
4 2.204222438 0 338 14801 55012
4 2.205411702 3 416 11739 43374
4 2.206613999 17 326 14733 53179
4 2.207711984 11 455 10870 42272
4 2.208908723 5 452 14541 53630
4 2.210105696 11 400 12386 46579
4 2.211310273 7 519 13863 52095
4 2.212500912 0 275 13384 49306
4 2.213695356 10 395 13175 48375
4 2.214894714 18 319 14680 53869
4 2.216027401 0 424 11347 41841
4 2.217222003 5 488 14435 54248
4 2.218416798 5 438 12110 45056
4 2.219624715 2 652 14005 53219
4 2.220824839 0 364 13344 48836
4 2.222018951 3 580 12873 48139
4 2.22322476 5 441 14709 54294
4 2.224418373 5 569 11910 45750
4 2.225611105 12 610 14030 53266
4 2.22680954 4 468 12683 47821
4 2.227906896 0 810 12288 49416
4 2.229099999 1 434 12802 47636
4 2.23029455 21 649 13382 50069
4 2.231491545 7 499 14759 55142
4 2.232690807 1 663 11402 45842
4 2.233885662 6 652 14264 54204
4 2.23508363 6 541 12392 47114
4 2.236279368 11 611 13654 52716
4 2.237478136 7 262 14002 50485
4 2.238676264 7 376 12756 47942
4 2.239773928 3 327 13741 50932
4 2.240971238 6 500 11842 44774
4 2.24216777 7 655 14161 55068
4 2.243366581 5 692 11678 46861
4 2.24456031 0 677 13438 54780
4 2.245762197 6 465 13397 49983
4 2.246958357 18 678 12678 49262
4 2.248152214 7 500 14652 55381
4 2.249347929 0 930 11130 47046
4 2.250549641 15 591 14443 53889
4 2.251671332 7 490 11523 43845
4 2.252873965 7 378 14104 52256
4 2.254070296 2 404 13337 48897
4 2.255261469 7 635 12941 49425
4 2.256455809 9 524 14666 54956
4 2.257661925 3 711 11601 45868
4 2.258861162 16 406 14525 53468
4 2.259994835 2 593 11465 45658
4 2.261191802 17 542 13913 52088
4 2.262382775 7 537 13168 49075
4 2.263601299 19 783 12990 51283
4 2.264795707 1 440 14649 53776
4 2.265999394 1 699 11832 45505
4 2.26718909 9 530 14159 52845
4 2.268381672 0 373 12500 46999
4 2.269580268 5 646 13581 51704
4 2.270780335 4 407 14932 55002
4 2.271878151 4 712 10423 40921
4 2.273073466 11 462 14798 55539
4 2.274263118 3 732 11303 45346
4 2.275454602 2 614 14357 54429
4 2.276655091 2 774 11637 48392
4 2.277854488 0 650 14035 52538
4 2.279050373 5 426 13313 49634
4 2.28024832 5 678 12727 49643
4 2.281441973 5 435 14582 53642
4 2.282627875 6 568 11790 45550
4 2.28372592 6 374 13517 50366
4 2.284919031 0 623 11819 46858
4 2.286118359 7 550 14157 53836
4 2.287315409 4 346 12886 47220
4 2.288508106 5 711 13343 51137
4 2.289702152 5 388 14867 54982
4 2.290904799 3 667 11412 45162
4 2.292038349 6 432 13890 52133
4 2.293228322 3 634 11840 45984
4 2.294422073 5 576 14078 53399
4 2.295618181 8 411 12688 47219
4 2.296821912 7 542 13621 52103
4 2.298016745 4 496 14690 55908
4 2.299209552 5 466 11556 44027
4 2.300398497 4 377 14474 53581
4 2.30159434 1 306 12242 45391
4 2.302797697 3 336 14368 51828
4 2.303895282 9 328 11629 43639
4 2.305086447 14 521 13905 52115
4 2.30627923 11 404 13399 50087
4 2.307473164 10 689 12858 48413
4 2.308662816 0 605 14224 54481
4 2.309877806 1 486 12193 45213
4 2.311078043 12 518 14121 52606
4 2.312264566 0 523 12476 47381
4 2.313453633 7 699 13426 51996
4 2.314649039 1 398 14849 54637
4 2.315747354 8 609 10529 40332
4 2.316945219 6 484 14766 55761
4 2.318133289 1 646 11392 44061
4 2.319324531 10 514 14457 53961
4 2.320523317 1 597 11895 46202
4 2.321723349 6 631 14026 53474
4 2.322915749 0 429 13274 50196
4 2.324049521 13 688 12235 47388
4 2.325238106 1 440 14662 56608
4 2.326426756 5 525 11479 43363
4 2.32761531 11 481 14552 53720
4 2.328819039 3 458 12031 46660
4 2.330015781 3 597 13855 52487
4 2.331213857 5 322 13437 49253
4 2.332411461 11 443 13050 49987
4 2.33360661 4 268 14964 54051
4 2.334811438 4 375 12210 44695
4 2.335909184 8 521 13472 51005
4 2.337102615 3 464 12020 44843
4 2.338296207 4 586 13928 53345
4 2.339493706 2 499 12877 48540
4 2.340695971 7 708 13106 52025
4 2.341896044 3 494 14745 55449
4 2.343099229 5 724 11424 45234
4 2.344291907 2 618 14267 54080
4 2.345486371 2 617 12298 47941
4 2.346682611 8 890 13389 53146
4 2.347780262 3 410 11814 44249
4 2.348975085 1 634 13486 51237
4 2.350168151 3 385 14855 54436
4 2.351361641 4 667 11455 43948
4 2.352558202 5 538 14513 54258
4 2.353751329 0 380 12133 45598
4 2.354949978 12 443 14149 52718
4 2.35608404 1 274 12215 44716
4 2.357280769 4 501 13707 52252
4 2.358476229 2 277 14836 53385
4 2.359646997 16 426 11597 43672
4 2.360848863 2 434 14614 54688
4 2.362047805 2 391 12089 45173
4 2.363267998 9 472 14043 54161
4 2.364476724 1 256 13459 47880
4 2.365680539 2 450 13175 50343
4 2.366870522 2 297 14894 53914
4 2.368006401 2 348 11314 42220
4 2.369207256 7 440 14584 55032
4 2.370403114 1 334 12040 44495
4 2.371547909 5 387 13561 51371
4 2.372647645 0 384 10996 40797
4 2.373880601 6 486 14686 56711
4 2.375081151 5 316 12649 47114
4 2.376273157 6 437 13686 50684
4 2.377462112 4 325 13914 51908
4 2.378655083 9 461 12553 47736
4 2.379753186 5 455 13146 49588
4 2.380945547 7 795 11897 47107
4 2.382139795 14 537 14538 53955
4 2.383341001 10 479 12074 45158
4 2.384535682 8 674 13577 52349
4 2.385741836 6 545 12698 48322
4 2.386939727 16 706 13364 51838
4 2.388075224 0 511 12650 48820
4 2.389287328 2 683 12746 49896
4 2.390480106 1 479 14466 54366
4 2.39168794 2 567 11942 45075
4 2.392887543 0 537 14142 53426
4 2.394087922 4 366 12789 48658
4 2.395287544 14935 930 20593 1482776
4 2.396486292 13383 1 16 5492267
4 2.397693976 16736 0 6 5567910
4 2.398893618 20290 0 28 5522375
4 2.400032203 18599 0 39 5196264
4 2.401240238 19832 0 29 5548023
4 2.402434392 20078 0 6 5487797
4 2.403673145 20222 0 79 5664511
4 2.404877025 19842 0 8 5511229
4 2.406084217 20226 0 30 5552013
4 2.407283764 20108 0 7 5515850
4 2.40849078 19682 0 36 5503150
4 2.409694691 20227 0 5 5538968
4 2.410904674 19656 0 28 5529060
4 2.412043844 19094 0 32 5158588
4 2.413247828 20278 0 13 5490298
4 2.41444601 20226 0 8 5513974
4 2.41566712 20126 0 50 5573534
4 2.416877922 20151 0 13 5569428
4 2.418089001 20417 0 6 5567987
4 2.419288934 20352 0 11 5517114
4 2.420489149 20282 0 54 5498660
4 2.421691434 20322 0 48 5524827
4 2.422894404 20351 0 32 5530023
4 2.424033638 18585 0 30 5191226
4 2.425234689 20280 0 50 5526186
4 2.426442307 20369 0 11 5557703
4 2.427672734 20255 0 61 5628015
4 2.4288728 20176 0 28 5501393
4 2.430071226 20237 0 29 5511879
4 2.431274028 20335 0 10 5527556
4 2.432473246 19676 0 39 5500477
4 2.433679841 20264 0 7 5542752
4 2.434878017 20193 0 25 5517246
4 2.436018662 18599 0 73 5192813
4 2.437221602 20333 0 29 5529689
4 2.438423071 20332 0 29 5520116
4 2.439620315 19636 0 28 5487887
4 2.440816654 20073 0 35 5468280
4 2.442010099 20144 0 30 5490471
4 2.44320464 20162 0 12 5498054
4 2.444399955 19549 0 19 5468063
4 2.44559238 20321 0 6 5491702
4 2.446799845 20456 0 6 5554605
4 2.447906113 18109 0 15 5039305
4 2.449101475 20200 0 29 5499066
4 2.450300916 20132 0 26 5513454
4 2.451491268 20140 0 7 5478766
4 2.452701518 19768 0 19 5545011
4 2.453901854 20278 0 6 5520044
4 2.455104863 20267 0 28 5532307
4 2.456307325 19611 0 11 5498750
4 2.457506275 20131 0 49 5512305
4 2.458705223 20256 0 11 5511384
4 2.459807555 18060 0 30 5017857
4 2.461000962 20256 0 6 5489055
4 2.462203716 20329 0 10 5521520
4 2.463413092 20506 0 8 5566322
4 2.464607093 19509 0 28 5473712
4 2.465807221 20345 0 28 5517780
4 2.46701331 20332 0 4 5550653
4 2.468219893 19840 0 56 5489741
4 2.46942679 20409 0 8 5558730
4 2.470626421 20254 0 5 5512821
4 2.471728732 18071 0 36 5026249
4 2.472927158 20139 0 32 5507452
4 2.474121186 20185 0 27 5487747
4 2.475319284 20231 0 50 5515358
4 2.47652003 20157 0 51 5496502
4 2.477723921 20343 0 27 5538628
4 2.478931675 20417 0 10 5554532
4 2.480074966 18609 0 29 5206576
4 2.481272157 20170 0 20 5506697
4 2.482469194 20208 0 9 5506421
4 2.483649869 19783 0 75 5394899
4 2.484864274 20528 0 31 5583408
4 2.486069604 20329 0 31 5542661
4 2.487265555 20181 0 11 5504302
4 2.488467535 19098 0 27 5524639
4 2.489664965 20160 0 7 5501744
4 2.490871282 20351 0 26 5551917
4 2.492010364 19103 0 34 5182692
4 2.493208642 20253 0 12 5520697
4 2.494408973 20291 0 30 5529267
4 2.495611689 19809 0 7 5501967
4 2.496820556 20290 0 28 5535567
4 2.498027469 20353 0 30 5549782
4 2.499228659 20289 0 10 5520830
4 2.500418443 19946 0 38 5453434
4 2.501618445 20255 0 29 5522878
4 2.502817264 20344 0 27 5518338
4 2.503919992 17926 0 55 5018851
4 2.505136274 20619 0 10 5602544
4 2.506340334 20374 0 25 5535852
4 2.507552243 20437 0 54 5563063
4 2.508749511 20207 0 9 5478742
4 2.509949283 20293 0 26 5525108
4 2.511151859 20338 0 8 5527467
4 2.512353699 19658 0 42 5455284
4 2.513556318 20281 0 9 5497810
4 2.514757992 20289 0 6 5527227
4 2.515860576 18511 0 79 5029543
4 2.517063061 20206 0 9 5529633
4 2.518260145 20283 0 10 5500462
4 2.519453834 20193 0 7 5499574
4 2.520650443 19603 0 32 5482744
4 2.521854318 20400 0 25 5538463
4 2.523049513 20271 0 5 5494267
4 2.524247589 20109 0 32 5460323
4 2.525451007 20320 0 53 5534425
4 2.52665355 20286 0 29 5527785
4 2.527758124 18028 0 15 5032167
4 2.528961238 20288 0 10 5531593
4 2.530161804 20405 0 29 5516960
4 2.531362049 20373 0 51 5524965
4 2.532557067 20176 0 33 5475694
4 2.533757513 20161 0 31 5525681
4 2.534954119 20231 0 30 5502906
4 2.536092363 18534 0 8 5189257
4 2.537284753 20202 0 53 5479278
4 2.538481439 20230 0 14 5513894
4 2.539647262 19610 0 11 5325922
4 2.54085164 20280 0 48 5527710
4 2.542060291 20409 0 5 5563624
4 2.54325833 20316 0 6 5507736
4 2.544460212 19614 0 32 5502719
4 2.545664938 20374 0 6 5542426
4 2.546870624 20357 0 49 5541648
4 2.548008469 19093 0 34 5187436
4 2.549211452 20378 0 15 5543350
4 2.550408307 20072 0 47 5502322
4 2.55161451 19852 0 23 5535914
4 2.552823763 20334 0 26 5525126
4 2.554020721 20232 0 19 5501050
4 2.555215505 20132 0 6 5494272
4 2.55641443 20100 0 15 5513469
4 2.557620185 20408 0 28 5538108
4 2.558822318 20322 0 9 5532274
4 2.55992561 17938 0 31 5023393
4 2.561158416 20829 0 6 5669717
4 2.562350606 20164 0 54 5487774
4 2.563565955 20470 0 32 5580585
4 2.564771679 20396 0 5 5507851
4 2.56596762 20158 0 5 5510609
4 2.567172792 20249 0 25 5536205
4 2.568375342 19634 0 42 5506202
4 2.569572238 20186 0 26 5497417
4 2.570774301 20281 0 27 5537552
4 2.571878596 18469 0 11 5032701
4 2.573082314 20339 0 30 5533898
4 2.574281622 20308 0 70 5520556
4 2.575489024 20453 0 4 5550186
4 2.57669563 19666 0 31 5528844
4 2.577917869 20640 0 7 5594503
4 2.579120045 19786 0 32 5540649
4 2.580323334 20249 0 50 5498586
4 2.581515238 20158 0 33 5478605
4 2.582722215 20415 0 30 5543626
4 2.583823604 17840 0 34 5021544
4 2.585026884 20326 0 32 5533528
4 2.586232176 20383 0 4 5541659
4 2.58743475 20276 0 45 5527974
4 2.588647476 19962 0 17 5569670
4 2.589851592 20148 0 11 5537865
4 2.591050529 20256 0 28 5501837
4 2.592242369 19457 0 51 5433959
4 2.593436712 20152 0 6 5489366
4 2.594630734 20242 0 6 5497363
4 2.595733252 18598 0 33 5029505
4 2.596947146 20532 0 28 5588537
4 2.598142913 20173 0 4 5499000
4 2.599349283 20372 0 26 5543153
4 2.600544003 19476 0 16 5492272
4 2.601745566 20278 0 10 5529116
4 2.602952155 20374 0 8 5552338
4 2.604091685 19168 0 14 5195728
4 2.60530029 20456 0 29 5564991
4 2.606507062 20372 0 27 5542350
4 2.6076631 19142 0 28 5293763
4 2.608869502 20207 0 25 5532344
4 2.610074164 20236 0 6 5540622
4 2.611269108 20115 0 43 5499011
4 2.612469835 20130 0 28 5461499
4 2.613670134 20175 0 34 5479702
4 2.614873687 20338 0 28 5535114
4 2.616010964 18538 0 10 5179841
4 2.617213673 20284 0 30 5531253
4 2.618413374 20223 0 30 5523562
4 2.61962498 20402 0 29 5543941
4 2.620836315 20389 0 7 5549233
4 2.622036651 20279 0 10 5522903
4 2.623237016 20291 0 8 5517526
4 2.624433667 19630 0 33 5482815
4 2.625625234 20145 0 29 5478376
4 2.626827377 20248 0 31 5531458
4 2.627931837 18536 0 11 5038594
4 2.629158003 20804 0 31 5643313
4 2.630358332 20206 0 9 5525660
4 2.631561446 20167 0 71 5526204
4 2.632773978 19942 0 14 5550267
4 2.633974799 20168 0 27 5529652
4 2.635176241 20359 0 26 5519585
4 2.636380422 20286 0 31 5510354
4 2.637585011 20460 0 35 5540701
4 2.638792233 20412 0 66 5548442
4 2.639894401 17988 0 9 5024559
4 2.641101047 20356 0 27 5542399
4 2.642301179 20291 0 8 5529999
4 2.643496197 20257 0 11 5491990
4 2.644707714 20445 0 14 5550783
4 2.6459109 20366 0 25 5534738
4 2.647113665 20408 0 5 5534004
4 2.648307941 19552 0 14 5464368
4 2.649509614 20260 0 11 5523234
4 2.650712216 20198 0 10 5537024
4 2.651814368 18534 0 52 5027224
4 2.653018813 20313 0 8 5534718
4 2.654222031 20405 0 10 5542936
4 2.655421664 20304 0 13 5513377
4 2.656620898 19621 0 58 5516842
4 2.657823513 20233 0 10 5523345
4 2.659024962 20270 0 5 5528796
4 2.66022836 20227 0 35 5488005
4 2.661432419 20394 0 10 5547278
4 2.662626742 20137 0 6 5486145
4 2.663729462 17998 0 10 5027765
4 2.664939841 20307 0 8 5563409
4 2.666138891 20145 0 7 5516294
4 2.667336266 20089 0 7 5504956
4 2.668536534 20128 0 6 5502845
4 2.669740182 20373 0 29 5532934
4 2.670947653 20323 0 30 5552856
4 2.67208572 18566 0 32 5185342
4 2.673281066 20170 0 68 5488060
4 2.674482052 20334 0 33 5531738
4 2.675654772 19760 0 49 5357605
4 2.676863099 20407 0 7 5549618
4 2.678061141 20213 0 11 5514210
4 2.679257808 20250 0 11 5512825
4 2.680460637 19635 0 8 5507571
4 2.68166501 20418 0 6 5533584
4 2.682872263 20412 0 8 5549114
4 2.684010217 19062 0 13 5193519
4 2.685208512 20288 0 25 5512182
4 2.686406602 20242 0 5 5508493
4 2.687609009 19807 0 9 5518573
4 2.688813948 20177 0 34 5509969
4 2.690021567 19778 0 7 5552960
4 2.691226856 20325 0 4 5542864
4 2.692436001 20260 0 29 5527071
4 2.693640049 20304 0 50 5529794
4 2.694848341 20371 0 7 5557816
4 2.695951284 17850 0 14 5076876
4 2.697180032 20724 0 11 5586306
4 2.698381089 20266 0 49 5521550
4 2.699591545 20429 0 37 5546550
4 2.700794261 20198 0 47 5505821
4 2.702007191 20442 0 6 5583692
4 2.703202745 20159 0 28 5500860
4 2.704403139 19530 0 31 5495184
4 2.705602145 20288 0 10 5510659
4 2.706808466 20380 0 13 5554117
4 2.70791202 18516 0 7 5026979
4 2.709134625 20652 0 49 5621847
4 2.710336537 20216 0 9 5529819
4 2.711540623 20331 0 13 5534650
4 2.712749679 19809 0 12 5483294
4 2.713958379 20282 0 31 5517041
4 2.715162047 20371 0 7 5536138
4 2.716362977 20219 0 31 5500664
4 2.717562248 20074 0 31 5513684
4 2.718765144 20401 0 33 5527828
4 2.719867875 17948 0 33 5029237
4 2.721074106 20398 0 31 5542646
4 2.722274847 20329 0 5 5521092
4 2.723482348 20384 0 29 5559253
4 2.724685695 19548 0 75 5471986
4 2.725891334 20336 0 25 5547889
4 2.727096066 20336 0 6 5546737
4 2.72830693 19792 0 28 5530388
4 2.729504159 20289 0 7 5507957
4 2.730707731 20420 0 6 5542945
4 2.731811616 18557 0 15 5030822
4 2.733011404 20261 0 10 5523834
4 2.734220185 20322 0 33 5550571
4 2.73542247 20263 0 7 5531725
4 2.736622386 19658 0 18 5497229
4 2.737827754 20395 0 7 5544430
4 2.739027237 20333 0 29 5511824
4 2.740228271 20221 0 76 5482275
4 2.741435045 20426 0 32 5550874
4 2.742635365 20308 0 31 5518966
4 2.743738294 17993 0 11 5033071
4 2.744951473 20491 0 13 5574793
4 2.746160879 20438 0 8 5558210
4 2.747366244 20343 0 24 5540722
4 2.748571211 20344 0 38 5518004
4 2.749775555 20430 0 32 5544544
4 2.750973369 20164 0 10 5505985
4 2.75217794 19759 0 34 5496515
4 2.753378828 20289 0 4 5523217
4 2.754576515 20215 0 32 5505705
4 2.755682012 18440 0 35 5039462
4 2.756889614 20428 0 25 5557759
4 2.758095927 20389 0 30 5548051
4 2.759295428 20132 0 46 5494442
4 2.760502234 19081 0 56 5398609
4 2.76170834 20029 0 7 5494664
4 2.762918189 20162 0 8 5508270
4 2.764058256 18899 0 30 5063461
4 2.765260318 19969 0 59 5473103
4 2.766466965 19991 0 14 5496056
4 2.767662687 18988 0 35 5439174
4 2.768879173 20272 0 19 5539112
4 2.77008039 20037 0 26 5468995
4 2.771289393 20237 0 31 5513141
4 2.772496229 19900 0 58 5405107
4 2.773695877 19940 0 31 5492907
4 2.774898377 20393 0 53 5535172
4 2.776037793 18557 0 11 5197945
4 2.777238595 20250 0 63 5513188
4 2.778441187 20334 0 10 5536308
4 2.779653454 20321 0 11 5534145
4 2.780856938 20201 0 8 5509448
4 2.782063143 20386 0 28 5552726
4 2.783262166 20276 0 8 5512678
4 2.78446468 19546 0 29 5482381
4 2.785670429 20486 0 52 5550996
4 2.786879751 20463 0 29 5561334
4 2.788019396 19066 0 7 5185807
4 2.789252222 20221 0 53 5677396
4 2.790462232 20355 0 29 5566139
4 2.791663392 19720 0 31 5492669
4 2.792876629 20399 0 6 5561355
4 2.79407858 20260 0 66 5523845
4 2.795277461 20325 0 29 5516288
4 2.796472354 20058 0 13 5474966
4 2.79768638 20536 0 7 5577679
4 2.798888692 20270 0 6 5530648
4 2.800026906 18513 0 13 5182042
4 2.801227019 20243 0 14 5527106
4 2.80243391 20341 0 5 5551988
4 2.803648371 20425 0 83 5552796
4 2.80485677 20375 0 8 5554912
4 2.806066663 20474 0 33 5571474
4 2.807259843 20189 0 30 5484105
4 2.808464814 19761 0 35 5521909
4 2.809666646 20276 0 67 5524722
4 2.810870573 20349 0 9 5537429
4 2.81201107 19135 0 63 5159945
4 2.813216803 20336 0 31 5515931
4 2.814413967 20238 0 30 5507718
4 2.815625458 20040 0 38 5556853
4 2.816835502 19312 0 7 5534309
4 2.818034619 20261 0 5 5513324
4 2.819240211 19826 0 6 5544788
4 2.820438469 19430 0 39 5430868
4 2.821644357 20293 0 51 5551785
4 2.822853354 20484 0 13 5560383
4 2.82395526 18162 0 72 5138218
4 2.825183662 20510 0 24 5519644
4 2.826385053 20328 0 7 5519142
4 2.827606889 20165 0 29 5603791
4 2.828814509 20247 0 29 5518055
4 2.830025794 20476 0 13 5573647
4 2.831224675 20202 0 31 5515885
4 2.832425748 19696 0 15 5515916
4 2.833629567 20205 0 32 5537653
4 2.834835899 20406 0 29 5544964
4 2.835938526 17890 0 49 5025047
4 2.837160017 20724 0 30 5621561
4 2.838360196 20223 0 29 5518739
4 2.83956363 20382 0 37 5527677
4 2.840776254 19910 0 12 5559501
4 2.841981348 20320 0 31 5543950
4 2.843174516 20233 0 29 5483796
4 2.84437958 20324 0 33 5511185
4 2.845585142 20455 0 8 5546562
4 2.846794126 20438 0 53 5556573
4 2.847896584 18001 0 19 5021288
4 2.84909482 20175 0 31 5503148
4 2.850295337 20188 0 28 5528916
4 2.851500258 20305 0 9 5545402
4 2.85271522 19741 0 9 5524651
4 2.853926797 20453 0 33 5579983
4 2.855132921 20353 0 16 5546686
4 2.85633208 19588 0 18 5468870
4 2.857535349 20268 0 4 5533817
4 2.858743728 20406 0 26 5551594
4 2.859846716 18482 0 31 5021876
4 2.861047376 20383 0 32 5531060
4 2.862253189 20368 0 6 5539213
4 2.863453522 20318 0 47 5516519
4 2.864651946 19591 0 9 5515695
4 2.865860696 20471 0 7 5558638
4 2.867054969 20094 0 10 5493121
4 2.868253364 20216 0 8 5471657
4 2.869445763 20229 0 7 5479071
4 2.870646791 20325 0 9 5520761
4 2.871748872 17963 0 38 5029736
4 2.872964955 20492 0 8 5594797
4 2.874169418 20260 0 30 5526812
4 2.875362606 20221 0 8 5488613
4 2.876555125 20072 0 14 5469127
4 2.877762512 20481 0 32 5549237
4 2.878962611 20248 0 30 5524629
4 2.880167134 19635 0 13 5490560
4 2.88136907 20286 0 30 5530161
4 2.882567922 20246 0 32 5508935
4 2.883677079 18072 0 15 5070793
4 2.884891294 20449 0 13 5571272
4 2.886090891 20308 0 27 5506483
4 2.887289606 20271 0 27 5519792
4 2.888489132 19558 0 51 5510940
4 2.889707247 19925 0 8 5608796
4 2.890908807 20247 0 34 5530772
4 2.892047929 19158 0 45 5192085
4 2.893253357 20343 0 5 5544524
4 2.894453381 20366 0 55 5514575
4 2.895659099 19892 0 23 5515079
4 2.896865736 20239 0 11 5536818
4 2.898066814 20240 0 27 5522300
4 2.899265277 20339 0 7 5512358
4 2.900466793 20067 0 36 5506151
4 2.901673364 20412 0 10 5546429
4 2.902882165 20430 0 6 5563894
4 2.904025076 18693 0 11 5209537
4 2.905220672 20201 0 27 5496511
4 2.906422702 20438 0 50 5524443
4 2.907623597 20153 0 35 5496302
4 2.90883376 20399 0 29 5545935
4 2.910034234 20306 0 6 5519431
4 2.911234181 20292 0 7 5520554
4 2.912433104 19529 0 11 5451715
4 2.913629792 20145 0 6 5465254
4 2.914838509 20544 0 10 5560449
4 2.915940862 18522 0 22 5080871
4 2.917167511 20604 0 25 5579620
4 2.918363092 20074 0 4 5503468
4 2.919571957 20198 0 30 5602582
4 2.920791834 20177 0 7 5518431
4 2.9219934 20335 0 14 5532975
4 2.923196003 20301 0 10 5525897
4 2.924394441 20148 0 11 5481898
4 2.925601956 20409 0 11 5564587
4 2.926807272 20415 0 8 5549335
4 2.927911416 17936 0 7 5019433
4 2.929108666 20278 0 5 5508847
4 2.930308465 20329 0 6 5517036
4 2.931509522 20254 0 8 5521314
4 2.932727244 20485 0 9 5574159
4 2.933931599 20207 0 8 5542728
4 2.935136527 20328 0 13 5532526
4 2.936341267 19722 0 18 5514310
4 2.937546475 20357 0 10 5538604
4 2.938753596 20385 0 10 5559040
4 2.939856109 18499 0 5 5033250
4 2.941058355 20358 0 8 5524915
4 2.9422608 20309 0 8 5528562
4 2.943462874 20314 0 11 5527203
4 2.944668792 19827 0 10 5528848
4 2.945874492 20406 0 13 5546007
4 2.947081691 20362 0 8 5557315
4 2.948281103 20183 0 9 5467143
4 2.949485567 20382 0 6 5546949
4 2.950688006 20200 0 5 5530583
4 2.951791018 17911 0 11 5020532
4 2.95299441 20322 0 6 5530715
4 2.954198384 20340 0 5 5537103
4 2.955401835 20318 0 6 5536458
4 2.956600076 20160 0 37 5491024
4 2.957802305 20392 0 9 5527021
4 2.959001982 20218 0 10 5520748
4 2.960203 19672 0 8 5469880
4 2.961406678 20322 0 4 5536027
4 2.962611533 20441 0 8 5537332
4 2.963713906 18350 0 12 5025122
4 2.964913942 20070 0 6 5492274
4 2.966114901 20322 0 8 5524941
4 2.967315124 20125 0 10 5517266
4 2.968516598 19587 0 15 5482896
4 2.969726874 20395 0 6 5570241
4 2.970829381 18146 0 8 4952459
4 2.971932636 18387 0 13 4998018
4 2.973136087 20216 0 14 5520169
4 2.974336974 20244 0 11 5525937
4 2.975543119 20183 0 11 5543799
4 2.976740264 20202 0 8 5482885
4 2.977944739 20361 0 4 5533194
4 2.979143329 20240 0 9 5507254
4 2.980343383 20163 0 15 5475918
4 2.981542484 20288 0 6 5513647
4 2.982744864 20293 0 10 5515046
4 2.983874096 18620 0 11 5153368
4 2.985086812 20359 0 10 5534105
4 2.986279944 19945 0 6 5483799
4 2.987479833 20164 0 9 5519442
4 2.988680038 20177 0 27 5478487
4 2.989889638 19719 0 31 5566680
4 2.991084571 20061 0 11 5491527
4 2.992284287 20109 0 9 5485819
4 2.993476802 20192 0 32 5492566
4 2.994674273 20202 0 29 5506834
4 2.995776941 18482 0 6 5017958
4 2.996979293 20329 0 10 5541041
4 2.998176973 20257 0 8 5509185
4 2.999386375 20421 0 29 5555178
4 3.000586815 19730 0 31 5480551
4 3.00179944 20498 0 29 5576031
4 3.002996555 20109 0 29 5500484
4 3.004200741 20180 0 17 5496431
4 3.005398656 20176 0 31 5513248
4 3.006600972 20154 0 6 5533847
4 3.007703818 18363 0 56 5026202
4 3.008909553 20304 0 6 5549701
4 3.010109472 20188 0 5 5514401
4 3.011308673 20187 0 33 5517486
4 3.012517773 20110 0 16 5442830
4 3.013728342 20452 0 7 5545442
4 3.014924439 20295 0 51 5506441
4 3.01606397 19050 1 30 5186254
4 3.017264793 20232 0 28 5522446
4 3.018462305 20324 0 44 5505885
4 3.019650575 20022 0 62 5436789
4 3.020862807 20414 0 48 5565384
4 3.022064698 20266 0 48 5530654
4 3.023257791 20132 0 5 5490668
4 3.02446453 20322 0 17 5503479
4 3.025665181 20367 0 48 5515237
4 3.026871006 20374 0 8 5554792
4 3.028010868 19250 0 9 5231382
4 3.029214663 20184 0 26 5502806
4 3.030419736 20346 0 11 5544559
4 3.031620727 20296 0 100 5498016
4 3.032823903 20344 0 26 5510139
4 3.034030943 20318 0 24 5554460
4 3.035233969 20337 0 7 5526857
4 3.036433725 20232 0 41 5497941
4 3.037629134 20191 0 7 5496527
4 3.038835445 20444 0 29 5552886
4 3.039973762 19166 0 30 5189570
4 3.041175246 20250 0 9 5530408
4 3.042370235 20195 0 6 5496231
4 3.043588991 20556 0 56 5582234
4 3.044794098 20325 0 46 5522024
4 3.045986154 19593 0 15 5484023
4 3.047185022 20302 0 9 5520787
4 3.048384962 20143 0 18 5477744
4 3.049588755 20292 0 27 5537567
4 3.050796449 20215 0 26 5556186
4 3.051900088 18555 0 60 5032865
4 3.053101434 20230 0 10 5523733
4 3.054302019 20266 0 12 5517847
4 3.055504841 20354 0 11 5533295
4 3.05671082 20308 0 14 5501787
4 3.057908506 20227 0 47 5511219
4 3.059113248 20363 0 50 5544830
4 3.060317086 20144 0 15 5505972
4 3.061516904 20333 0 5 5520843
4 3.062715685 20231 0 48 5503958
4 3.063821819 18562 0 10 5039534
4 3.065027304 20366 0 47 5549065
4 3.066227798 20189 0 5 5522336
4 3.067424818 20157 0 28 5500367
4 3.068625466 20155 0 30 5505962
4 3.069827454 20321 0 26 5528355
4 3.071030521 20284 0 27 5532298
4 3.072238129 20286 0 10 5507879
4 3.073447422 20503 0 50 5559977
4 3.074656335 20438 0 7 5562378
4 3.075759576 18529 0 32 5027754
4 3.076971259 20401 0 23 5567019
4 3.078169717 20329 0 25 5516351
4 3.07936884 20286 0 26 5514504
4 3.080568205 20188 0 33 5472422
4 3.081768437 20361 0 5 5519555
4 3.08297655 20422 0 6 5560645
4 3.084194562 20314 0 33 5559093
4 3.085395493 20286 0 9 5517669
4 3.0865929 20232 0 16 5513080
4 3.087696839 18534 0 80 5031106
4 3.088900334 20367 0 9 5527480
4 3.090118735 19987 0 26 5608688
4 3.091319023 20333 0 6 5523172
4 3.092521207 20340 0 55 5507828
4 3.093725702 20321 0 26 5541297
4 3.094933643 20336 0 31 5548516
4 3.096072215 19083 0 12 5193790
4 3.097270752 20236 0 50 5515380
4 3.098473481 20291 0 7 5533477
4 3.099653213 19860 0 55 5386889
4 3.10086042 20284 0 8 5546665
4 3.102072814 20437 0 7 5583754
4 3.103274129 20283 0 51 5525534
4 3.104473225 20152 0 57 5475762
4 3.105686443 20462 0 25 5573008
4 3.106888423 20347 0 9 5528645
4 3.108027048 19281 0 14 5219003
4 3.109229908 20233 0 30 5500894
4 3.110429687 20178 0 47 5519346
4 3.111630244 20182 0 57 5500456
4 3.11284695 20503 0 29 5524700
4 3.114041563 20166 0 8 5480642
4 3.11523858 20222 0 6 5510409
4 3.116438908 20146 0 31 5503650
4 3.117640421 20160 0 6 5517485
4 3.118848261 20443 0 8 5561914
4 3.119986317 19130 0 29 5183348
4 3.121186246 20301 0 27 5518153
4 3.122385125 20177 0 29 5506956
4 3.123592893 20420 0 38 5544925
4 3.124793701 20342 0 42 5493364
4 3.125996659 20389 0 7 5532214
4 3.127201242 20324 0 26 5536368
4 3.128403281 20240 0 31 5484049
4 3.12960336 20292 0 29 5523376
4 3.130801862 20227 0 49 5507904
4 3.131903949 18551 0 31 5027523
4 3.133128151 20748 0 31 5624299
4 3.134321592 20058 0 26 5489966
4 3.135526599 20352 0 37 5545200
4 3.136737632 20410 0 9 5531240
4 3.13794062 20387 0 7 5527544
4 3.139140662 20245 0 6 5519420
4 3.14033795 19544 0 11 5447928
4 3.141538947 20283 0 48 5521213
4 3.142741046 20317 0 8 5530342
4 3.143843932 18560 0 51 5021829
4 3.145041663 20302 0 31 5510733
4 3.146241363 20284 0 26 5520258
4 3.147442875 20295 0 33 5525594
4 3.148651592 20304 0 12 5541477
4 3.149855302 20326 0 7 5530624
4 3.151061155 20309 0 10 5546865
4 3.152265361 20296 0 35 5489083
4 3.15346513 20252 0 9 5524324
4 3.154667192 20270 0 29 5525888
4 3.155770147 18586 0 31 5033825
4 3.15697559 20342 0 26 5545426
4 3.158175529 20249 0 29 5518109
4 3.159371112 20205 0 34 5498367
4 3.160570254 20084 0 29 5471377
4 3.161778666 20453 0 52 5553861
4 3.1629737 20240 0 9 5500717
4 3.164182967 20408 0 52 5512711
4 3.165380032 20245 0 26 5509379
4 3.166577895 20192 0 27 5506422
4 3.167681034 18606 0 32 5026760
4 3.168893074 20489 0 44 5570428
4 3.170094718 20321 0 45 5522887
4 3.171297717 20334 0 47 5529810
4 3.172495958 20178 0 33 5493873
4 3.17369739 20274 0 8 5527273
4 3.174899442 20273 0 7 5532302
4 3.176038555 19133 0 70 5197127
4 3.177241973 19669 0 27 5525545
4 3.17844736 20304 0 33 5546746
4 3.179653649 20269 0 27 5512969
4 3.180860071 20380 0 32 5541584
4 3.182067758 20422 0 27 5556570
4 3.183267079 20116 0 10 5507816
4 3.184465181 20128 0 12 5471720
4 3.185667075 20407 0 5 5526673
4 3.186869703 20237 0 5 5536491
4 3.18800848 19131 0 32 5188143
4 3.189206959 20234 0 5 5511813
4 3.190408973 19724 0 10 5535194
4 3.19161137 20363 0 35 5501108
4 3.192817081 20367 0 42 5520781
4 3.194017752 20268 0 8 5525618
4 3.195215437 20242 0 7 5514156
4 3.196414243 20223 0 33 5497183
4 3.197618477 20296 0 8 5530484
4 3.198825407 20406 0 8 5552218
4 3.199928333 18399 0 14 5076305
4 3.201153349 20634 0 7 5564770
4 3.202345426 20148 0 8 5476009
4 3.203546994 20264 0 11 5530166
4 3.204749165 20317 0 9 5502174
4 3.205953302 20394 0 29 5538309
4 3.207150716 20225 0 6 5507924
4 3.208353628 20245 0 82 5487394
4 3.209558051 20265 0 29 5537667
4 3.210763944 20385 0 66 5543671
4 3.211869767 18600 0 32 5044563
4 3.213074302 19791 0 6 5476942
4 3.214280014 20241 0 32 5504240
4 3.215480666 20344 0 10 5488064
4 3.216688096 20195 0 16 5511051
4 3.217890929 20298 0 67 5530235
4 3.219088259 20246 0 7 5512444
4 3.220294849 20266 0 35 5518357
4 3.221506419 20456 0 12 5575717
4 3.222712085 20405 0 29 5541568
4 3.223814638 18566 0 36 5023558
4 3.225014128 20256 0 47 5512824
4 3.226212035 20283 0 28 5503831
4 3.227419016 20399 0 7 5561543
4 3.228621094 20180 0 11 5508967
4 3.229829877 20429 0 48 5554602
4 3.231032534 20375 0 34 5531744
4 3.232228955 20180 0 34 5469027
4 3.233432739 20274 0 29 5531638
4 3.234636612 20358 0 8 5538736
4 3.235739505 18540 0 32 5027005
4 3.236950141 20483 0 28 5573178
4 3.238150339 20256 0 29 5518230
4 3.239352198 20380 0 32 5529251
4 3.240553573 20235 0 32 5478929
4 3.241761254 20413 0 29 5554686
4 3.242961133 20332 0 25 5518068
4 3.244157498 20117 0 32 5458256
4 3.245358253 20298 0 28 5523829
4 3.24656603 20351 0 27 5561745
4 3.247669581 18482 0 9 5037102
4 3.248880124 20368 0 27 5553587
4 3.250081013 20257 0 51 5519716
4 3.251277878 20208 0 9 5510994
4 3.252479563 20150 0 11 5508757
4 3.253687742 20345 0 6 5546888
4 3.254893325 20480 0 27 5547484
4 3.256032458 19151 0 74 5198310
4 3.25723435 20268 0 26 5515209
4 3.258429453 20135 0 68 5499765
4 3.259634365 20286 0 29 5517540
4 3.260840331 20322 0 28 5528503
4 3.262042456 20267 0 6 5526562
4 3.263247726 20414 0 5 5543127
4 3.264449468 20265 0 9 5481204
4 3.265647327 20289 0 15 5507673
4 3.266851083 20286 0 29 5545316
4 3.267990849 19239 0 32 5205176
4 3.26918502 20241 0 25 5485299
4 3.270386686 20356 0 11 5532497
4 3.271589149 20266 0 30 5515855
4 3.272792777 20214 0 5 5500789
4 3.273991193 20240 0 15 5513651
4 3.275193479 20364 0 28 5532897
4 3.27639468 20189 0 29 5498885
4 3.277595568 20261 0 11 5517586
4 3.278799917 20272 0 29 5534541
4 3.27990221 18532 0 53 5021880
4 3.281105227 20317 0 51 5536724
4 3.282305089 20239 0 34 5514987
4 3.283507717 20185 0 45 5532177
4 3.284728461 20510 0 49 5584846
4 3.285938678 20517 0 8 5570065
4 3.287143076 20325 0 14 5534983
4 3.288350162 20339 0 62 5507091
4 3.28955773 20423 0 9 5559277
4 3.290760699 19722 0 10 5533655
4 3.291863296 18540 0 34 5031571
4 3.293075788 20464 0 9 5571445
4 3.294278169 20349 0 10 5531779
4 3.295481922 20338 0 30 5533118
4 3.296692135 20389 0 54 5533778
4 3.297894889 20305 0 5 5528577
4 3.299096612 20297 0 9 5530061
4 3.300295373 20106 0 50 5480926
4 3.301494769 20301 0 24 5520687
4 3.302695263 20237 0 47 5521424
4 3.303798934 18499 0 49 5020421
4 3.305006453 20417 0 8 5556462
4 3.306205896 20220 0 11 5517281
4 3.30740725 20188 0 25 5527318
4 3.308608288 20154 0 52 5504810
4 3.309815186 20392 0 27 5551290
4 3.311026268 20428 0 29 5563845
4 3.312226518 20200 0 12 5473070
4 3.313447941 20631 0 7 5583283
4 3.314655199 20291 0 34 5529308
4 3.315758163 18512 0 25 5024736
4 3.316966468 20314 0 9 5566538
4 3.318180398 20527 0 28 5583270
4 3.319374939 20155 0 11 5497656
4 3.320574896 20091 0 32 5470296
4 3.321782987 20376 0 47 5556981
4 3.322986158 20318 0 7 5529939
4 3.324181405 20114 0 36 5458700
4 3.325380497 20137 0 28 5513969
4 3.326576558 20261 0 53 5506007
4 3.327679949 18587 0 50 5027806
4 3.32889335 20451 0 48 5570331
4 3.330093449 20222 0 10 5524485
4 3.331295698 20317 0 9 5531611
4 3.332493781 20126 0 29 5464354
4 3.333700075 20180 0 10 5549087
4 3.334914109 20562 0 10 5578475
4 3.336050592 19185 0 22 5176790
4 3.337241555 20176 0 31 5476613
4 3.338441382 20223 0 5 5524987
4 3.339653087 20383 0 8 5537762
4 3.340854863 20357 0 5 5514013
4 3.342053493 20253 0 7 5512269
4 3.343254663 20308 0 8 5529483
4 3.344456065 20110 0 36 5477830
4 3.345656021 20254 0 7 5524177
4 3.346860233 20298 0 45 5537616
4 3.34799873 19161 0 16 5165562
4 3.34920757 20450 0 37 5550454
4 3.350409001 20251 0 9 5536865
4 3.35161783 20460 0 57 5534941
4 3.352827035 20452 0 11 5544211
4 3.354038003 20466 0 27 5567615
4 3.355238362 20176 0 11 5520251
4 3.356436746 20182 0 48 5467037
4 3.357635563 20280 0 29 5513228
4 3.358840226 20314 0 27 5536335
4 3.359981607 19226 0 30 5211617
4 3.361184959 20318 0 28 5529157
4 3.362385255 20297 0 29 5522098
4 3.363588097 20269 0 40 5519513
4 3.364798375 20433 0 9 5535639
4 3.36601107 20462 0 50 5579195
4 3.36720997 20177 0 30 5514171
4 3.368407285 20125 0 11 5495951
4 3.369605615 20262 0 9 5515484
4 3.370807479 20246 0 5 5526170
4 3.371909568 18574 0 7 5016437
4 3.373109126 20230 0 13 5522327
4 3.374310119 20296 0 8 5521802
4 3.375514264 20355 0 27 5532357
4 3.376728738 20444 0 36 5568939
4 3.377932511 20387 0 27 5524852
4 3.379133611 20352 0 7 5531550
4 3.38033627 20217 0 13 5479402
4 3.381542483 20440 0 29 5553452
4 3.382744751 20373 0 28 5524000
4 3.383847028 18415 0 33 5026865
4 3.385057488 20559 0 4 5568710
4 3.386260715 20370 0 30 5534505
4 3.387458934 20330 0 25 5515218
4 3.388663588 20227 0 35 5487410
4 3.389871623 20472 0 8 5555891
4 3.391067064 19562 0 6 5505884
4 3.392273335 20278 0 32 5502928
4 3.39347337 20326 0 8 5519836
4 3.394680744 20346 0 7 5547833
4 3.395783134 18500 0 15 5021854
4 3.396983031 20244 0 32 5521140
4 3.398183241 20198 0 49 5515347
4 3.399383003 20197 0 6 5515860
4 3.400587807 20196 0 27 5514549
4 3.401794951 20408 0 5 5558600
4 3.403012161 20530 0 43 5595175
4 3.404214919 20151 0 31 5485100
4 3.405408316 20164 0 7 5498031
4 3.406601732 20146 0 10 5490423
4 3.407704942 18526 0 38 5032846
4 3.408906243 20258 0 31 5526032
4 3.410105127 20288 0 30 5506911
4 3.41130854 20268 0 31 5540786
4 3.41251014 20145 0 16 5486128
4 3.413725344 20591 0 9 5545798
4 3.414933171 20420 0 28 5539565
4 3.416071669 19179 0 76 5194305
4 3.417265114 20058 0 6 5492862
4 3.418465412 20320 0 47 5513207
4 3.419650538 20038 0 9 5423548
4 3.4208603 20454 0 28 5552687
4 3.422073477 20463 0 8 5579666
4 3.423273815 20214 0 31 5520358
4 3.424472723 20238 0 14 5496584
4 3.42567651 20257 0 27 5545310
4 3.426888243 20455 0 30 5569069
4 3.428026141 19181 0 30 5195274
4 3.429229764 20284 0 6 5527363
4 3.430429394 20288 0 8 5516378
4 3.431639793 20315 0 11 5537659
4 3.432843973 20367 0 10 5517372
4 3.434051414 20339 0 28 5560683
4 3.435256098 20409 0 28 5530810
4 3.436454011 20188 0 71 5472945
4 3.437660406 20466 0 27 5549567
4 3.438866752 20379 0 8 5549556
4 3.440003358 19172 0 15 5188625
4 3.441198343 20183 0 29 5498292
4 3.442401333 20246 0 26 5534063
4 3.443608107 20362 0 12 5522067
4 3.444820247 20481 0 7 5548315
4 3.44602041 20372 0 42 5528138
4 3.447219728 20237 0 25 5506046
4 3.448417911 20195 0 57 5486136
4 3.449615092 20248 0 4 5510961
4 3.450817047 20238 0 27 5526322
4 3.451920301 18519 0 33 5022774
4 3.453158056 20868 0 5 5687400
4 3.454356953 20313 0 50 5508218
4 3.45556703 20420 0 12 5555837
4 3.45677979 20477 0 29 5555772
4 3.457985109 20354 0 27 5541230
4 3.45918675 20265 0 31 5528898
4 3.460384642 20153 0 13 5460427
4 3.461582501 20279 0 9 5509313
4 3.462788049 20373 0 6 5539604
4 3.463890386 18546 0 16 5028715
4 3.465093419 20213 0 50 5527419
4 3.466294851 20321 0 11 5526861
4 3.467493741 20127 0 50 5512082
4 3.468694996 20186 0 15 5494016
4 3.469901838 20348 0 34 5546883
4 3.471104647 20366 0 31 5531787
4 3.472307805 20234 0 35 5502385
4 3.473507552 20233 0 45 5521144
4 3.474712272 20352 0 27 5544512
4 3.475816142 18562 0 47 5017736
4 3.477026545 20411 0 50 5572420
4 3.47823156 20291 0 5 5536124
4 3.479429521 20253 0 30 5510533
4 3.48063652 20285 0 56 5532775
4 3.481842505 20356 0 49 5550868
4 3.483049976 20392 0 47 5552925
4 3.48424666 20044 0 12 5457576
4 3.485447372 20268 0 68 5518819
4 3.486651375 20383 0 11 5531106
4 3.487756374 18610 0 14 5049611
4 3.488964089 20384 0 52 5557193
4 3.49017096 20352 0 52 5547098
4 3.491371777 19648 0 7 5526715
4 3.49257553 20317 0 71 5491371
4 3.493780643 20331 0 23 5544393
4 3.494986902 20373 0 12 5548002
4 3.496185326 20130 0 11 5471997
4 3.497386671 20290 0 48 5518665
4 3.498589063 20353 0 5 5525828
4 3.499692339 18608 0 60 5024427
4 3.500894618 20225 0 7 5534198
4 3.502096528 20301 0 6 5533118
4 3.503296261 20262 0 29 5523096
4 3.504495421 20144 0 37 5493864
4 3.505696695 20310 0 30 5523897
4 3.506896732 20307 0 31 5520904
4 3.508035198 19123 0 31 5190857
4 3.509237026 20310 0 32 5524692
4 3.510435756 20253 0 9 5514087
4 3.511646971 20373 0 16 5542472
4 3.512858321 20492 0 7 5560648
4 3.514061732 20295 0 7 5501481
4 3.515264728 20279 0 50 5512939
4 3.516466751 20058 0 13 5483466
4 3.517665775 20278 0 4 5520112
4 3.518869172 20341 0 49 5523178
4 3.520010296 19276 0 15 5220808
4 3.521213362 20346 0 27 5522182
4 3.522411859 20166 0 7 5518865
4 3.523610493 20200 0 32 5485560
4 3.524819999 20335 0 32 5540835
4 3.526020821 20315 0 8 5526016
4 3.527220438 20208 0 30 5514497
4 3.528424433 20272 0 35 5518900
4 3.529637586 20496 0 51 5581107
4 3.530844796 20471 0 8 5556161
4 3.531983372 19262 0 23 5196554
4 3.533185099 20160 0 50 5518348
4 3.5343882 20213 0 28 5534077
4 3.535601137 20430 0 12 5556933
4 3.536807467 20330 0 28 5527178
4 3.538011514 20346 0 29 5534859
4 3.539206955 20225 0 7 5499917
4 3.540406656 20182 0 13 5472352
4 3.541614004 20390 0 28 5551099
4 3.542816813 20235 0 54 5538324
4 3.543920621 18527 0 10 5060466
4 3.545143678 20646 0 52 5589001
4 3.546348496 20330 0 26 5541739
4 3.547550679 20212 0 32 5519675
4 3.548756381 20281 0 10 5507076
4 3.549961478 20246 0 46 5537531
4 3.551169679 20409 0 69 5548499
4 3.552366225 20172 0 13 5484373
4 3.553566673 20238 0 28 5519679
4 3.554767086 20277 0 8 5521687
4 3.555869771 18564 0 54 5028027
4 3.557074447 20369 0 30 5538889
4 3.558275872 20263 0 4 5522164
4 3.559473918 20356 0 10 5508019
4 3.560676526 20233 0 55 5513584
4 3.561886859 20360 0 51 5564681
4 3.563088436 20234 0 10 5528798
4 3.564299578 19617 0 13 5479052
4 3.565504752 20300 0 73 5544727
4 3.566712798 20295 0 7 5559307
4 3.567816992 18494 0 32 5035690
4 3.569017065 20263 0 6 5508773
4 3.570121405 18296 0 36 4936296
4 3.571223731 18570 0 27 5030391
4 3.572430432 19712 0 38 5424902
4 3.573637767 20394 0 11 5556358
4 3.574839166 20292 0 24 5522728
4 3.575977219 19109 0 34 5199568
4 3.577179531 20311 0 5 5521312
4 3.578380439 20325 0 8 5523064
4 3.579592543 19808 0 72 5564906
4 3.580807926 20385 0 27 5560576
4 3.582013096 20280 0 47 5537552
4 3.58326224 20750 0 27 5710732
4 3.584476619 19598 0 27 5480369
4 3.585678407 20178 0 8 5525004
4 3.586873945 20088 0 12 5501830
4 3.588010445 19053 0 29 5183126
4 3.589211512 20123 0 10 5523237
4 3.590414698 20274 0 15 5532455
4 3.591618178 19225 0 37 5517714
4 3.592834302 20275 0 48 5562059
4 3.594043533 20440 0 26 5559475
4 3.595236777 20011 0 9 5493803
4 3.596438344 20152 0 39 5484691
4 3.597643247 20343 0 10 5541748
4 3.598840972 6747 79 732 1603530
4 3.599939843 0 0 0 0
4 3.601128409 0 0 0 0
4 3.602321888 0 0 0 0
4 3.60352919 0 0 0 0
4 3.604739101 0 0 0 0
4 3.605939983 0 0 0 0
4 3.607137366 0 0 0 0
4 3.608339515 0 0 0 0
4 3.609535695 0 0 0 0
4 3.610736061 0 0 0 0
4 3.611834404 0 0 0 0
4 3.613036188 0 0 0 0
4 3.614139277 0 0 0 0
4 3.615352914 0 0 0 0
4 3.61654794 0 0 0 0
4 3.617744582 0 0 0 0
4 3.618946563 0 0 0 0
4 3.620064198 0 0 0 0
4 3.621262446 0 0 0 0
4 3.622468497 0 0 0 0
4 3.623668592 0 0 0 0
4 3.624873744 0 0 0 0
4 3.626071646 0 0 0 0
4 3.627278699 0 0 0 0
4 3.628481973 0 0 0 0
4 3.629681976 0 0 0 0
4 3.630875064 0 0 0 0
4 3.632005488 0 0 0 0
4 3.63320159 0 0 0 0
4 3.634407462 0 0 0 0
4 3.635611504 0 0 0 0
4 3.63681223 0 0 0 0
4 3.638007823 0 0 0 0
4 3.639202881 0 0 0 0
4 3.640394738 0 0 0 0
4 3.641594584 0 0 0 0
4 3.64281269 0 0 0 0
4 3.643910196 0 0 0 0
4 3.645136794 0 0 0 0
4 3.646331628 0 0 0 0
4 3.647531577 0 0 0 0
4 3.648750679 0 0 0 0
4 3.649946854 0 0 0 0
4 3.651144191 0 0 0 0
4 3.652338243 0 0 0 0
4 3.653533825 0 0 0 0
4 3.654730415 0 0 0 0
4 3.655827417 0 0 0 0
4 3.657022974 0 0 0 0
4 3.658236066 0 0 0 0
4 3.659433379 0 0 0 0
4 3.660630474 0 0 0 0
4 3.661830843 0 0 0 0
4 3.663028671 0 0 0 0
4 3.664235562 0 0 0 0
4 3.665463159 0 0 0 0
4 3.666696621 0 0 0 0
4 3.667378123 0 0 0 0
