5 0.001162373 687 1355 416293 260226
5 0.002450204 0 0 987376 761
5 0.003709649 0 0 907980 756
5 0.004988143 0 0 827397 954
5 0.006307067 0 0 928276 759
5 0.007498596 150 190 2168505 35291
5 0.008691801 0 1 2201415 1626
5 0.0098863 0 0 2237375 784
5 0.011086188 38 204 2180064 33395
5 0.01221053 0 1 2044218 1467
5 0.013425778 0 0 2241615 804
5 0.014685986 18 207 2301026 33318
5 0.015789792 0 0 1989206 920
5 0.016997632 0 1 2237579 1117
5 0.018129115 66 194 2037136 34873
5 0.019334004 1 0 2230334 1277
5 0.02052775 21 204 2116797 35558
5 0.02172804 0 0 2247922 740
5 0.02293582 0 0 2262199 760
5 0.024034326 3 212 1951970 35340
5 0.025238354 0 0 2254535 815
5 0.026445271 0 0 2260546 771
5 0.027647785 10 215 2175707 34762
5 0.028846902 0 1 2206776 1022
5 0.030041227 0 0 2236571 732
5 0.031234587 16 207 2167141 34747
5 0.032367555 0 1 2101177 1302
5 0.033571243 2 205 2213597 31858
5 0.034767253 0 0 2206210 770
5 0.03595915 0 1 2218449 969
5 0.037160688 2 201 2182896 34657
5 0.038367813 0 0 2315045 766
5 0.039602764 0 0 2257701 712
5 0.040798578 1 205 2154537 35363
5 0.041993743 0 0 2238468 761
5 0.043192062 0 0 2244238 777
5 0.044328761 1 201 2013481 33903
5 0.04552581 0 0 2242268 732
5 0.046731322 2 202 2200769 34719
5 0.047996219 0 1 2315149 1179
5 0.049197824 0 0 2242837 1399
5 0.050390056 11 196 2192178 34681
5 0.051592406 0 0 2251358 751
5 0.052786306 0 1 2218663 1021
5 0.053979618 1 202 2195037 34964
5 0.055176167 0 0 2240744 749
5 0.056307455 4 205 2059090 33814
5 0.057506231 0 0 2181238 769
5 0.058740432 0 0 2288691 1151
5 0.059955137 36 210 2143231 35223
5 0.061151174 0 0 2226075 808
5 0.062346895 0 0 2228994 746
5 0.063543743 5 214 2164135 34757
5 0.064738959 0 1 2220975 1335
5 0.065934677 0 0 2239273 731
5 0.067127182 2 208 2159786 34755
5 0.06822355 0 1 2034699 953
5 0.069449139 1 212 2232090 33312
5 0.070645346 0 0 2236046 824
5 0.071842963 0 1 2239741 1016
5 0.073040965 1 203 2161297 35539
5 0.074236466 0 0 2239039 800
5 0.075426943 0 0 2229664 758
5 0.076629861 2 203 2170715 35368
5 0.077825126 0 0 2238687 742
5 0.079019299 0 0 2236602 770
5 0.080115908 1 211 1975381 33683
5 0.081310003 0 0 2236371 739
5 0.082503832 2 212 2180139 34665
5 0.083705714 0 0 2251064 741
5 0.084907551 0 1 2244013 1093
5 0.086104917 1 211 2186223 33709
5 0.087307673 0 0 2252724 760
5 0.088499626 0 1 2212576 1782
5 0.089702858 1 208 2204320 34767
5 0.090905984 0 0 2253538 750
5 0.092002529 0 1 2036740 3230
5 0.093197987 2 204 2190658 31448
5 0.094391809 0 0 2236086 752
5 0.095594087 1 207 2196021 35097
5 0.096790935 0 1 2232331 1192
5 0.097994334 0 0 2253881 785
5 0.09919338 1 206 2189844 34519
5 0.100326247 0 1 2104581 986
5 0.101526975 0 0 2249036 808
5 0.102727947 1 197 2198273 32194
5 0.103926511 0 1 2236354 1043
5 0.105134766 12 206 2204016 35093
5 0.106325319 0 0 2229770 767
5 0.107521636 0 0 2240672 827
5 0.10872307 3 207 2199132 33813
5 0.109920054 0 0 2241766 749
5 0.111112952 0 0 2234294 770
5 0.112209761 2 215 1983775 35278
5 0.113400851 0 0 2230950 762
5 0.11460225 0 0 2250258 753
5 0.115809569 7 212 2214044 34717
5 0.117012005 0 1 2244502 999
5 0.118215247 1 203 2207017 33441
5 0.119409172 0 0 2236116 760
5 0.12060634 0 1 2225992 1032
5 0.121807701 3 213 2204285 34680
5 0.12300102 0 0 2234997 790
5 0.124097495 0 1 2036869 986
5 0.125294672 4 207 2194495 33263
5 0.126499044 0 0 2255662 770
5 0.127693735 1 202 2188868 34967
5 0.128895086 0 1 2234616 1379
5 0.130088277 0 0 2234679 741
5 0.131278522 4 210 2183470 34652
5 0.132474589 0 1 2223551 1047
5 0.133676275 0 0 2250692 778
5 0.134869052 1 213 2187850 34865
5 0.135994438 0 1 2093552 1481
5 0.137188266 0 0 2235487 781
5 0.138382985 1 198 2188990 33649
5 0.139583945 0 0 2249032 713
5 0.140785285 1 215 2190188 34930
5 0.141980394 0 0 2238129 722
5 0.143179962 0 0 2246992 823
5 0.144313766 1 213 2041439 33941
5 0.145516359 0 0 2250211 770
5 0.146715049 0 0 2245298 780
5 0.147918437 4 208 2193256 35028
5 0.149114896 0 0 2233698 813
5 0.150314714 2 200 2212120 34807
5 0.151507108 0 0 2215718 720
5 0.15270834 0 1 2237175 1001
5 0.153906408 2 203 2189438 34763
5 0.15510344 0 0 2242041 757
5 0.15619976 0 1 2036136 1016
5 0.157392834 1 207 2176575 34933
5 0.15858716 0 0 2237078 793
5 0.159783179 0 0 2240003 780
5 0.160981604 2 213 2179100 34004
5 0.162175392 0 0 2235923 749
5 0.163367078 1 215 2175789 34921
5 0.164564226 0 1 2225525 1020
5 0.16576375 0 0 2246619 780
5 0.16695969 1 210 2188402 34527
5 0.168056529 0 1 2037222 1595
5 0.169251918 0 0 2222364 855
5 0.170449466 6 208 2195655 34731
5 0.171656614 0 0 2260855 834
5 0.172849527 0 1 2227109 964
5 0.174041422 1 198 2186193 34970
5 0.175231673 0 0 2229379 740
5 0.176363947 1 202 2048633 33873
5 0.177559935 0 0 2239903 736
5 0.178753848 0 0 2236112 770
5 0.179951613 1 209 2185629 35263
5 0.181151146 0 0 2243830 809
5 0.182355824 0 0 2256567 751
5 0.183559203 1 203 2212078 34605
5 0.184758735 0 1 2238725 973
5 0.185951634 1 207 2191572 34848
5 0.187144947 0 0 2231521 745
5 0.188241338 0 1 2087621 1056
5 0.189463473 1 198 2194561 34749
5 0.190663762 0 0 2248028 713
5 0.191864666 0 1 2246721 951
5 0.193065617 2 209 2198736 35100
5 0.194260219 0 0 2237548 769
5 0.195455032 0 0 2237914 794
5 0.196657944 1 198 2203005 35187
5 0.197853107 0 0 2238711 845
5 0.199044063 1 207 2186960 34701
5 0.200140669 0 1 2032723 994
5 0.201331812 0 0 2230736 763
5 0.202531583 1 212 2207490 34707
5 0.20373209 0 0 2248344 816
5 0.204926921 0 1 2217945 1468
5 0.2061264 9 203 2206656 34805
5 0.207325129 0 0 2245297 758
5 0.208529441 2 207 2209513 35672
5 0.209733805 0 0 2239953 732
5 0.210927793 0 0 2236370 792
5 0.212023985 1 197 1930476 35156
5 0.2132232 0 0 2246420 750
5 0.214423123 0 0 2247544 758
5 0.215615852 3 207 2133596 33241
5 0.216810146 0 1 2229097 1012
5 0.218005596 0 0 2238892 770
5 0.219198372 2 207 2152082 34847
5 0.220331523 0 1 2104987 1057
5 0.221534841 1 200 2232040 34639
5 0.222729373 0 0 2182333 750
5 0.223967166 0 1 2304412 1038
5 0.225165809 29 206 2171347 33402
5 0.226357414 0 0 2231545 739
5 0.227557412 0 0 2247649 767
5 0.228764747 1 206 2190429 34932
5 0.229959374 0 0 2237469 785
5 0.231151932 0 0 2233696 805
5 0.232252689 1 204 2027058 35248
5 0.233473846 0 0 2235514 734
5 0.23467816 1 204 2191265 34562
5 0.235893185 0 1 2268986 1042
5 0.237089903 0 0 2230968 840
5 0.238285247 2 204 2181131 34654
5 0.239477008 0 0 2231784 775
5 0.240673055 0 1 2225871 1017
5 0.241866103 1 203 2177562 34738
5 0.24305956 0 0 2235256 788
5 0.244156183 0 1 2037567 979
5 0.245353185 1 208 2185378 34847
5 0.246548399 0 0 2238656 752
5 0.247740461 1 209 2172885 34935
5 0.248947149 0 1 2251805 1072
5 0.250145385 0 0 2244072 759
5 0.251338662 1 208 2176129 34867
5 0.252542911 0 1 2237089 996
5 0.253738293 0 0 2239020 767
5 0.254931547 1 213 2175000 34667
5 0.256031628 0 1 2046407 1502
5 0.257232658 1 204 2220912 34804
5 0.258425292 0 0 2203349 756
5 0.259621146 0 0 2239908 722
5 0.26081363 1 205 2163419 34986
5 0.262010269 0 0 2241350 741
5 0.263210984 0 0 2248910 723
5 0.264343354 1 201 2035475 35160
5 0.265544156 0 0 2249190 770
5 0.266743381 0 0 2246066 751
5 0.267952819 1 216 2181118 34901
5 0.269148582 0 0 2236263 795
5 0.270345486 1 211 2173111 34672
5 0.271543945 0 0 2244632 780
5 0.272742921 0 1 2237767 1004
5 0.27394253 1 208 2174262 34642
5 0.275134852 0 0 2233217 804
5 0.276231349 0 1 2085604 1013
5 0.277462921 1 214 2185341 34644
5 0.278658568 0 0 2239319 777
5 0.279854284 0 1 2236820 993
5 0.281058242 1 213 2176491 35131
5 0.282259835 0 0 2250503 775
5 0.283459882 1 210 2176006 33361
5 0.284671336 0 1 2261753 1034
5 0.28587047 0 0 2228000 804
5 0.28706654 5 211 2169138 34738
5 0.288166636 0 1 2039989 1019
5 0.289359017 0 0 2233510 758
5 0.290558201 1 213 2176705 34685
5 0.291752186 0 0 2236297 758
5 0.292946132 1 213 2199974 34882
5 0.294140467 0 0 2191246 799
5 0.295341642 0 0 2249707 758
5 0.296535387 1 207 2147241 33778
5 0.297736731 0 0 2250134 744
5 0.298932641 0 0 2239948 770
5 0.300029335 1 204 1964965 35336
5 0.301223214 0 0 2236435 829
5 0.302420734 0 0 2242731 749
5 0.303617096 1 210 2168733 34832
5 0.304819187 0 1 2222947 990
5 0.306015097 6 209 2189887 34812
5 0.307210881 0 0 2218644 793
5 0.308341764 0 1 2101025 960
5 0.309542912 1 211 2178454 34669
5 0.310744558 0 0 2250598 758
5 0.311963207 0 1 2268776 1091
5 0.313165419 1 217 2175316 34943
5 0.314357532 0 0 2232739 740
5 0.315560443 0 0 2252919 759
5 0.316753296 3 204 2153079 35289
5 0.317949732 0 0 2240807 759
5 0.319155516 1 210 2186968 34742
5 0.320256567 0 1 2048583 1345
5 0.321485054 0 0 2300809 741
5 0.322685502 3 208 2178811 34664
5 0.323896612 0 1 2261931 993
5 0.325099235 0 0 2242170 814
5 0.326299571 1 205 2175119 32980
5 0.327497933 0 0 2244420 767
5 0.328693706 1 211 2195572 34770
5 0.329891584 0 0 2200745 748
5 0.3310897 0 0 2244052 737
5 0.332186103 1 210 1965511 35022
5 0.333381387 0 0 2239114 815
5 0.334573834 0 0 2233374 823
5 0.335772458 1 203 2169898 33773
5 0.336965255 0 1 2224665 1130
5 0.33816036 0 0 2238283 790
5 0.339351942 1 212 2160800 33208
5 0.340553823 0 1 2235338 1054
5 0.341756648 1 207 2199234 34782
5 0.342948248 0 0 2213829 734
5 0.344045033 0 1 2039134 1475
5 0.345249275 1 206 2184320 34647
5 0.3464414 0 0 2232512 732
5 0.347640914 0 0 2246754 757
5 0.348842016 1 210 2169536 34882
5 0.350033618 0 0 2231849 778
5 0.351232208 0 0 2244885 780
5 0.352362619 6 202 2026839 35623
5 0.353559917 0 0 2242682 731
5 0.354760873 1 211 2191270 34646
5 0.355951525 0 1 2199206 1049
5 0.357154467 0 0 2249329 799
5 0.358347883 1 211 2162955 34642
5 0.359543158 0 0 2238651 776
5 0.360743072 0 1 2237298 1258
5 0.36194754 1 212 2179674 34678
5 0.363146503 0 0 2245595 751
5 0.364243372 0 1 2055757 1049
5 0.365460477 1 213 2184309 34773
5 0.366654425 0 0 2236032 752
5 0.367851791 1 203 2163675 33818
5 0.369054129 0 0 2241532 922
5 0.370248986 0 0 2237826 805
5 0.371444812 1 203 2164007 34662
5 0.372645489 0 1 2237262 995
5 0.373842742 0 0 2242423 786
5 0.375038253 1 208 2162676 33582
5 0.376135065 0 1 2040079 1375
5 0.377328851 0 0 2236157 775
5 0.378531227 1 208 2179880 34634
5 0.379733624 0 0 2252072 747
5 0.380926234 2 205 2153644 35008
5 0.382122266 0 0 2240049 762
5 0.383326002 0 0 2254580 765
5 0.384519423 5 207 2137123 35748
5 0.385720096 0 0 2248914 733
5 0.386913267 0 0 2234622 749
5 0.388009463 1 203 1961433 35245
5 0.389201558 0 0 2233194 733
5 0.390396538 1 200 2215644 34626
5 0.391600959 0 0 2205684 795
5 0.392808789 0 1 2260531 992
5 0.394005212 1 204 2164464 34558
5 0.395199707 0 0 2237143 776
5 0.396332851 0 1 2105758 1047
5 0.397538005 3 208 2185221 34709
5 0.398739473 0 0 2250294 766
5 0.399936007 0 1 2232939 1017
5 0.401137831 2 214 2167798 35250
5 0.402332516 0 0 2237460 786
5 0.403538325 1 207 2181458 34865
5 0.40473954 0 1 2230673 1043
5 0.405932975 0 0 2235094 755
5 0.407131299 3 210 2172449 33437
5 0.408228072 0 1 2034034 1116
5 0.409451815 0 0 2292142 757
5 0.410642846 1 209 2159426 34583
5 0.411843485 0 1 2246311 939
5 0.413044625 0 0 2241218 850
5 0.414238677 1 213 2163436 34742
5 0.415442134 0 0 2254327 733
5 0.416648183 3 212 2170145 33434
5 0.417842909 0 0 2237506 724
5 0.419034296 0 0 2231546 722
5 0.420130814 1 200 1964791 35250
5 0.421326001 0 0 2238702 824
5 0.422517676 0 0 2231860 804
5 0.423722473 1 211 2184118 34700
5 0.424926996 0 1 2246775 1221
5 0.426129566 1 209 2231106 34810
5 0.427321643 0 0 2180405 771
5 0.428521251 0 1 2230574 1054
5 0.429725637 1 203 2179930 33333
5 0.430919578 0 0 2236344 747
5 0.432016078 0 1 2038822 1668
5 0.43321263 1 208 2167049 33260
5 0.434417702 0 0 2256759 798
5 0.43561941 0 0 2250739 722
5 0.436809655 1 199 2142801 33338
5 0.438005023 0 0 2238864 749
5 0.439205525 1 209 2201895 34908
5 0.440339394 0 1 2077177 998
5 0.441540876 0 0 2247017 796
5 0.442735244 1 204 2163828 35014
5 0.443935853 0 1 2238847 1071
5 0.445144996 0 0 2257958 768
5 0.446343857 1 205 2172819 33210
5 0.447541396 0 0 2242879 762
5 0.448739235 0 1 2235262 967
5 0.449932004 1 209 2159294 34868
5 0.451125539 0 0 2235546 721
5 0.452221923 1 210 1985800 33446
5 0.453436599 0 0 2247459 737
5 0.454640842 0 0 2255423 759
5 0.455834117 1 211 2157499 34948
5 0.45705331 0 0 2268591 834
5 0.458248004 0 0 2237803 724
5 0.459439847 1 208 2160213 34853
5 0.460637364 0 1 2232141 1069
5 0.461832764 0 0 2238880 802
5 0.463025978 1 207 2162344 31996
5 0.464122562 0 1 2033321 975
5 0.465318124 1 213 2166270 34777
5 0.466520016 0 0 2251281 730
5 0.467725695 0 0 2258156 789
5 0.46892964 1 206 2172781 34809
5 0.470122838 0 0 2234651 770
5 0.471318958 0 0 2240418 767
5 0.472510471 3 215 2134029 35765
5 0.473708938 0 0 2244663 808
5 0.474905617 1 215 2210640 33525
5 0.476002644 0 1 1995237 1019
5 0.477203127 0 0 2248780 776
5 0.47840517 5 205 2178685 34632
5 0.479600345 0 0 2238608 786
5 0.480799207 0 1 2235001 1097
5 0.481991737 2 214 2159186 34782
5 0.483187078 0 0 2238940 766
5 0.484317731 0 1 2100377 1028
5 0.485511915 1 207 2161606 34592
5 0.486711764 0 0 2247119 744
5 0.487910098 1 205 2182824 94714
5 0.489109884 0 0 2189723 1306
5 0.490311946 0 0 2251464 757
5 0.491507185 1 201 2166019 34837
5 0.49270219 0 1 2227335 985
5 0.493896055 0 0 2236070 750
5 0.495086944 1 211 2157126 34700
5 0.496184002 0 1 2040352 1238
5 0.497379111 0 0 2238493 820
5 0.498580205 1 205 2178974 34683
5 0.499785036 0 0 2256742 769
5 0.500979372 3 213 2176968 34934
5 0.502174793 0 0 2225524 786
5 0.503372718 0 0 2243825 760
5 0.504573063 3 207 2164418 35408
5 0.505779427 0 0 2253112 786
5 0.506983038 0 0 2254280 769
5 0.508079439 2 210 1973565 35380
5 0.509275575 0 0 2240515 794
5 0.510476795 0 0 2249802 784
5 0.511676639 1 209 2186293 34717
5 0.512867857 0 1 2221872 1196
5 0.514069413 1 207 2189158 34533
5 0.515275673 0 0 2249414 784
5 0.516472584 0 1 2225337 1084
5 0.517674625 1 218 2193190 34856
5 0.518872428 0 0 2242940 776
5 0.519967209 0 1 2022821 1012
5 0.52116749 2 205 2189108 34535
5 0.522360669 0 0 2234797 769
5 0.523559958 0 0 2246242 723
5 0.524765698 1 205 2192110 33859
5 0.52595815 0 0 2233568 777
5 0.527149191 1 209 2170858 34587
5 0.52824601 0 1 2031003 1011
5 0.529468617 0 0 2289956 796
5 0.530665248 1 211 2186957 34575
5 0.53189228 0 1 2291178 1047
5 0.533091366 0 0 2235731 812
5 0.534281823 1 205 2177946 33349
5 0.53547854 0 0 2241286 723
5 0.536680725 1 207 2186354 34974
5 0.53787636 0 0 2239297 760
5 0.539069174 0 0 2234067 739
5 0.540165692 1 205 1978768 35242
5 0.541358032 0 0 2233499 731
5 0.542552838 0 0 2237958 768
5 0.543756255 1 224 2205342 34548
5 0.5449564 0 1 2238393 1171
5 0.546152496 0 0 2240080 755
5 0.547346039 1 212 2183134 34888
5 0.548551635 0 1 2241713 1073
5 0.549748323 1 208 2191154 34516
5 0.550939144 0 0 2230431 761
5 0.552039324 0 1 2046931 1388
5 0.553244571 2 207 2206512 34784
5 0.554445904 0 0 2250154 804
5 0.555649492 0 0 2254148 730
5 0.556848532 1 210 2186082 34901
5 0.558045327 0 0 2241644 743
5 0.559245663 1 205 2216802 34912
5 0.560379058 0 1 2084779 1251
5 0.561577413 0 0 2244604 768
5 0.562773439 3 203 2181856 34704
5 0.563968231 0 1 2224833 1024
5 0.565162695 0 0 2235005 761
5 0.566359681 1 210 2185719 34843
5 0.567560181 0 0 2248514 799
5 0.568765355 0 1 2248183 1005
5 0.569982542 1 202 2212682 33479
5 0.571173742 0 0 2218068 753
5 0.572304749 32 199 2048494 35039
5 0.573502991 0 0 2244627 740
5 0.574703016 0 0 2247455 740
5 0.575926227 1 206 2238715 35136
5 0.577137982 0 0 2249086 1180
5 0.578337915 0 0 2247584 798
5 0.579534028 2 215 2189732 34654
5 0.580735787 0 1 2242885 1002
5 0.581947549 65 202 2223307 35249
5 0.583148462 0 0 2235225 760
5 0.584248201 0 1 2036228 1265
5 0.585470639 5 210 2247496 34733
5 0.58667005 0 0 2246235 783
5 0.587889378 0 1 2277327 1030
5 0.589081974 1 201 2181519 34811
5 0.590273411 0 0 2231396 731
5 0.591465562 0 0 2232938 764
5 0.592667384 1 201 2191507 35231
5 0.593872376 0 0 2256863 788
5 0.595072446 8 209 2194196 34257
5 0.596169109 0 1 2033032 975
5 0.59735958 0 0 2229804 757
5 0.598555409 2 198 2200362 34811
5 0.599761773 0 0 2259340 747
5 0.600958377 0 1 2223445 1021
5 0.602154688 1 215 2200061 33244
5 0.603348529 0 0 2236115 732
5 0.604552223 0 1 2211050 4021
5 0.605756548 7 221 2141067 33013
5 0.606954157 0 0 2243061 798
5 0.608050773 2 211 1929367 35748
5 0.609251152 0 0 2244815 805
5 0.610446665 0 0 2239005 760
5 0.611641398 1 204 2159558 34698
5 0.612840224 0 1 2212665 934
5 0.614032688 0 0 2233316 749
5 0.615229554 2 210 2171648 34802
5 0.616363303 0 1 2087401 1825
5 0.617565638 0 0 2251955 789
5 0.61876517 2 213 2182405 32117
5 0.619959141 0 1 2211867 1202
5 0.62116559 1 211 2189831 33144
5 0.622365886 0 0 2247820 779
5 0.623565336 0 0 2246500 724
5 0.624759721 1 210 2158263 36095
5 0.625958689 0 0 2245518 784
5 0.627164534 0 0 2258609 739
5 0.628297815 1 205 2031936 35277
5 0.629499869 0 0 2251439 809
5 0.630696113 2 210 2194476 34572
5 0.631904226 0 1 2248844 1125
5 0.633110878 0 0 2231548 1790
5 0.634307823 2 211 2196944 34668
5 0.635503798 0 0 2239909 758
5 0.636712518 0 1 2232069 1444
5 0.637911026 1 206 2199631 34632
5 0.63911192 0 0 2249019 758
5 0.640209194 0 1 2033844 983
5 0.641406717 1 220 2197780 34931
5 0.642604582 0 0 2243634 790
5 0.643807865 1 204 2204674 34948
5 0.64500993 0 1 2234610 976
5 0.646213875 0 0 2254714 822
5 0.647408222 1 209 2185961 34827
5 0.648606436 0 1 2221280 1605
5 0.649811665 0 0 2257295 816
5 0.651009759 2 203 2193523 34588
5 0.652107375 0 1 2038849 1047
5 0.653306133 1 207 2222509 34555
5 0.654503244 0 0 2212239 840
5 0.655718836 0 0 2276643 771
5 0.656918268 1 215 2182482 34903
5 0.658119411 0 0 2249289 773
5 0.659314517 0 0 2238454 778
5 0.660512285 6 203 2165472 35353
5 0.661716385 0 0 2255091 695
5 0.6629093 0 0 2234346 724
5 0.664006597 1 208 1988918 35281
5 0.665204144 0 0 2242579 774
5 0.666397101 3 212 2183038 34794
5 0.667596464 0 0 2246196 749
5 0.668798333 0 1 2243219 1014
5 0.669993279 3 210 2185811 34636
5 0.671186143 0 0 2234024 786
5 0.67231985 0 1 2110263 1556
5 0.67351827 1 211 2190770 34674
5 0.674712405 0 0 2236620 748
5 0.67591989 0 1 2251491 957
5 0.677114984 1 206 2176976 33133
5 0.678314305 0 0 2246027 732
5 0.679511152 2 209 2184523 34750
5 0.680714705 0 1 2239832 1014
5 0.681916308 0 0 2250286 790
5 0.68311258 1 208 2185490 33252
5 0.684210318 0 1 2039018 1086
5 0.685408123 0 0 2243783 808
5 0.686609936 1 213 2197379 33179
5 0.687813036 0 0 2253101 757
5 0.689022986 1 214 2203873 34882
5 0.690225816 0 0 2248307 740
5 0.691420054 0 0 2236542 743
5 0.6926219 1 215 2185372 34846
5 0.693815267 0 0 2235282 786
5 0.69501787 0 0 2252040 796
5 0.696115572 1 206 1984243 35282
5 0.697309971 0 0 2237144 750
5 0.698507445 0 0 2242439 788
5 0.699703425 1 213 2189653 34597
5 0.700913432 0 1 2258000 1074
5 0.702110003 3 216 2190488 34546
5 0.703303243 0 0 2234933 743
5 0.70452312 0 1 2273688 1241
5 0.705729602 2 207 2206272 34577
5 0.706927111 0 0 2242780 762
5 0.708024122 0 1 2038928 1059
5 0.709219065 1 214 2189362 34863
5 0.710413107 0 0 2236387 751
5 0.711617543 1 208 2222235 34876
5 0.712818883 0 1 2225621 957
5 0.714014594 0 0 2239518 729
5 0.715208688 1 209 2190362 34652
5 0.716341819 0 1 2113363 1003
5 0.717538458 0 0 2241114 722
5 0.718746054 1 207 2214865 34648
5 0.719964331 0 1 2268961 1091
5 0.721166392 0 0 2243850 770
5 0.722364736 2 215 2200938 33217
5 0.723567357 0 0 2252659 812
5 0.724765437 1 209 2188244 34882
5 0.725970997 0 0 2257680 775
5 0.727165978 0 0 2238112 741
5 0.728263516 1 202 2016203 35512
5 0.729495433 0 0 2269363 833
5 0.730699256 0 0 2254835 796
5 0.731899159 1 211 2195852 34916
5 0.733098484 0 0 2237510 731
5 0.734293276 1 205 2195564 34719
5 0.735489786 0 0 2237082 751
5 0.736691298 0 1 2236493 1018
5 0.737895895 1 209 2153918 34689
5 0.739093112 0 0 2242063 740
5 0.740190601 0 1 2038793 973
5 0.741392089 1 210 2157121 34899
5 0.742590893 0 0 2245246 731
5 0.743795644 0 0 2256702 768
5 0.744991092 1 210 2146388 35205
5 0.74619179 0 0 2248939 748
5 0.747386091 1 205 2167757 33643
5 0.748583326 0 1 2214817 1034
5 0.749785208 0 0 2250894 779
5 0.750981117 1 211 2168500 34669
5 0.752078897 0 1 2027413 1012
5 0.753273711 0 0 2237882 832
5 0.754472029 4 204 2183226 34528
5 0.755673244 0 0 2249845 759
5 0.756876686 0 1 2251740 952
5 0.75807766 1 209 2187386 34749
5 0.759276315 0 0 2245208 723
5 0.760469789 1 202 2162444 35710
5 0.761672496 0 0 2252807 717
5 0.762877771 0 0 2257118 808
5 0.763975946 2 215 1984391 35088
5 0.765178477 0 0 2252594 723
5 0.766371704 0 0 2234797 752
5 0.767569868 1 204 2193797 34644
5 0.768769807 0 1 2239462 957
5 0.769961246 1 210 2203892 34591
5 0.77115647 0 0 2215793 753
5 0.772288605 0 1 2102886 1043
5 0.773488197 1 208 2200452 34550
5 0.774689732 0 0 2250252 816
5 0.775908939 0 1 2276259 986
5 0.777113894 2 208 2197986 35313
5 0.778311244 0 0 2242666 753
5 0.779512779 0 0 2250447 811
5 0.78071213 1 212 2187175 35284
5 0.781906901 0 0 2237838 757
5 0.783103094 1 206 2190069 34627
5 0.784201243 0 1 2033309 1063
5 0.785398157 0 0 2211827 794
5 0.786601547 14 202 2206249 34711
5 0.787798454 0 0 2241713 801
5 0.788996882 0 1 2237573 1009
5 0.79019152 1 210 2187124 34744
5 0.791386666 0 0 2238268 741
5 0.792580579 0 1 2223523 990
5 0.793780316 2 199 2192217 34792
5 0.794978492 0 0 2244069 762
5 0.796079215 5 206 1986532 33559
5 0.797271886 0 0 2233902 759
5 0.798471453 0 0 2246731 769
5 0.799672598 1 200 2195708 34989
5 0.800876233 0 1 2244664 1006
5 0.80207027 0 0 2236615 769
5 0.803266684 1 206 2185607 32213
5 0.804401144 0 1 2129325 1055
5 0.805612426 10 204 2196479 34755
5 0.80681474 0 0 2221876 1037
5 0.807966909 0 1 2136210 1064
5 0.809169621 5 209 2193071 33302
5 0.810365396 0 0 2239593 722
5 0.81156333 0 0 2243761 797
5 0.812759516 1 209 2173920 34943
5 0.813964493 0 0 2256792 760
5 0.815157671 0 0 2234504 724
5 0.816254993 1 203 1994582 35308
5 0.817479924 0 0 2274401 777
5 0.818677333 6 208 2177944 34881
5 0.819889197 0 1 2257293 1011
5 0.821089837 0 0 2238160 764
5 0.822285444 1 203 2174531 34871
5 0.823486102 0 0 2248734 703
5 0.824687101 0 1 2236847 953
5 0.825881928 1 204 2170360 34885
5 0.827077603 0 0 2239169 721
5 0.828180526 0 1 2049387 1034
5 0.829375253 6 206 2169031 34725
5 0.830580755 0 0 2257626 731
5 0.831783393 1 210 2179492 32383
5 0.832973742 0 1 2219766 947
5 0.834166914 0 0 2234733 738
5 0.835365708 1 211 2171774 34823
5 0.836559166 0 1 2218814 989
5 0.837765268 0 0 2258900 713
5 0.838973161 1 212 2189317 34549
5 0.840070989 0 1 2041178 1233
5 0.841274085 1 207 2234585 35008
5 0.842473074 0 3 2191443 816
5 0.843672461 0 0 2246434 839
5 0.844872885 1 214 2165530 33419
5 0.846076793 0 0 2254508 762
5 0.847274026 0 0 2242502 768
5 0.848468106 1 211 2142652 36008
5 0.849672614 0 0 2255853 743
5 0.8508672 0 0 2237463 808
5 0.851952884 1 205 1950644 34947
5 0.853149389 0 0 2237762 752
5 0.854342774 1 203 2192013 33139
5 0.855540844 0 0 2217978 768
5 0.856738524 0 1 2233960 1117
5 0.857931372 1 208 2167409 34720
5 0.859126297 0 0 2237975 767
5 0.860227238 0 1 2044161 977
5 0.861421222 1 214 2172931 33123
5 0.862617855 0 0 2241122 786
5 0.863814459 0 0 2241120 733
5 0.865010029 1 209 2164747 35223
5 0.866206037 0 0 2240052 768
5 0.867409391 1 204 2188954 34979
5 0.868605843 0 1 2229368 1020
5 0.869810751 0 0 2256924 785
5 0.871014659 2 212 2190483 34633
5 0.872112534 0 1 2034885 965
5 0.873313113 0 0 2248550 795
5 0.874511706 1 207 2187357 34464
5 0.875709352 0 0 2242974 724
5 0.87690627 0 1 2234130 1036
5 0.878104971 1 215 2189839 33180
5 0.879302158 0 0 2242122 697
5 0.880498662 2 204 2166425 35779
5 0.881704682 0 0 2258484 742
5 0.882899259 0 0 2237520 730
5 0.883996355 1 213 1992138 35481
5 0.885191926 0 0 2239451 799
5 0.886391807 0 0 2247178 759
5 0.887594738 2 217 2207900 34848
5 0.888795592 0 1 2239514 1014
5 0.88999213 2 206 2199214 33173
5 0.891192494 0 0 2245101 808
5 0.892326355 0 1 2109595 1043
5 0.893522941 2 200 2193246 34768
5 0.894718265 0 0 2238540 765
5 0.895926972 0 1 2254193 1008
5 0.897126751 1 204 2200057 34967
5 0.898320051 0 0 2234988 734
5 0.899516343 0 0 2240390 758
5 0.900719146 1 206 2195853 35165
5 0.901916869 0 0 2243256 757
5 0.903112172 1 212 2195976 34572
5 0.904209585 0 1 2032419 985
5 0.905405727 0 0 2240284 743
5 0.90660409 2 207 2203149 34719
5 0.907801488 0 0 2234839 769
5 0.90900503 0 1 2246932 959
5 0.91020092 1 211 2137266 33089
5 0.911397987 0 0 2241801 759
5 0.912597952 1 207 2212043 35424
5 0.913805274 0 0 2193535 821
5 0.915000908 0 0 2239426 769
5 0.9160987 1 259 1957634 34829
5 0.917294005 0 0 2239116 732
5 0.918499073 0 0 2257086 784
5 0.919701331 3 208 2176890 34853
5 0.920906284 0 1 2246525 1290
5 0.922103003 0 0 2241366 758
5 0.923300865 3 214 2173237 33411
5 0.924494211 0 1 2218235 1044
5 0.925698579 1 208 2204379 34756
5 0.926899213 0 0 2230401 780
5 0.927993913 0 1 2037273 1258
5 0.929191469 1 208 2174234 34726
5 0.930386773 0 0 2238441 733
5 0.931586247 0 0 2246550 741
5 0.932779805 1 212 2164587 35145
5 0.933975062 0 0 2238262 807
5 0.935172979 0 0 2243538 735
5 0.936306851 1 212 2049610 35107
5 0.937513314 0 0 2253368 778
5 0.938719914 1 206 2193698 34538
5 0.939928496 0 1 2252386 987
5 0.941122971 0 0 2229882 748
5 0.942317323 1 207 2174479 33321
5 0.943510523 0 0 2234755 754
5 0.944645092 0 1 2095761 1009
5 0.945844501 5 214 2189194 34718
5 0.947037753 0 0 2234869 725
5 0.948135171 0 1 2037783 974
5 0.949332038 1 209 2185634 34834
5 0.95052975 0 0 2243062 751
5 0.951725172 1 208 2181821 34888
5 0.952921009 0 1 2230390 1016
5 0.954119392 0 0 2244486 795
5 0.95531685 1 202 2190357 33066
5 0.956521538 0 1 2240147 1022
5 0.95772069 0 0 2246016 780
5 0.958914723 1 216 2185187 34559
5 0.96001211 0 1 2034563 1018
5 0.961214251 0 0 2238928 723
5 0.96242298 7 206 2207554 34578
5 0.963629769 0 0 2239056 771
5 0.964846313 320 180 2120103 35897
5 0.966054364 1 0 2239936 1641
5 0.967257792 0 0 2233248 1663
5 0.968393432 341 182 1955454 34627
5 0.969594029 0 0 2227386 1599
5 0.970799149 0 0 2235962 1935
5 0.971954471 418 183 2082266 38875
5 0.973159244 0 0 2235705 878
5 0.974356826 0 0 2222928 1656
5 0.97556555 334 172 2195729 36731
5 0.976779125 0 1 2202019 1261
5 0.977973543 384 184 2134756 36808
5 0.979168198 0 0 2237504 820
5 0.980301915 0 1 2102621 1040
5 0.981494405 6 205 2142209 34896
5 0.98269132 0 0 2241511 751
5 0.983895134 0 1 2244009 1128
5 0.985098852 3 207 2150670 34746
5 0.986300488 0 0 2250378 832
5 0.987506611 1 204 2233485 34915
5 0.988706891 0 1 2182360 1068
5 0.989901112 0 0 2236327 826
5 0.991107854 14 212 2189220 34750
5 0.992205268 0 1 2017596 1106
5 0.993400496 0 0 2238473 772
5 0.994603783 1 205 2190393 34599
5 0.995799511 0 0 2239472 712
5 0.997004869 0 1 2239539 971
5 0.998197729 2 210 2178536 34702
5 0.999390804 0 0 2234446 743
5 1.000583643 1 216 2167064 34993
5 1.001788001 0 0 2243036 720
5 1.002983248 0 0 2238630 776
5 1.004080568 1 203 1982564 35165
5 1.00527526 0 0 2237824 739
5 1.006472448 0 0 2242308 777
5 1.007676398 22 211 2196091 35433
5 1.00887153 0 1 2220727 932
5 1.010068961 0 0 2242734 772
5 1.011265081 1 213 2189179 34757
5 1.012467647 0 1 2234827 953
5 1.013674168 1 205 2205923 34877
5 1.014866982 0 0 2234037 732
5 1.015954769 0 1 2024272 979
5 1.017153901 4 203 2184546 34702
5 1.018356218 0 0 2247124 730
5 1.019552875 0 0 2230221 800
5 1.020755008 3 205 2193052 35075
5 1.021950183 0 0 2238116 795
5 1.0231433 0 0 2234659 766
5 1.024240655 9 206 1982115 33771
5 1.025463169 0 0 2289789 756
5 1.026659833 1 200 2185933 34751
5 1.027864201 0 1 2253041 967
5 1.029065202 0 0 2238436 1054
5 1.030260301 1 202 2184023 34746
5 1.031460766 0 0 2248433 770
5 1.032662966 0 1 2229740 1626
5 1.033861702 1 209 2188680 33207
5 1.035058598 0 0 2241814 762
5 1.036155647 1 205 2016627 35267
5 1.037352994 0 0 2208957 762
5 1.038549115 0 0 2240261 799
5 1.039754008 4 205 2200352 33432
5 1.040948155 0 1 2208225 1082
5 1.042141386 0 0 2234422 732
5 1.043336452 16 201 2184723 35133
5 1.044532066 0 1 2219335 1566
5 1.045734317 0 0 2251542 772
5 1.046929616 1 203 2191465 34632
5 1.048027 0 1 2034309 970
5 1.049235273 1 202 2216182 33106
5 1.050434314 0 0 2245654 771
5 1.051633789 0 0 2246396 744
5 1.052841545 3 205 2207316 33830
5 1.054041106 0 0 2246636 767
5 1.055239121 0 0 2243804 780
5 1.056369958 1 206 2048032 33551
5 1.05757139 0 0 2250228 770
5 1.058769959 0 0 2244775 759
5 1.059963191 1 215 2179789 33282
5 1.0611664 0 0 2246566 770
5 1.062361069 2 208 2196078 34767
5 1.063553716 0 0 2233553 753
5 1.064755938 0 1 2231592 1538
5 1.065949575 1 202 2192290 34864
5 1.067145611 0 0 2240245 778
5 1.068255151 0 1 2109184 1021
5 1.069480746 1 209 2143453 34635
5 1.070685432 0 0 2256233 808
5 1.071911205 1 206 2226818 35052
5 1.073107901 0 0 2190892 808
5 1.074305747 0 0 2243616 781
5 1.075500329 1 212 2153268 34690
5 1.07670315 0 1 2241313 1013
5 1.077900937 0 0 2243518 778
5 1.079093489 1 202 2157136 34644
5 1.080191224 0 1 2036793 1013
5 1.081388998 0 0 2243270 804
5 1.082594687 1 208 2183734 34856
5 1.083794587 0 0 2247232 821
5 1.084999289 1 212 2181165 35093
5 1.086193679 0 0 2236945 778
5 1.087389099 0 0 2238976 785
5 1.088586667 1 202 2164081 33293
5 1.089789388 0 0 2252544 724
5 1.090983302 0 0 2236097 771
5 1.092080687 1 209 1975413 35240
5 1.093279133 0 0 2244878 730
5 1.094473431 0 0 2236926 798
5 1.095671701 1 209 2186267 34860
5 1.096879875 0 1 2246045 964
5 1.098074142 3 208 2181172 33211
5 1.099266332 0 0 2232798 788
5 1.100456649 0 1 2213645 961
5 1.101653246 1 201 2183567 33464
5 1.102857698 0 0 2255612 744
5 1.103967606 0 1 2052567 1051
5 1.105166136 14 213 2184097 33901
5 1.106357007 0 0 2230318 778
5 1.107551548 2 202 2202305 35223
5 1.10875189 0 1 2190106 945
5 1.109947433 0 0 2238963 772
5 1.111144725 3 207 2187610 33425
5 1.112242119 0 1 2007531 1779
5 1.11347017 0 0 2300053 724
5 1.114671305 10 199 2203295 34806
5 1.115897579 0 1 2288187 11305
5 1.117091678 0 0 2224086 843
5 1.11829004 25 198 2198312 34926
5 1.119493704 0 0 2254546 729
5 1.120699169 12 202 2179356 35339
5 1.121897506 0 0 2244676 758
5 1.123091736 0 0 2236684 783
5 1.124192085 2 205 1997595 35201
5 1.125409789 0 0 2270556 787
5 1.126609821 0 0 2240972 723
5 1.127809733 66 209 2208212 34756
5 1.129010353 0 1 2230928 1066
5 1.130207474 12 197 2223275 34990
5 1.131406057 0 2 2223108 761
5 1.132609428 0 1 2240026 1406
5 1.133807313 4 205 2203420 34766
5 1.135010493 0 0 2253563 778
5 1.136107934 0 2 2011461 1170
5 1.137308686 5 204 2149755 34275
5 1.138506481 0 0 2243716 806
5 1.139707251 0 0 2248936 758
5 1.140905303 2 207 2154009 34918
5 1.142100422 0 0 2238353 762
5 1.143299079 4 208 2193085 33642
5 1.144500223 0 1 2198118 1843
5 1.145710152 0 0 2266412 787
5 1.146907846 4 204 2172345 34819
5 1.14800575 0 1 2036303 1015
5 1.149203408 0 0 2242998 745
5 1.150396748 4 199 2167491 34767
5 1.151599397 0 0 2252131 729
5 1.1527979 0 1 2227496 1252
5 1.153992843 3 201 2178222 34787
5 1.155192108 0 0 2246088 758
5 1.156329416 2 200 2066822 34998
5 1.15753883 0 0 2248873 769
5 1.158741194 0 0 2252038 778
5 1.159936153 1 205 2174511 35242
5 1.161134392 0 0 2233652 742
5 1.162339246 0 0 2256618 721
5 1.163542886 1 204 2203970 34633
5 1.164740837 0 1 2236617 989
5 1.165939957 1 204 2218649 33411
5 1.16714273 0 0 2221004 732
5 1.168276274 0 1 2105231 1028
5 1.169471945 1 198 2185783 33365
5 1.170668658 0 0 2241436 803
5 1.171790685 0 0 2101323 768
5 1.17294497 189 181 2078753 35992
5 1.174134848 0 0 2228742 731
5 1.175332326 0 0 2234806 749
5 1.176536409 39 201 2182240 35947
5 1.177733563 0 0 2242272 723
5 1.178938571 3 197 2221255 33368
5 1.180036414 0 1 2021083 1034
5 1.181139528 0 0 2037404 752
5 1.182356124 217 193 2214915 35192
5 1.183452217 0 0 2025479 748
5 1.184698137 0 1 2262604 964
5 1.185894036 4 198 2146444 34710
5 1.187087049 0 0 2234394 740
5 1.18818789 0 1 2040659 991
5 1.189380366 9 207 2149644 33473
5 1.190589486 0 0 2264701 773
5 1.191788273 0 0 2245063 777
5 1.192987392 1 207 2143852 33324
5 1.19416916 0 0 2213836 784
5 1.195411542 18 198 2235147 35349
5 1.196609929 0 1 2219952 1113
5 1.19781124 0 0 2249966 777
5 1.199007366 3 202 2167185 33641
5 1.200105649 0 1 2033759 990
5 1.20130544 0 0 2247151 747
5 1.20251107 1 200 2186725 34617
5 1.203704975 0 0 2236195 792
5 1.20490348 0 1 2226427 1276
5 1.206098821 2 202 2167470 33344
5 1.207294721 0 0 2240134 731
5 1.208426128 3 207 2017530 35313
5 1.209632351 0 0 2259265 752
5 1.210825101 0 0 2234069 739
5 1.211970349 2 202 2058732 35229
5 1.213164792 0 0 2230892 1287
5 1.214361373 0 0 2241200 732
5 1.215560834 4 206 2175078 34648
5 1.216760164 0 1 2222029 1014
5 1.217960841 0 0 2248653 768
5 1.219158389 2 211 2171638 33509
5 1.220259987 0 1 2012890 1041
5 1.221481221 9 203 2217454 33236
5 1.222685966 0 0 2256567 762
5 1.223901493 0 1 2271022 957
5 1.225100175 1 201 2165511 34558
5 1.226293906 0 0 2235902 796
5 1.227488498 0 0 2237301 742
5 1.228688392 1 210 2149617 35219
5 1.229895144 0 0 2260186 773
5 1.23109272 6 202 2193125 34460
5 1.23218984 0 1 2013999 1019
5 1.233388642 0 0 2245598 789
5 1.234588101 1 204 2179474 33195
5 1.235784823 0 0 2241467 804
5 1.236980741 0 1 2221410 1090
5 1.238178727 1 209 2175999 33402
5 1.23937056 0 0 2232035 766
5 1.24056748 0 1 2224717 1011
5 1.241768101 1 205 2180238 33561
5 1.2429631 0 0 2238258 745
5 1.244060626 1 207 2001942 34760
5 1.245256553 0 0 2209488 824
5 1.246450176 0 0 2235516 770
5 1.247650535 1 206 2176825 35022
5 1.24884841 0 1 2226725 1014
5 1.250045488 0 0 2242048 734
5 1.251243487 3 204 2168667 34629
5 1.252378742 0 1 2106135 1090
5 1.253578562 0 0 2244057 777
5 1.254780906 1 210 2235478 34657
5 1.255971816 0 1 2217731 1033
5 1.257169796 2 204 2162691 34764
5 1.258368372 0 0 2244972 745
5 1.259570832 0 0 2251968 740
5 1.260769991 1 211 2151329 35071
5 1.261971382 0 0 2250254 714
5 1.263166347 0 0 2238268 732
5 1.264300624 1 202 2016453 35062
5 1.26549492 0 0 2236736 784
5 1.266695559 0 0 2248822 761
5 1.267904525 2 212 2179619 34595
5 1.269099244 0 0 2229257 791
5 1.270293229 1 206 2159089 33712
5 1.271492273 0 0 2245586 744
5 1.272694287 0 1 2232659 978
5 1.273890065 1 203 2168135 33316
5 1.275089968 0 0 2247374 779
5 1.276187228 0 1 2038520 1066
5 1.277385899 1 210 2174733 34856
5 1.278586336 0 0 2248679 768
5 1.279796958 1 201 2224220 35093
5 1.280996557 0 1 2196246 1050
5 1.282193914 0 0 2242349 732
5 1.283390252 1 205 2163842 33056
5 1.284587149 0 1 2224935 1035
5 1.285792586 0 0 2253888 751
5 1.2869884 1 208 2155507 34756
5 1.288085776 0 1 2035835 1043
5 1.289279623 0 0 2236046 787
5 1.290474022 1 210 2162578 34595
5 1.291673673 0 0 2246486 793
5 1.292864432 1 207 2162803 34634
5 1.294075585 0 0 2253400 769
5 1.295274207 0 0 2245038 770
5 1.296474734 5 201 2159687 35057
5 1.297672621 0 0 2243504 770
5 1.298876389 0 0 2254548 747
5 1.299974838 1 202 1969519 35251
5 1.301169538 0 0 2237666 752
5 1.30236067 0 0 2230890 751
5 1.303560034 2 195 2174322 33288
5 1.304761547 0 1 2233835 1028
5 1.305960101 5 209 2171117 34588
5 1.307201133 0 0 2318180 1207
5 1.308335821 0 1 2103439 1038
5 1.309538473 2 209 2179870 34670
5 1.310739746 0 0 2250090 771
5 1.311937281 0 1 2234401 999
5 1.313138824 2 203 2173140 34667
5 1.314333528 0 0 2237342 768
5 1.315530491 1 207 2207407 33555
5 1.316733392 0 1 2207659 1001
5 1.317926669 0 0 2235058 807
5 1.319121667 4 210 2173143 34612
5 1.320219424 0 1 2036638 1106
5 1.321446092 0 0 2297433 779
5 1.322641828 1 201 2171919 34773
5 1.32384844 0 1 2257425 954
5 1.325042385 0 0 2226434 740
5 1.326241652 1 195 2177399 34783
5 1.327438111 0 0 2241014 780
5 1.328644204 1 206 2171011 34960
5 1.329839191 0 0 2238281 756
5 1.331037084 0 0 2243576 769
5 1.332134452 2 202 1959220 33882
5 1.333331671 0 0 2242508 767
5 1.334532226 0 0 2248556 761
5 1.335733089 1 207 2178334 34635
5 1.336935348 0 1 2234959 980
5 1.338128529 0 0 2234868 741
5 1.339326741 1 211 2174097 32948
5 1.340526644 0 1 2231464 1022
5 1.341733101 1 194 2188277 34656
5 1.342935051 0 0 2251135 795
5 1.34403252 0 1 2037079 1017
5 1.345236239 1 208 2183956 34633
5 1.346433201 0 0 2241532 768
5 1.347634376 0 0 2249622 712
5 1.348835175 1 204 2168979 34924
5 1.35003165 0 0 2240795 752
5 1.351227837 1 208 2214919 34915
5 1.352360275 0 1 2052383 1025
5 1.3535596 0 0 2246456 750
5 1.3547515 1 211 2158146 33095
5 1.355981515 0 1 2289577 972
5 1.357184634 0 0 2242398 789
5 1.358377673 2 206 2160933 34502
5 1.359570284 0 0 2233402 743
5 1.360772137 0 1 2243782 1010
5 1.361966562 1 206 2161165 33491
5 1.363166192 0 0 2247076 742
5 1.364300802 1 205 2061446 34900
5 1.365499082 0 0 2214270 726
5 1.366699425 0 0 2248096 757
5 1.367904158 1 205 2169857 35193
5 1.369102275 0 0 2234971 806
5 1.370299155 0 0 2241712 751
5 1.3714918 1 205 2156195 34680
5 1.37269005 0 1 2226512 1065
5 1.373889928 0 0 2247232 759
5 1.375083839 1 204 2158808 33278
5 1.376181394 0 1 2038903 1028
5 1.377379385 1 205 2175996 32051
5 1.378585659 0 0 2253756 761
5 1.37978553 0 0 2247428 784
5 1.380981787 1 206 2152744 33444
5 1.382178346 0 0 2241224 788
5 1.383373155 0 0 2237552 797
5 1.384575393 1 200 2160520 35214
5 1.385771071 0 0 2239669 814
5 1.386968741 1 206 2227950 30348
5 1.388067254 0 5 1984298 4630
5 1.389267185 0 0 2247486 796
5 1.390476516 1 213 2191428 34531
5 1.391676858 0 0 2248171 724
5 1.392879245 0 1 2245052 1024
5 1.39407473 1 198 2167213 34418
5 1.395274583 0 0 2247473 797
5 1.396407373 0 1 2102460 982
5 1.397611618 1 204 2182946 34598
5 1.398819272 0 0 2261858 714
5 1.399953202 0 1 2110213 980
5 1.401146146 1 206 2160796 33340
5 1.402339963 0 0 2235841 769
5 1.403540308 1 203 2171380 34831
5 1.404739999 0 1 2230746 1023
5 1.405933334 0 0 2234937 752
5 1.407129276 1 198 2160962 34554
5 1.408226696 0 1 2037967 960
5 1.409447709 0 0 2280030 895
5 1.410651997 1 209 2181921 34619
5 1.411848078 0 1 2238102 963
5 1.413043735 1 201 2184246 34673
5 1.414234532 0 0 2198252 752
5 1.415432168 0 0 2243363 780
5 1.416633996 1 217 2168162 34974
5 1.417838111 0 0 2248143 741
5 1.41903346 0 0 2238778 780
5 1.420130731 1 204 1964912 32410
5 1.421330591 0 0 2247052 732
5 1.422526094 0 0 2239404 796
5 1.423722667 4 203 2170112 34570
5 1.424928297 0 1 2240744 994
5 1.426125158 1 208 2174035 34499
5 1.427325542 0 0 2244770 790
5 1.42852262 0 1 2223848 985
5 1.429726632 1 209 2183082 34571
5 1.430931813 0 0 2257187 788
5 1.432034546 0 1 2048568 1066
5 1.433232587 1 206 2172065 33157
5 1.434431887 0 0 2246180 712
5 1.435630044 0 0 2243793 808
5 1.436826596 1 212 2140916 33592
5 1.43802089 0 0 2236963 802
5 1.439227759 1 207 2186925 34510
5 1.440361456 0 1 2108381 1080
5 1.441560762 0 0 2243364 761
5 1.442760251 1 211 2176376 34454
5 1.443952234 0 1 2219961 1012
5 1.445149361 0 0 2236104 752
5 1.446347797 1 203 2170055 33456
5 1.447544748 0 0 2241778 724
5 1.448746305 1 211 2216145 34775
5 1.449950518 0 0 2208335 734
5 1.451146635 0 0 2240150 798
5 1.452247358 1 211 1972201 34989
5 1.45347984 0 0 2299599 769
5 1.45468595 0 0 2258835 767
5 1.455892203 1 208 2175966 35193
5 1.457094209 0 0 2241468 799
5 1.458286064 0 0 2232438 743
5 1.459484947 1 200 2171018 34525
5 1.460689581 0 1 2238748 993
5 1.461893872 1 196 2187495 34560
5 1.463093396 0 0 2246556 796
5 1.464190956 0 1 2040165 1037
5 1.465386322 1 207 2171355 34612
5 1.466585263 0 0 2245258 737
5 1.46778747 0 0 2251671 771
5 1.468988291 1 198 2164566 35015
5 1.470183331 0 0 2238072 777
5 1.471379196 0 0 2239709 786
5 1.47258 1 203 2160173 33694
5 1.473786335 0 0 2259609 813
5 1.474983103 1 202 2168829 34453
5 1.47608092 0 1 2037411 1083
5 1.477277199 0 0 2240746 779
5 1.478471546 1 198 2165521 33183
5 1.47967475 0 0 2253399 770
5 1.480877719 0 1 2244450 1020
5 1.482069521 1 211 2159552 33278
5 1.483265271 0 0 2239578 743
5 1.484467535 1 205 2215314 35200
5 1.485667709 0 0 2192814 779
5 1.486868946 0 0 2249694 702
5 1.487959641 1 207 1949432 35227
5 1.489157116 0 0 2239150 766
5 1.490355219 0 0 2244172 735
5 1.491555339 1 198 2168893 34643
5 1.492756361 0 1 2233431 987
5 1.493952475 0 0 2240460 739
5 1.495149051 1 199 2166109 34550
5 1.496283639 0 1 2108649 1013
5 1.497481362 1 205 2221125 33097
5 1.498681592 0 0 2190010 799
5 1.499890393 0 1 2257308 963
5 1.501094355 1 201 2167280 33457
5 1.502299054 0 0 2256124 722
5 1.503493932 0 0 2238191 760
5 1.504694517 1 200 2161758 33745
5 1.505900173 0 0 2258384 793
5 1.507092338 0 0 2232618 734
5 1.508189505 1 204 1955613 35138
5 1.509384072 0 0 2230634 777
5 1.510580902 4 208 2190803 33205
5 1.511778335 0 0 2211836 781
5 1.512974096 0 1 2231945 1016
5 1.514175894 1 199 2172282 34639
5 1.515373211 0 0 2242691 775
5 1.516579245 0 1 2240651 948
5 1.517786853 1 192 2181774 34579
5 1.518984169 0 0 2242236 753
5 1.520081238 0 1 2038429 960
5 1.52127667 1 209 2158862 34936
5 1.522472718 0 0 2239994 742
5 1.523684193 1 204 2191832 34956
5 1.524881149 0 1 2225402 1018
5 1.526076674 0 0 2239387 788
5 1.527278467 1 203 2179702 34508
5 1.528472301 0 1 2220415 1000
5 1.529672933 0 0 2248710 776
5 1.530867261 1 204 2169479 33054
5 1.531969036 0 1 2050841 1015
5 1.533164461 0 0 2234133 731
5 1.534365048 1 200 2184566 33149
5 1.535565682 0 0 2248648 788
5 1.536761917 1 204 2167930 35088
5 1.537961015 0 0 2245662 798
5 1.539160411 0 0 2246402 740
5 1.540293183 1 200 2028582 35179
5 1.541498358 0 0 2257508 758
5 1.542697513 0 0 2245928 731
5 1.543899652 1 206 2183949 34837
5 1.545096711 0 0 2233571 770
5 1.546291263 1 208 2195133 34585
5 1.547493592 0 0 2235851 767
5 1.548696775 0 1 2236105 978
5 1.549892099 1 208 2184601 34677
5 1.551087467 0 0 2238686 780
5 1.552184737 0 1 2038555 995
5 1.553379487 1 204 2188491 34657
5 1.554583255 0 0 2254492 754
5 1.55577642 0 0 2234734 759
5 1.556978167 1 199 2185372 34912
5 1.558174371 0 0 2240409 788
5 1.559368626 2 208 2188692 34857
5 1.560566495 0 1 2228649 976
5 1.561767784 0 0 2250006 795
5 1.562962095 1 211 2188449 34578
5 1.564059783 0 1 2038121 992
5 1.565253631 0 0 2235934 806
5 1.566447367 1 209 2190700 33140
5 1.567645123 0 0 2243248 695
5 1.568849667 0 1 2249161 1010
5 1.570049696 1 206 2202866 31686
5 1.571250502 0 0 2249144 731
5 1.572382481 1 204 2060971 34920
5 1.573583833 0 0 2250092 738
5 1.574778566 0 0 2237720 775
5 1.57595372 1 210 2142526 33842
5 1.577159733 0 0 2255388 806
5 1.57835691 0 0 2242192 732
5 1.579562978 3 205 2212165 34468
5 1.580761386 0 1 2227887 980
5 1.581960257 1 207 2197794 34528
5 1.5831527 0 0 2233673 724
5 1.584285826 0 1 2104829 1043
5 1.585481448 1 203 2193136 34936
5 1.586680809 0 0 2246356 778
5 1.587891942 0 1 2262868 948
5 1.589089922 3 201 2192322 34430
5 1.590286521 0 0 2241028 770
5 1.591480389 0 0 2236304 769
5 1.592681484 1 206 2194904 35200
5 1.593880865 0 0 2246266 757
5 1.595086064 1 218 2215974 33257
5 1.596183885 0 1 2037578 1039
5 1.597377066 0 0 2234927 769
5 1.598578292 1 208 2207861 34649
5 1.599780546 0 0 2251648 791
5 1.600981443 0 1 2240714 949
5 1.602174686 1 217 2193233 34542
5 1.603371687 0 0 2241856 721
5 1.60458049 1 209 2201238 33397
5 1.605780676 0 0 2247928 750
5 1.606977041 0 0 2240702 778
5 1.608074765 1 207 1969927 35136
5 1.609273323 0 0 2237463 2128
5 1.61046741 0 0 2230372 777
5 1.611671117 5 209 2157275 34668
5 1.612866781 0 1 2222834 970
5 1.614060233 0 0 2235476 753
5 1.6152526 1 205 2145257 34723
5 1.616383901 0 1 2102791 1087
5 1.617584019 2 206 2189008 34733
5 1.618781696 0 0 2220935 714
5 1.619959075 0 1 2192575 1000
5 1.621157022 1 202 2167382 33109
5 1.622355071 0 0 2243533 769
5 1.623559951 0 0 2256907 731
5 1.624754921 1 200 2158079 34987
5 1.625958816 0 0 2254819 768
5 1.627154213 0 0 2239041 762
5 1.628288398 1 196 2033619 35085
5 1.629484891 0 0 2241382 737
5 1.630686345 1 205 2175780 34478
5 1.631893072 0 1 2253044 928
5 1.63309466 0 0 2241495 759
5 1.634286969 1 200 2167876 34716
5 1.6354808 0 0 2235776 818
5 1.636685303 0 1 2238755 1144
5 1.637881764 1 206 2178917 33039
5 1.639077944 0 0 2240430 743
5 1.640175548 0 1 2021213 1045
5 1.641383899 1 202 2202819 34666
5 1.642588113 0 0 2255146 721
5 1.643786356 244 185 2182952 35790
5 1.644980952 0 1 2220234 1375
5 1.646174697 0 0 2235890 749
5 1.647371617 1 209 2183222 34620
5 1.648651203 0 1 2391493 1364
5 1.649874857 0 0 2250072 753
5 1.651099308 298 197 2226973 35622
5 1.652196805 0 1 2032867 1431
5 1.653393608 4 199 2193877 33219
5 1.654592595 0 0 2245765 740
5 1.655796451 0 0 2254590 754
5 1.656995813 1 208 2177698 35615
5 1.658198361 0 0 2252035 790
5 1.659397306 0 0 2245702 740
5 1.660589563 1 205 2160351 34176
5 1.661787698 0 0 2234162 825
5 1.66298068 12 201 2195181 34531
5 1.664078713 0 1 2030701 983
5 1.665283225 0 0 2255749 739
5 1.666478821 3 194 2193633 33492
5 1.667679951 0 0 2249890 779
5 1.668890934 0 1 2249941 1269
5 1.670089938 2 207 2199523 34585
5 1.671288313 0 0 2244250 756
5 1.672421889 0 1 2099507 992
5 1.673624805 3 204 2206667 34520
5 1.674823723 0 0 2245219 724
5 1.67600053 1 204 2140452 35038
5 1.677199718 0 0 2240076 743
5 1.678393155 0 0 2229610 853
5 1.679596485 1 202 2207028 34965
5 1.680796973 0 1 2226984 1331
5 1.681992889 0 0 2239847 791
5 1.683187501 4 203 2194030 34604
5 1.684319961 0 1 2066518 992
5 1.685518928 0 0 2238391 778
5 1.686715077 6 207 2133494 34765
5 1.687938033 0 1 2278680 973
5 1.689141525 1 201 2151556 35231
5 1.690342638 0 0 2249508 783
5 1.691535295 0 0 2233658 750
5 1.692742091 1 208 2157006 35946
5 1.693938667 0 0 2241092 749
5 1.695133837 0 0 2238060 824
5 1.696234849 1 205 1960365 35076
5 1.697460947 0 0 2296700 730
5 1.69866284 1 205 2227350 33012
5 1.699866722 0 1 2203275 1048
5 1.701073641 0 0 2249198 1101
5 1.702268427 4 206 2170841 34510
5 1.703463301 0 0 2237708 758
5 1.704660468 0 1 2228616 1094
5 1.705861615 1 200 2186805 34669
5 1.707060173 0 0 2244624 781
5 1.708157547 0 1 2034557 1067
5 1.709354285 1 197 2184436 34597
5 1.710549355 0 0 2231222 870
5 1.711755981 23 203 2203696 34888
5 1.712961838 0 1 2248631 941
5 1.714158511 0 0 2241482 751
5 1.715353893 1 208 2184364 33035
5 1.716552922 0 1 2228217 1078
5 1.717756793 0 0 2254528 730
5 1.718952659 10 213 2187580 34604
5 1.720052835 0 1 2039862 926
5 1.721251615 0 0 2245393 795
5 1.722451668 1 208 2203096 33660
5 1.723655584 0 0 2254656 745
5 1.724851952 4 202 2184554 33396
5 1.726051315 0 0 2246286 787
5 1.727246549 0 0 2238574 770
5 1.728381913 1 200 2051334 35083
5 1.729577477 0 0 2239600 752
5 1.730780273 0 0 2252774 769
5 1.731950057 1 202 2130066 34999
5 1.733151539 0 0 2247824 889
5 1.734345191 2 211 2200684 34591
5 1.735549152 0 0 2239372 776
5 1.736749826 0 1 2239761 941
5 1.737946436 1 203 2193672 34659
5 1.739143981 0 0 2242834 731
5 1.740241194 0 1 2062301 972
5 1.74146758 1 206 2222866 34652
5 1.742664746 0 0 2242524 742
5 1.743895902 0 1 2299975 993
5 1.745096877 1 200 2190050 34710
5 1.746299174 0 0 2252007 761
5 1.747495226 1 209 2196769 34790
5 1.748695359 0 1 2237036 975
5 1.749892291 0 0 2241556 731
5 1.751082913 2 214 2187265 34521
5 1.752180442 0 1 2033104 1000
5 1.75337857 0 0 2243928 814
5 1.754578503 1 214 2203894 34704
5 1.755780953 0 0 2251944 740
5 1.75697995 1 203 2205819 34720
5 1.758178227 0 0 2232844 749
5 1.759372949 0 0 2237659 818
5 1.760577353 1 202 2194347 35163
5 1.761780994 0 0 2254109 749
5 1.762979452 0 0 2244512 761
5 1.764076671 1 203 1991893 35298
5 1.765270155 0 0 2235530 833
5 1.766465429 0 0 2238644 748
5 1.767671957 1 209 2212566 34544
5 1.768872588 0 1 2240748 1014
5 1.770069484 1 208 2196417 34609
5 1.771266603 0 0 2242034 734
5 1.772460515 0 1 2220079 1078
5 1.773674454 72 201 2215206 34999
5 1.774874244 0 0 2246917 742
5 1.775968064 0 1 2034184 1026
5 1.77716951 6 208 2195734 34736
5 1.77836557 0 0 2240300 758
5 1.779567924 0 0 2251965 741
5 1.780770108 1 209 2208297 33819
5 1.782021588 0 0 2327510 1187
5 1.783208551 54 203 2180812 33218
5 1.78434199 0 1 2103669 1335
5 1.785541369 0 0 2246756 788
5 1.786739806 4 208 2202654 34635
5 1.787935311 0 1 2230150 1012
5 1.789130874 0 0 2232064 752
5 1.790326344 1 209 2196148 32285
5 1.79152152 0 0 2238756 815
5 1.792723798 1 216 2201162 34961
5 1.793918351 0 0 2232100 788
5 1.795117994 0 0 2232842 749
5 1.796215814 6 208 1986227 34027
5 1.797411963 0 0 2240520 750
5 1.798611931 0 0 2247390 759
5 1.799812406 1 213 2200911 34555
5 1.801014005 0 1 2238515 1318
5 1.802215955 0 0 2251221 752
5 1.803419086 1 208 2204120 34470
5 1.804615427 0 1 2219731 1017
5 1.805824556 1 201 2213012 32966
5 1.807019977 0 0 2238964 786
5 1.808116489 0 1 2032389 1026
5 1.809309088 1 208 2176021 34557
5 1.810511106 0 0 2244743 751
5 1.811712943 0 0 2243977 730
5 1.812910986 4 201 2160921 34802
5 1.81410949 0 0 2244712 803
5 1.815304042 1 207 2187191 34800
5 1.81649861 0 1 2213671 1729
5 1.817705766 0 0 2254744 767
5 1.81890724 1 210 2200438 34722
5 1.820005673 0 1 2038641 1017
5 1.821204478 0 0 2243360 841
5 1.822402347 1 201 2193152 34443
5 1.823603058 0 0 2248620 780
5 1.824811274 0 1 2240963 1732
5 1.826013041 1 211 2202821 34627
5 1.827208628 0 0 2239142 750
5 1.828341744 1 210 2051425 34955
5 1.829543139 0 0 2250204 796
5 1.830750428 0 0 2261238 799
5 1.831963614 1 206 2205152 34991
5 1.833168083 0 0 2249543 751
5 1.83436504 0 0 2241824 718
5 1.835563105 1 209 2191301 34623
5 1.836761067 0 1 2235481 997
5 1.837953452 1 207 2192691 33107
5 1.83915133 0 0 2234433 750
5 1.840285118 0 1 2107100 1022
5 1.841485597 1 197 2197438 34597
5 1.842685778 0 0 2248012 732
5 1.843905952 0 1 2278161 949
5 1.845114937 1 203 2201511 35425
5 1.846311392 0 0 2240850 761
5 1.847509742 0 0 2244429 721
5 1.848712242 1 202 2188765 33747
5 1.849906997 0 0 2237510 741
5 1.851100269 1 201 2180459 34716
5 1.852198079 0 1 2034678 1023
5 1.853394933 0 0 2241647 753
5 1.854592579 1 204 2188868 33149
5 1.855795134 0 0 2252096 768
5 1.857001765 0 1 2252737 976
5 1.858196817 2 207 2183347 34684
5 1.859394324 0 0 2242944 734
5 1.860590076 1 208 2195692 34897
5 1.861785277 0 0 2213798 827
5 1.862981098 0 0 2239337 788
5 1.864078836 1 205 1983772 35082
5 1.865276463 0 0 2243235 807
5 1.866472878 0 0 2240675 790
5 1.867673534 2 202 2192500 34681
5 1.868882154 0 1 2254817 922
5 1.870076858 0 0 2237586 766
5 1.871268338 1 206 2177921 34612
5 1.872401409 0 1 2106535 1069
5 1.873604113 1 208 2203436 34718
5 1.874800766 0 0 2236154 757
5 1.875969787 0 1 2175379 1032
5 1.877180982 2 209 2206478 33223
5 1.87837487 0 0 2236002 713
5 1.879573972 0 0 2245690 772
5 1.880775043 1 206 2178999 34895
5 1.881970403 0 0 2238701 725
5 1.88316771 0 0 2242362 749
5 1.884298496 1 194 2028791 35182
5 1.885500501 0 0 2251746 787
5 1.886701519 1 200 2174104 34502
5 1.887902876 0 1 2242171 972
5 1.889101009 0 0 2235983 798
5 1.890294098 1 206 2166949 34507
5 1.891493509 0 0 2246448 766
5 1.892692911 0 1 2233225 1002
5 1.89388839 1 214 2169564 34688
5 1.895082053 0 0 2235936 721
5 1.896179483 0 1 2038137 1072
5 1.897373912 2 204 2167561 34625
5 1.898579658 0 0 2258237 758
5 1.899782444 1 214 2178328 34994
5 1.900974267 0 1 2224325 1028
5 1.902170431 0 0 2240276 785
5 1.90336812 1 206 2167265 34494
5 1.904573617 0 2 2231987 1084
5 1.90577857 0 0 2256431 767
5 1.906974095 2 207 2165313 34672
5 1.908075423 0 1 2041122 1026
5 1.909268295 1 205 2201900 34937
5 1.910466897 0 0 2189324 915
5 1.911667327 0 0 2248221 742
5 1.91286329 1 204 2156127 33815
5 1.914054834 0 0 2231546 755
5 1.91524651 0 0 2231770 769
5 1.916378231 1 204 2020060 35137
5 1.917577159 0 0 2245940 758
5 1.918786576 0 0 2264849 777
5 1.919951761 1 207 2097840 35044
5 1.921147658 0 0 2236772 733
5 1.922341561 1 216 2182298 34582
5 1.923540359 0 0 2230570 735
5 1.924737819 0 1 2233587 1025
5 1.925932933 1 205 2170603 34668
5 1.927128858 0 0 2239971 779
5 1.928226162 0 1 2038167 986
5 1.929449738 1 205 2226630 34761
5 1.930653614 0 0 2255062 768
5 1.931852449 0 1 2242581 974
5 1.933057652 1 204 2182170 34993
5 1.934254908 0 0 2242414 770
5 1.935459652 1 207 2188210 34983
5 1.93666101 0 1 2231147 1004
5 1.937863409 0 0 2251868 742
5 1.939060287 2 204 2177029 33254
5 1.940161268 0 1 2047710 1250
5 1.941360368 0 0 2245957 740
5 1.942556374 3 204 2178464 34768
5 1.943755229 0 0 2245488 732
5 1.944948279 1 197 2207367 34877
5 1.946141635 0 0 2198423 782
5 1.947336351 0 0 2237368 712
5 1.948529979 1 218 2168306 35388
5 1.94973424 0 0 2255534 742
5 1.950930154 0 0 2240010 733
5 1.952027847 1 206 1984546 35103
5 1.953224315 0 0 2241342 1033
5 1.954423534 0 0 2245714 758
5 1.955620969 11 206 2192942 34501
5 1.956819204 0 1 2220275 1635
5 1.958018333 3 210 2197677 34659
5 1.959214494 0 0 2240493 795
5 1.960348653 0 1 2120855 944
5 1.961561059 1 199 2209477 33209
5 1.96276463 0 0 2254498 750
5 1.963974275 0 1 2250475 1004
5 1.965172008 5 204 2196792 33855
5 1.966369764 0 0 2243329 731
5 1.967568439 0 0 2244965 742
5 1.968770841 1 210 2187965 35430
5 1.969968466 0 0 2243205 761
5 1.971172205 3 198 2214666 34567
5 1.972310112 0 1 2124042 976
5 1.973511592 0 0 2239028 800
5 1.974712924 1 212 2209852 33081
5 1.975917765 0 1 2248246 1018
5 1.977114355 0 0 2230847 788
5 1.978311785 2 207 2203203 34609
5 1.979507376 0 0 2239306 779
5 1.980722976 2 202 2214388 34835
5 1.981921418 0 0 2244380 760
5 1.983118417 0 0 2241733 769
5 1.984215919 1 208 1993390 35237
5 1.985413765 0 0 2243440 805
5 1.986618066 0 0 2255687 777
5 1.987818635 1 199 2203742 33288
5 1.9890196 0 1 2240973 957
5 1.990214387 0 0 2237660 757
5 1.991408025 1 211 2193004 34676
5 1.992609749 0 1 2233137 1028
5 1.993813628 1 210 2214463 34728
5 1.995015822 0 0 2251364 752
5 1.996113148 0 1 2037447 1030
5 1.997310459 1 207 2202280 34600
5 1.99850507 0 0 2237517 760
5 1.999707793 0 0 2252397 801
5 2.00090167 1 205 2172574 34853
5 2.002098191 0 0 2240829 741
5 2.003293584 1 191 2197153 33581
5 2.004502904 0 1 2248192 1011
5 2.005705835 0 0 2252893 748
5 2.006903037 1 204 2201515 34625
5 2.008000389 0 1 2036378 1003
5 2.009210177 0 0 2265768 758
5 2.010405983 2 208 2192466 31932
5 2.011608708 0 0 2252376 723
5 2.012807726 0 1 2238621 1045
5 2.014004321 1 209 2137977 33605
5 2.015197515 0 0 2234727 740
5 2.016331962 1 212 2029770 34976
5 2.017534228 0 0 2238860 742
5 2.018739043 0 0 2256810 705
5 2.01995002 1 205 2167859 35045
5 2.021155843 0 0 2255466 777
5 2.022346599 0 0 2230094 776
5 2.023551442 1 212 2175637 34439
5 2.024750964 0 1 2230847 970
5 2.025947171 1 206 2210951 34615
5 2.027151217 0 0 2213406 732
5 2.028284323 0 1 2105077 1027
5 2.029482632 1 207 2176436 34641
5 2.030687689 0 0 2256954 775
5 2.03189198 0 1 2240469 1022
5 2.033092626 1 204 2179552 32854
5 2.034289019 0 0 2240576 748
5 2.035495368 0 0 2259468 759
5 2.036694891 1 209 2177386 35276
5 2.037897289 0 0 2251820 774
5 2.039100718 2 205 2195977 34700
5 2.040198774 0 1 2037329 1041
5 2.041391313 0 0 2233587 786
5 2.042591779 1 209 2195761 33208
5 2.04379651 0 0 2256234 782
5 2.045001517 0 1 2249107 1069
5 2.046200462 1 197 2197252 34695
5 2.047393328 0 0 2234301 775
5 2.048594187 0 1 2231390 996
5 2.049787776 1 195 2183650 34665
5 2.050984941 0 0 2242227 760
5 2.052082474 1 198 1987710 34916
5 2.053277577 0 0 2239145 789
5 2.054472764 0 0 2238437 786
5 2.055673629 1 202 2202534 34960
5 2.056874537 0 1 2231002 1010
5 2.058067965 0 0 2235017 722
5 2.059263551 9 202 2193925 34641
5 2.060465659 0 1 2235034 1035
5 2.061671508 1 209 2210670 34747
5 2.06286162 0 0 2228741 749
5 2.063980733 0 1 2068977 1166
5 2.06518048 3 208 2198313 35440
5 2.066375723 0 0 2238604 808
5 2.067580484 0 0 2256486 735
5 2.068770247 1 212 2174548 33422
5 2.069971631 0 0 2250137 722
5 2.071168587 0 0 2241778 778
5 2.072299647 1 207 2058808 34984
5 2.073500018 0 0 2248320 816
5 2.074699096 1 199 2204890 34502
5 2.075904754 0 1 2249765 1016
5 2.077103392 0 0 2236415 780
5 2.078300582 1 196 2202212 34636
5 2.079495771 0 0 2238378 703
5 2.080701141 0 1 2239794 984
5 2.081893154 1 207 2192730 31790
5 2.083091683 0 0 2244914 754
5 2.084189403 0 1 2038967 968
5 2.085382332 1 198 2132975 34613
5 2.086584732 0 0 2251872 771
5 2.087783166 1 205 2148299 34923
5 2.08899008 0 1 2242665 952
5 2.090186031 0 0 2239990 765
5 2.09138177 1 208 2151260 34618
5 2.092581722 0 1 2231825 988
5 2.093780849 0 0 2245919 758
5 2.094976453 1 207 2163804 34676
5 2.09607387 0 1 2036926 1034
5 2.097272249 1 210 2214528 34509
5 2.098474742 0 0 2215609 771
5 2.099678623 0 0 2254656 785
5 2.100876311 1 208 2167733 35007
5 2.102072949 0 0 2241094 694
5 2.103266051 0 0 2234527 755
5 2.104398885 1 198 2022973 33719
5 2.105596769 0 0 2243936 825
5 2.10681158 0 0 2275158 780
5 2.107951491 1 214 2061548 33376
5 2.109149987 0 0 2241515 788
5 2.110346215 3 211 2176909 32991
5 2.111543261 0 0 2231238 893
5 2.112743323 0 1 2231079 1018
5 2.113940464 1 203 2184227 33028
5 2.115140328 0 0 2247129 874
5 2.116268293 0 1 2099886 930
5 2.117468904 1 207 2187830 34741
5 2.118664146 0 0 2238328 749
5 2.119865223 0 1 2247133 1048
5 2.121059875 3 204 2166064 34648
5 2.12225814 0 0 2244052 713
5 2.123458537 1 203 2191373 35033
5 2.124662869 0 1 2244392 1012
5 2.125861401 0 0 2244693 779
5 2.127055058 1 202 2177006 34604
5 2.128152947 0 1 2038741 1036
5 2.129354187 0 0 2249822 795
5 2.130552609 1 202 2183722 31842
5 2.131755112 0 0 2252172 750
5 2.132950918 1 207 2202579 34890
5 2.134146453 0 0 2215072 788
5 2.135343679 0 0 2242321 740
5 2.136535336 1 209 2162869 33591
5 2.137737209 0 0 2251037 788
5 2.138931226 0 0 2236329 733
5 2.140028505 1 205 1987666 35245
5 2.141228904 0 0 2248541 807
5 2.142425102 0 0 2240585 814
5 2.14362527 1 207 2199193 33335
5 2.144821744 0 1 2224625 992
5 2.146015346 1 215 2185330 34611
5 2.147211269 0 0 2239966 808
5 2.148342281 0 1 2101499 1009
5 2.149540609 1 202 2200791 34582
5 2.15074058 0 0 2247300 749
5 2.151948632 0 1 2250254 1041
5 2.153145957 1 202 2193085 34921
5 2.154343058 0 0 2242219 769
5 2.155541737 0 0 2244932 758
5 2.156755297 1 208 2217687 35161
5 2.157953909 0 0 2244910 750
5 2.159146967 1 202 2185098 34636
5 2.16024453 0 1 2069207 1075
5 2.161469953 0 0 2259142 740
5 2.16267621 1 203 2209239 34455
5 2.16389467 0 1 2275783 983
5 2.16509168 0 0 2231274 772
5 2.166287942 1 213 2197067 34506
5 2.16748187 0 0 2236301 767
5 2.168683368 1 205 2176999 34935
5 2.169880137 0 0 2241568 780
5 2.171080277 0 0 2247732 759
5 2.172177495 1 205 1990320 33645
5 2.173375808 0 0 2244596 788
5 2.174572274 0 0 2240806 785
5 2.175770707 3 202 2199289 32942
5 2.176965427 0 1 2220875 965
5 2.178160355 0 0 2238281 732
5 2.179353565 1 205 2187960 34540
5 2.180565173 0 1 2252483 1058
5 2.181758952 1 208 2186633 34678
5 2.182960118 0 0 2249801 735
5 2.184061185 0 1 2044680 1014
5 2.185255372 1 210 2193127 32941
5 2.186451552 0 0 2240372 781
5 2.187656338 0 0 2256270 739
5 2.188863129 1 211 2205970 34852
5 2.190062181 0 0 2245790 778
5 2.191259525 1 197 2196894 34907
5 2.192456884 0 1 2225497 1003
5 2.193660335 0 0 2253982 756
5 2.19486064 1 212 2199896 34640
5 2.195954814 0 1 2035717 946
5 2.19715496 0 0 2244868 786
5 2.198351945 1 203 2191874 34653
5 2.19955606 0 0 2255145 779
5 2.200759318 0 1 2233927 956
5 2.20196296 1 201 2203664 34551
5 2.203165271 0 0 2251923 758
5 2.204297406 1 203 2052497 35002
5 2.205499623 0 0 2252096 769
5 2.206697374 0 0 2243322 787
5 2.207902048 1 197 2195717 35188
5 2.209099386 0 0 2231723 828
5 2.210299775 0 0 2248070 759
5 2.211494338 1 203 2179072 34804
5 2.212695693 0 1 2239103 981
5 2.213893137 1 214 2204862 34743
5 2.215088982 0 0 2224785 774
5 2.216189711 0 1 2043775 1060
5 2.217383404 1 202 2184176 34614
5 2.218596261 0 0 2271631 743
5 2.219796622 0 0 2248216 779
5 2.220999822 1 201 2191045 34912
5 2.222195951 0 0 2240150 787
5 2.223392047 0 0 2240194 779
5 2.22459429 1 203 2175613 35174
5 2.225794712 0 0 2248057 777
5 2.226992425 1 194 2185392 34392
5 2.228089966 0 1 2038647 995
5 2.229291377 0 0 2250294 768
5 2.230494603 1 201 2195618 34722
5 2.231693909 0 0 2246270 806
5 2.232901758 0 1 2245197 1021
5 2.234098433 1 201 2185883 34534
5 2.235303987 0 0 2257778 725
5 2.23650323 0 1 2229658 964
5 2.237699552 1 209 2186408 34547
5 2.238893664 0 0 2236308 750
5 2.239991075 1 199 1972261 35176
5 2.241192949 0 0 2248834 770
5 2.242389033 0 0 2240062 762
5 2.243591626 1 207 2197392 34599
5 2.244791986 0 1 2240953 1008
5 2.245987357 0 0 2239073 803
5 2.247186823 1 207 2191749 33259
5 2.248320335 0 1 2103483 1040
5 2.249516538 1 198 2209244 34596
5 2.250714851 0 0 2221072 743
5 2.251914495 0 1 2237502 1029
5 2.253114786 1 213 2193162 33166
5 2.254314043 0 0 2246146 714
5 2.25551043 0 0 2240488 724
5 2.2567122 1 203 2180996 33606
5 2.257917614 0 0 2257549 789
5 2.259116286 0 0 2245277 723
5 2.260213913 1 204 1992799 33707
5 2.261438517 0 0 2293735 741
5 2.262636605 1 207 2200727 34412
5 2.263836671 0 1 2250015 966
5 2.265032596 0 0 2220138 787
5 2.266226253 1 208 2194759 34620
5 2.267420585 0 0 2236838 791
5 2.268630911 0 1 2255855 1076
5 2.269826841 1 203 2200346 33245
5 2.271020145 0 0 2234939 767
5 2.272117564 0 1 2035999 994
5 2.27331196 1 207 2133732 33235
5 2.274511753 0 0 2247208 713
5 2.27571082 1 215 2142253 34887
5 2.276909263 0 1 2237575 971
5 2.278105917 0 0 2240964 751
5 2.2793071 1 206 2160100 33129
5 2.28050631 0 1 2228037 982
5 2.281709507 0 0 2253495 778
5 2.28290545 1 220 2158996 34863
5 2.284003126 0 1 2038541 1025
5 2.285196874 1 206 2207648 33244
5 2.286392823 0 0 2189950 722
5 2.287599114 0 0 2255234 745
5 2.288793853 1 204 2146521 34989
5 2.289992723 0 0 2245246 732
5 2.291186756 0 0 2236456 723
5 2.292318721 1 198 2031241 35078
5 2.293518554 0 0 2247565 786
5 2.294718338 0 0 2247053 798
5 2.295915024 1 200 2165785 34724
5 2.297115345 0 0 2238164 770
5 2.298315217 1 212 2183848 34749
5 2.299518585 0 0 2253871 721
5 2.30072305 0 1 2248655 1051
5 2.301917403 1 202 2174742 34503
5 2.303116234 0 0 2245490 758
5 2.304213755 0 1 2036061 1005
5 2.305413477 1 212 2186416 34385
5 2.306605926 0 0 2233398 732
5 2.307804962 0 0 2245550 825
5 2.30900497 1 205 2177019 34860
5 2.310212192 0 0 2261211 748
5 2.31141061 1 200 2170025 34897
5 2.312606065 0 1 2220664 1031
5 2.313811254 0 0 2257187 771
5 2.315012982 1 212 2182631 34587
5 2.316110563 0 1 2040246 1007
5 2.317309342 0 0 2245555 816
5 2.318513256 1 201 2185315 34682
5 2.319715678 0 0 2252160 798
5 2.320907533 1 210 2189349 34879
5 2.322106164 0 0 2201099 752
5 2.323303108 0 0 2241814 732
5 2.324501742 1 212 2163985 34770
5 2.325698061 0 0 2240715 761
5 2.326898516 0 0 2248258 761
5 2.327997228 1 210 1975617 35180
5 2.329195059 0 0 2243428 758
5 2.330390298 0 0 2238678 797
5 2.331593496 1 203 2189057 34693
5 2.332797569 0 1 2247837 1017
5 2.33399652 1 204 2183326 33281
5 2.335196139 0 0 2241333 762
5 2.336329122 0 1 2122643 1047
5 2.337535828 1 202 2170774 33205
5 2.33873476 0 0 2245614 753
5 2.339952126 0 1 2266631 1039
5 2.34114762 1 208 2167721 34677
5 2.342341823 0 0 2236612 754
5 2.343541337 0 0 2246562 758
5 2.344739835 1 195 2156520 35173
5 2.345932148 0 0 2233074 732
5 2.347128306 1 203 2171915 34545
5 2.34822611 0 1 2038468 1014
5 2.349444916 0 0 2283176 760
5 2.350643174 1 209 2175202 34746
5 2.351840484 0 1 2240687 932
5 2.353041106 0 0 2233040 787
5 2.354240242 1 203 2178658 34626
5 2.355438438 0 0 2244067 739
5 2.356634729 1 201 2197971 33411
5 2.357834086 0 0 2206620 741
5 2.359028645 0 0 2237457 738
5 2.360125849 2 202 1957458 34137
5 2.361323062 0 0 2242344 759
5 2.362525908 0 0 2253186 818
5 2.363729732 1 195 2183279 34938
5 2.364932112 0 1 2245079 1022
5 2.366126416 0 0 2236690 772
5 2.367325384 1 212 2173218 34528
5 2.368521711 0 1 2223993 990
5 2.369725203 1 210 2191328 34720
5 2.370919565 0 0 2224608 782
5 2.372016699 0 1 2037088 930
5 2.373213114 1 212 2168298 34661
5 2.374419005 0 0 2248747 733
5 2.375620175 0 0 2217927 1239
5 2.376823385 34 193 2165380 34926
5 2.378020208 0 0 2241474 755
5 2.379211109 0 0 2230431 743
5 2.380344629 1 193 2018145 35326
5 2.381567734 0 0 2291046 800
5 2.382772695 44 202 2179352 34759
5 2.383956315 0 1 2191036 1236
5 2.38515847 0 0 2246691 764
5 2.386351345 3 207 2171882 34741
5 2.387545802 0 0 2237186 797
5 2.388751207 0 1 2236701 999
5 2.389948127 6 208 2181626 34495
5 2.391145949 0 0 2243438 747
5 2.392243157 0 1 2037443 994
5 2.393478393 1 205 2252495 34753
5 2.394680352 0 0 2251393 789
5 2.395909806 6 203 2234468 35054
5 2.397112573 0 0 2240878 1455
5 2.398305389 0 0 2234058 758
5 2.399506183 1 205 2192036 33399
5 2.400707667 0 1 2228340 1720
5 2.401906574 0 0 2245280 779
5 2.403102246 1 204 2182583 34617
5 2.404200106 0 1 2035977 966
5 2.405396897 1 212 2205535 34864
5 2.406605515 0 0 2245764 713
5 2.407807256 0 0 2250588 815
5 2.409003654 1 212 2160709 36212
5 2.410205197 0 0 2244602 768
5 2.41139978 0 0 2218328 1327
5 2.412658659 5 205 2259259 33499
5 2.413867463 0 0 2264166 751
5 2.415063529 0 0 2240021 720
5 2.416161204 20 204 1976723 35885
5 2.417357097 0 0 2239812 755
5 2.418555138 8 203 2198148 34762
5 2.419754569 0 0 2246322 725
5 2.420949635 0 1 2220289 1135
5 2.42214624 1 197 2193597 34592
5 2.423340008 0 0 2235810 769
5 2.424534571 0 1 2201101 2006
5 2.425732954 1 205 2195453 33236
5 2.426940721 0 0 2262006 783
5 2.428042423 0 1 2041169 986
5 2.429240832 2 200 2173124 41399
5 2.430467768 0 0 2292984 735
5 2.43166781 6 199 2198057 33380
5 2.432872284 0 1 2228251 2543
5 2.434070842 0 0 2244826 739
5 2.435266676 1 204 2194408 34712
5 2.436471578 0 1 2235470 1781
5 2.437672879 0 0 2250117 826
5 2.438872695 1 201 2200666 31542
5 2.439972591 0 1 2032179 1147
5 2.441176212 1 201 2197482 35146
5 2.442373147 0 0 2242008 740
5 2.443578309 0 0 2257170 788
5 2.444778577 1 202 2182981 35510
5 2.445974766 0 0 2240422 776
5 2.447171913 0 0 2241952 734
5 2.448269432 1 208 1975705 35838
5 2.449497688 0 0 2300663 777
5 2.450698353 0 0 2248584 818
5 2.451904486 1 205 2204059 34779
5 2.453104632 0 0 2238440 758
5 2.454297583 1 206 2191191 33074
5 2.455497271 0 0 2246774 746
5 2.456704356 0 1 2239153 1585
5 2.4578995 1 207 2196489 34621
5 2.45909314 0 0 2235646 751
5 2.460193884 0 1 2044582 969
5 2.461398393 4 209 2152634 34750
5 2.462601602 0 0 2253694 749
5 2.46380134 1 201 2203327 34977
5 2.465000681 0 1 2173416 943
5 2.466201257 0 0 2248405 790
5 2.467398911 1 207 2158611 32963
5 2.468595572 0 1 2229937 1038
5 2.46979292 0 0 2242436 779
5 2.470985173 1 199 2156577 34730
5 2.472082769 0 1 2036531 1006
5 2.47327855 0 0 2239884 761
5 2.474481063 1 202 2181731 34436
5 2.47568004 0 0 2245695 759
5 2.476873804 1 206 2167497 35056
5 2.478076226 0 0 2248422 739
5 2.479272625 0 0 2240556 816
5 2.480473665 1 211 2169456 34962
5 2.481680144 0 0 2259493 739
5 2.482879703 0 0 2246653 798
5 2.483977203 1 209 1980253 33651
5 2.485171466 0 0 2237313 724
5 2.48636623 0 0 2237715 814
5 2.487561369 1 201 2182823 33250
5 2.488766123 0 1 2240493 1019
5 2.489966631 1 201 2197101 34517
5 2.491165758 0 0 2245560 741
5 2.492300187 0 1 2108167 998
5 2.493495057 1 194 2189867 34561
5 2.49469616 0 0 2249668 770
5 2.495898031 0 1 2244904 985
5 2.497095468 1 210 2180908 33262
5 2.498289003 0 0 2235554 735
5 2.499486034 1 199 2203021 34759
5 2.500690551 0 1 2231353 978
5 2.501887461 0 0 2241504 813
5 2.503083448 1 207 2181565 34644
5 2.504181188 0 1 2036813 954
5 2.505375676 0 0 2237416 755
5 2.506569861 1 210 2181528 33083
5 2.507774832 0 0 2256712 760
5 2.508970265 0 1 2231695 960
5 2.510165425 1 206 2184158 34429
5 2.51135867 0 0 2234962 722
5 2.512567676 2 209 2177708 34839
5 2.513766004 0 0 2244494 719
5 2.514959425 0 0 2235174 743
5 2.516056826 1 205 1980459 33631
5 2.517254591 0 0 2243584 738
5 2.518448129 0 0 2235336 788
5 2.519647789 1 207 2192062 34551
5 2.520845216 0 1 2224137 959
5 2.522038885 0 0 2236012 741
5 2.52323827 1 200 2194681 33086
5 2.524370325 0 1 2103543 1009
5 2.525569622 1 200 2196827 34772
5 2.526768676 0 0 2245822 742
5 2.527947798 0 1 2195923 1012
5 2.529151227 1 212 2198693 34588
5 2.530345671 0 0 2236932 769
5 2.531548079 0 0 2252037 765
5 2.532748301 1 195 2187089 35103
5 2.53395339 0 0 2256853 731
5 2.535146119 1 207 2186441 34470
5 2.536244038 0 1 2035497 942
5 2.537481531 0 0 2316275 772
5 2.538685809 1 202 2210382 34699
5 2.53989445 0 1 2256451 980
5 2.541090144 0 0 2230151 731
5 2.542285443 1 208 2191523 33179
5 2.543485596 0 0 2247854 806
5 2.544687526 0 1 2233770 1010
5 2.545887549 1 204 2203617 34375
5 2.547092464 0 0 2256592 776
5 2.548190054 1 217 1994116 34818
5 2.549383352 0 0 2235292 786
5 2.55058488 0 0 2250240 778
5 2.551780114 1 213 2195089 34838
5 2.55297302 0 1 2218534 1010
5 2.554168005 0 0 2238068 739
5 2.555367291 1 210 2200217 34553
5 2.556571282 0 1 2237849 981
5 2.557779216 1 207 2220694 34444
5 2.55897339 0 0 2234442 818
5 2.560070992 0 1 2037268 1007
5 2.561272599 1 198 2144281 34541
5 2.56247228 0 0 2246884 750
5 2.563673462 0 0 2249611 776
5 2.564867998 1 206 2138287 34848
5 2.566071538 0 0 2253922 739
5 2.567268302 0 0 2241328 760
5 2.568464768 1 201 2133383 35006
5 2.569672272 0 0 2261618 798
5 2.570876294 1 198 2187409 34796
5 2.571974472 0 1 2029113 1004
5 2.573168248 0 0 2235921 760
5 2.574365398 1 198 2170564 34502
5 2.575564828 0 0 2246534 733
5 2.576766204 0 1 2231777 957
5 2.577968703 3 201 2187921 34529
5 2.579165314 0 0 2241320 785
5 2.580297015 0 1 2102487 1050
5 2.581491134 1 199 2171315 34601
5 2.582690007 0 0 2245529 739
5 2.583903951 1 194 2200017 35317
5 2.585102321 0 0 2233109 846
5 2.586300259 0 0 2243677 777
5 2.587495847 1 209 2176904 34574
5 2.588695318 0 1 2235067 1036
5 2.589899966 0 0 2255930 770
5 2.591097844 1 209 2181340 34608
5 2.592195251 0 1 2036882 1022
5 2.593388331 0 0 2234440 804
5 2.594589256 1 203 2187300 34484
5 2.595781751 0 0 2233647 758
5 2.596988386 1 204 2191521 34769
5 2.598184987 0 0 2241244 778
5 2.599380475 0 0 2238854 762
5 2.600576214 1 204 2159718 34808
5 2.601778256 0 0 2251575 770
5 2.602979111 0 0 2248873 751
5 2.604076465 1 198 1978237 35134
5 2.605268653 0 0 2233186 834
5 2.606465926 1 202 2208933 32802
5 2.60767239 0 0 2236740 713
5 2.608865744 0 1 2218783 992
5 2.610057964 2 212 2178135 33329
5 2.611258927 0 0 2248974 767
5 2.612392937 0 1 2101921 1003
5 2.613589695 1 211 2191649 34455
5 2.614787039 0 0 2242638 765
5 2.615953132 0 1 2170768 1006
5 2.617150528 1 198 2188182 34623
5 2.618345848 0 0 2238592 754
5 2.619557708 1 203 2220279 34758
5 2.620765292 0 1 2254131 967
5 2.621961699 0 0 2240895 758
5 2.623151581 1 213 2181173 34661
5 2.62428633 0 1 2109889 967
5 2.625491358 0 0 2253686 731
5 2.626685331 1 210 2191232 34677
5 2.627888678 0 1 2246523 1023
5 2.629088238 1 209 2217648 34502
5 2.630282041 0 0 2212954 796
5 2.631486802 0 0 2256536 808
5 2.632684911 1 202 2178956 33129
5 2.63388784 0 0 2252995 841
5 2.635085029 0 0 2242393 730
5 2.63618249 1 204 1994415 33908
5 2.637375271 0 0 2234292 802
5 2.638572527 0 0 2242357 779
5 2.639780891 4 200 2219190 34635
5 2.640978301 0 1 2223469 977
5 2.642187772 1 204 2220004 33201
5 2.643385722 0 0 2243816 724
5 2.644588323 0 1 2236041 1034
5 2.645791691 1 208 2213221 33183
5 2.646988307 0 0 2241176 758
5 2.648085624 0 1 2037387 1032
5 2.649279784 1 205 2133974 34556
5 2.650478979 0 0 2245580 722
5 2.651679826 0 0 2249435 768
5 2.652874366 1 209 2134168 34983
5 2.654072183 0 0 2243195 752
5 2.655272882 1 200 2162726 34644
5 2.65647036 0 1 2223678 988
5 2.657667185 0 0 2241535 797
5 2.658873311 1 198 2179426 34720
5 2.659972668 0 1 2041425 1012
5 2.661172942 0 0 2248528 748
5 2.662369795 1 209 2169924 34614
5 2.663565998 0 0 2240300 761
5 2.664765337 0 1 2229365 967
5 2.665961103 1 213 2175646 34728
5 2.667165168 0 0 2255078 787
5 2.668297688 1 211 2048019 34934
5 2.669499782 0 0 2252030 776
5 2.67070117 0 0 2249839 779
5 2.6719138 1 197 2205485 35144
5 2.673113479 0 0 2234496 1615
5 2.674308353 0 0 2238089 754
5 2.675512163 7 203 2202229 34493
5 2.676716177 0 1 2245635 1019
5 2.677913941 1 217 2184122 34728
5 2.6791119 0 0 2243880 727
5 2.680209874 0 1 2038473 955
5 2.681401865 2 207 2185666 34788
5 2.682603556 0 0 2250480 768
5 2.683809407 0 0 2258574 775
5 2.685010338 1 212 2195914 33616
5 2.686201722 0 0 2231276 752
5 2.687397344 0 0 2239214 713
5 2.68860032 1 208 2185757 33909
5 2.689799327 0 0 2245804 795
5 2.691005262 1 206 2207483 34762
5 2.692106329 0 1 2045271 1039
5 2.693303045 0 0 2241592 743
5 2.694503415 1 198 2197709 33275
5 2.695705458 0 0 2251322 758
5 2.696900142 0 1 2221785 957
5 2.698093313 1 207 2184198 34501
5 2.699287139 0 0 2235844 723
5 2.700479155 1 212 2172852 34970
5 2.701681781 0 0 2243092 750
5 2.702879075 0 0 2242318 732
5 2.703972473 1 200 1979407 35153
5 2.705167746 0 0 2233983 768
5 2.70636596 0 0 2244178 835
5 2.707566723 1 207 2193889 33366
5 2.708765953 0 1 2238991 1043
5 2.709961486 0 0 2239091 762
5 2.711169752 1 212 2207116 34599
5 2.712268591 0 1 2019547 1282
5 2.713466681 2 206 2193641 34690
5 2.714663516 0 0 2236519 764
5 2.715866284 0 1 2250136 984
5 2.717059618 1 203 2165276 34656
5 2.718252539 0 0 2234106 732
5 2.719448543 0 0 2239810 769
5 2.720646262 1 214 2151848 33760
5 2.721843075 0 0 2241676 808
5 2.723051719 0 0 2263410 768
5 2.72415213 1 205 1986024 33708
5 2.725351999 0 0 2247780 761
5 2.726565442 1 206 2210082 34660
5 2.727766893 0 0 2249897 764
5 2.728964526 0 1 2226915 978
5 2.730159458 1 191 2175853 33372
5 2.73135255 0 0 2234512 795
5 2.732556357 0 1 2238347 1056
5 2.733758038 1 208 2186336 33147
5 2.734963698 0 0 2258131 729
5 2.736061552 0 1 2037958 1018
5 2.737256177 1 196 2177505 34588
5 2.738457007 0 0 2249014 794
5 2.739659443 1 194 2187565 33269
5 2.740854102 0 1 2229592 1021
5 2.742050054 0 0 2239926 733
5 2.743245671 1 199 2169706 33370
5 2.744378865 0 1 2109387 1011
5 2.745586031 0 0 2256371 780
5 2.746787747 1 206 2184070 34478
5 2.747956552 0 1 2175307 977
5 2.749150058 1 196 2182838 34696
5 2.750344863 0 0 2216536 761
5 2.751547097 0 0 2251781 735
5 2.752745213 1 201 2157691 34816
5 2.753941152 0 0 2239410 776
5 2.755137033 0 0 2239828 721
5 2.756239071 1 205 1973296 35146
5 2.757458803 0 0 2284958 803
5 2.758658658 0 0 2247208 763
5 2.759853285 1 211 2160889 34939
5 2.761050061 0 0 2225911 787
5 2.762244416 1 206 2162636 34606
5 2.763442273 0 0 2243519 773
5 2.764641424 0 1 2234607 1123
5 2.765847862 1 202 2185578 34695
5 2.767051688 0 0 2254710 785
5 2.768149493 0 1 2038076 1007
5 2.769348257 1 208 2171567 33474
5 2.770546929 0 0 2244846 749
5 2.771752515 0 0 2258180 757
5 2.772947578 1 200 2149343 35155
5 2.774143619 0 0 2239929 751
5 2.775344286 1 207 2178766 33141
5 2.776540528 0 1 2222268 1017
5 2.777746769 0 0 2259057 812
5 2.778951478 1 202 2189673 33168
5 2.780049294 0 1 2039415 969
5 2.781248355 0 0 2246223 766
5 2.782441693 1 206 2174208 33159
5 2.78363994 0 0 2244284 786
5 2.784851007 1 199 2213494 34833
5 2.78604671 0 0 2225958 744
5 2.787241285 0 0 2237422 764
5 2.788376944 1 205 2056500 34765
5 2.78957808 0 0 2249901 765
5 2.790783252 0 0 2257235 768
5 2.791968185 2 205 2143904 35060
5 2.793165561 0 0 2237789 773
5 2.794365513 0 0 2247361 822
5 2.795563752 1 203 2179820 34757
5 2.796766113 0 1 2245042 966
5 2.797965665 1 207 2175385 34700
5 2.799158992 0 0 2235258 768
5 2.800292513 0 1 2114964 1024
5 2.80149973 1 210 2179054 34646
5 2.802703452 0 0 2254269 762
5 2.803906325 0 1 2245470 987
5 2.805102013 1 202 2160476 34687
5 2.806299607 0 0 2242782 759
5 2.807493377 1 202 2217032 33684
5 2.808694869 0 3 2176874 1010
5 2.809898833 0 0 2254956 768
5 2.811096121 1 212 2171037 33170
5 2.812193894 0 1 2038740 983
5 2.813393994 0 0 2242661 733
5 2.814593078 1 208 2174919 33350
5 2.815787446 0 0 2237058 750
5 2.816979926 0 1 2217188 999
5 2.818176819 1 209 2170229 32965
5 2.81937928 0 0 2252012 732
5 2.82057863 2 211 2192711 34815
5 2.821773162 0 0 2207374 752
5 2.822963633 0 0 2229622 768
5 2.824061144 4 209 1959333 33699
5 2.825258512 0 0 2242700 758
5 2.826452762 0 0 2236529 768
5 2.827653749 1 209 2175151 33592
5 2.828858329 0 1 2248751 996
5 2.830055796 0 0 2242680 725
5 2.83125011 1 203 2161409 31963
5 2.832372482 0 1 2073593 1159
5 2.833583416 6 206 2193474 34574
5 2.834780698 0 0 2209942 767
5 2.835955208 0 1 2186924 964
5 2.837151446 1 202 2166703 34481
5 2.838351943 0 0 2248568 751
5 2.839549368 0 0 2242340 759
5 2.840753764 1 210 2171978 34790
5 2.841950967 0 0 2242446 731
5 2.843146128 0 0 2238424 762
5 2.84427827 1 207 2032087 35241
5 2.845471886 0 0 2235894 773
5 2.846668735 1 212 2172048 34554
5 2.847891517 0 1 2277051 957
5 2.849094346 0 0 2240653 788
5 2.850289717 1 210 2168391 34635
5 2.851493117 0 0 2253994 751
5 2.852695957 0 1 2241268 1024
5 2.853892517 1 211 2167644 33203
5 2.855094655 0 0 2251716 715
5 2.856192197 0 1 2037063 1032
5 2.857384076 1 205 2159162 32930
5 2.858586008 0 0 2251250 760
5 2.859786524 1 208 2170965 34976
5 2.86098308 0 1 2232643 990
5 2.862181236 0 0 2244182 772
5 2.863374711 2 205 2157158 34619
5 2.864574885 0 1 2231568 997
5 2.865781036 0 0 2259131 770
5 2.86697973 1 199 2173507 34555
5 2.868077537 0 1 2039221 993
5 2.869274126 1 207 2218215 34515
5 2.870473124 0 0 2197719 748
5 2.871677479 0 0 2255550 771
5 2.87287916 1 210 2160947 34942
5 2.874079756 0 0 2248852 750
5 2.875272451 0 0 2233656 748
5 2.876404152 1 200 2029384 35312
5 2.877600087 0 0 2240156 778
5 2.878796703 0 0 2241213 741
5 2.879956669 1 204 2086315 34761
5 2.881159938 0 0 2247564 829
5 2.882358919 1 206 2194487 33219
5 2.883559956 0 0 2226444 719
5 2.884760181 0 1 2240759 940
5 2.885958111 1 195 2167180 34674
5 2.887153176 0 0 2238253 722
5 2.888271989 0 1 2112002 1069
5 2.88948973 1 209 2177392 34669
5 2.89069411 0 0 2255670 759
5 2.891904023 0 1 2257786 962
5 2.893098658 1 192 2161656 34476
5 2.894297348 0 0 2245142 779
5 2.895508385 1 204 2194509 33656
5 2.896713838 0 1 2240469 1010
5 2.897908215 0 0 2237381 785
5 2.899102384 1 207 2164649 33423
5 2.900200213 0 1 2039444 1028
5 2.901401042 0 0 2249431 815
5 2.902601074 1 199 2175214 34582
5 2.90379873 0 0 2243391 819
5 2.904999653 1 193 2216896 33296
5 2.906200185 0 3 2190873 1834
5 2.907393066 0 0 2234009 751
5 2.908592082 1 207 2154896 34682
5 2.909792814 0 0 2249038 804
5 2.910985575 0 0 2233926 806
5 2.912083152 1 214 1947471 35566
5 2.913292613 0 0 2260105 752
5 2.914486326 0 0 2235609 758
5 2.915693144 9 207 2192169 34624
5 2.916884647 0 1 2224559 1007
5 2.918083374 1 199 2200990 34630
5 2.919279822 0 0 2217192 777
5 2.92047771 0 1 2225987 993
5 2.921668085 1 207 2165405 34506
5 2.922872602 0 0 2255998 788
5 2.923970466 0 1 2039129 956
5 2.92516622 1 208 2178111 33080
5 2.926365007 0 0 2245180 736
5 2.927566464 0 0 2250237 785
5 2.928766232 1 205 2143000 35082
5 2.929963945 0 0 2243239 768
5 2.931158961 2 204 2180557 34529
5 2.932256869 0 1 2086077 1053
5 2.933480749 0 0 2242962 716
5 2.934686112 1 197 2202459 34732
5 2.935894218 0 1 2252589 1101
5 2.937096053 0 0 2223348 805
5 2.938290505 1 207 2185164 34587
5 2.939485653 0 0 2238487 777
5 2.940689601 0 1 2242407 1036
5 2.941888131 1 207 2197060 34503
5 2.943082476 0 0 2237000 749
5 2.944180538 1 210 1993377 33539
5 2.94537916 0 0 2244980 751
5 2.946580895 0 0 2250908 768
5 2.947779571 1 206 2200166 34997
5 2.948975018 0 1 2231522 1018
5 2.950172802 0 0 2243060 752
5 2.95136515 1 208 2185744 34497
5 2.952561778 0 1 2225027 1000
5 2.95376516 1 206 2207721 34580
5 2.954958721 0 0 2235606 771
5 2.956056179 0 1 2037041 1069
5 2.957254097 1 204 2198242 34630
5 2.958454024 0 0 2247480 723
5 2.959657405 0 0 2253703 777
5 2.960852479 1 194 2173821 34900
5 2.962052415 0 0 2247583 818
5 2.963250074 0 0 2242934 752
5 2.96438412 1 199 2056026 33731
5 2.965579819 0 0 2239936 829
5 2.966783189 1 211 2194610 34469
5 2.967949224 0 1 2171473 1001
5 2.969147218 0 0 2237708 780
5 2.970346039 1 204 2195319 34522
5 2.97154332 0 0 2242368 742
5 2.972751909 0 1 2255535 1055
5 2.973948012 1 202 2187384 33540
5 2.975171823 0 0 2282114 711
5 2.976320429 0 1 2126265 1612
5 2.977532441 36 204 2197781 34720
5 2.978732435 0 0 2247402 749
5 2.97994235 1 201 2189625 33584
5 2.981169478 0 0 2267899 1560
5 2.982381433 0 0 2270066 760
5 2.983580558 25 208 2202489 34798
5 2.984786533 0 1 2251857 992
5 2.985983308 0 0 2241518 751
5 2.987178216 1 196 2195434 34781
5 2.988309941 0 1 2101195 1021
5 2.989516235 1 209 2215206 34691
5 2.990717932 0 0 2250756 823
5 2.991940488 0 1 2280353 1034
5 2.993140536 2 209 2196156 34701
5 2.994339194 0 0 2245180 776
5 2.995535006 0 0 2239325 766
5 2.996738749 4 214 2183628 35712
5 2.997934233 0 0 2239203 763
5 2.999124841 1 207 2183577 34600
5 3.000225867 0 1 2028483 1008
5 3.001422445 0 0 2241126 789
5 3.002625223 1 212 2213240 34616
5 3.003824103 0 0 2245299 748
5 3.005027692 0 1 2235925 1276
5 3.006226222 1 213 2200262 34568
5 3.007426806 0 0 2248430 752
5 3.0086318 0 1 2225714 2069
5 3.009825301 1 200 2132517 34507
5 3.011041211 0 0 2282588 796
5 3.012141435 1 214 1971871 34970
5 3.013336374 0 0 2195938 695
5 3.014534308 0 0 2243576 734
5 3.0157386 1 195 2176649 35062
5 3.016943257 0 1 2228265 2232
5 3.018136659 0 0 2235234 778
5 3.019337527 1 209 2179532 33204
5 3.020539565 0 1 2222381 1380
5 3.02174797 0 0 2263194 787
5 3.022972698 13 204 2219507 34801
5 3.024071117 0 1 2018950 1498
5 3.025271707 5 199 2194058 33179
5 3.026470945 0 0 2246097 785
5 3.027670905 0 0 2247484 853
5 3.028872584 1 201 2176074 34114
5 3.030068135 0 0 2239365 779
5 3.031265553 0 0 2242383 760
5 3.032397063 1 198 2026695 35795
5 3.033596973 0 0 2247606 758
5 3.034791929 1 203 2214409 34566
5 3.035979281 0 1 2184539 1008
5 3.037181252 0 0 2245795 1238
5 3.038375866 1 208 2195323 34500
5 3.039571688 0 0 2239432 737
5 3.04077506 0 1 2236673 1242
5 3.041973938 1 200 2203128 33144
5 3.043168306 0 0 2236817 736
5 3.044265843 0 1 2055976 1545
5 3.045499044 1 206 2245272 34782
5 3.046702084 0 0 2253164 750
5 3.047912698 1 191 2209463 33712
5 3.049109387 0 0 2228024 1488
5 3.05030617 0 0 2241682 798
5 3.051499786 1 208 2185801 34513
5 3.052704059 0 1 2240977 1315
5 3.05389783 0 0 2235876 752
5 3.055094791 1 209 2192496 34385
5 3.056192368 0 1 2034434 932
5 3.05738378 0 0 2231607 815
5 3.058585383 1 207 2199245 34511
5 3.059779459 0 0 2236358 787
5 3.060973307 1 207 2174891 33516
5 3.062178817 0 0 2257710 744
5 3.063381479 0 0 2252535 716
5 3.064577252 1 209 2155622 35284
5 3.065779057 0 0 2251058 747
5 3.06697459 0 0 2239065 777
5 3.068072271 1 212 1986994 33958
5 3.069268045 0 0 2240112 751
5 3.070471437 1 210 2209591 33280
5 3.071674849 0 0 2246806 781
5 3.072873263 0 1 2227937 1005
5 3.074073515 1 206 2198672 34530
5 3.075268303 0 0 2237560 723
5 3.076471216 0 1 2236585 1022
5 3.07767405 1 200 2206486 33044
5 3.078871539 0 0 2242986 725
5 3.079969193 0 1 2040671 1178
5 3.081166248 1 202 2190963 34841
5 3.082361535 0 0 2238496 719
5 3.083560726 1 206 2201570 34897
5 3.084760767 0 1 2240471 992
5 3.085958366 0 0 2243244 785
5 3.087151073 1 211 2184638 34580
5 3.088248872 0 1 2035204 1003
5 3.089445239 0 0 2240656 758
5 3.090646369 1 206 2209314 34532
5 3.091843989 0 1 2241344 951
5 3.093041013 1 202 2215061 33461
5 3.094236491 0 3 2216796 741
5 3.095435238 0 0 2245178 768
5 3.096633372 1 210 2186577 33647
5 3.097831372 0 0 2243676 777
5 3.099025837 0 0 2237298 788
5 3.100123332 1 205 2000875 32532
5 3.101319947 0 0 2241548 753
5 3.102510771 0 0 2230254 729
5 3.103711598 1 211 2207484 34731
5 3.104913603 0 1 2232660 1038
5 3.106112012 1 207 2197263 34709
5 3.107305158 0 0 2234550 766
5 3.108507612 0 1 2235453 1033
5 3.109712121 1 205 2214402 34461
5 3.110909579 0 0 2242621 760
5 3.112007484 0 1 2025822 1125
5 3.113210165 1 209 2197188 34626
5 3.114405816 0 0 2239519 769
5 3.115608782 0 0 2253076 769
5 3.116809842 1 194 2190314 35147
5 3.118004184 0 0 2236634 754
5 3.119205382 1 211 2197808 34618
5 3.120339788 0 2 2097437 1063
5 3.12153922 0 0 2243368 834
5 3.122739247 5 207 2197200 33015
5 3.123945344 0 1 2249312 1022
5 3.125145451 0 0 2241688 725
5 3.126338192 1 214 2179346 33063
5 3.127538845 0 0 2248690 769
5 3.128740949 1 203 2184266 33779
5 3.129939567 0 0 2238851 733
5 3.131135667 0 0 2240167 742
5 3.132233127 1 201 1984544 35117
5 3.133436525 0 0 2254135 741
5 3.134640854 0 0 2255546 825
5 3.135836814 1 202 2186657 35120
5 3.137036954 0 0 2228580 826
5 3.138233112 0 0 2240292 729
5 3.139431419 1 210 2188891 34729
5 3.140627327 0 1 2228840 1042
5 3.141825745 1 204 2193399 34556
5 3.143017222 0 0 2231358 721
5 3.144114814 0 1 2038459 1047
5 3.145309299 1 204 2186095 34585
5 3.146502365 0 0 2234174 815
5 3.147703562 0 0 2249782 804
5 3.148900281 4 208 2186118 34741
5 3.150099998 0 0 2247202 762
5 3.151296479 0 196 2239439 6274
5 3.152499131 1 25 2174313 30284
5 3.153698558 0 0 2246248 814
5 3.154891514 3 208 2187081 33072
5 3.155989269 0 1 2040518 968
5 3.157185334 0 0 2240385 792
5 3.158382284 1 204 2193066 34707
5 3.159581237 0 0 2245232 759
5 3.160779083 0 1 2225205 981
5 3.161984421 1 211 2212294 34627
5 3.163177017 0 0 2233479 802
5 3.164309726 1 207 2071231 34968
5 3.165508511 0 0 2235659 761
5 3.166708703 0 0 2247791 798
5 3.167903426 1 209 2182359 34969
5 3.169105376 0 0 2238938 785
5 3.170299624 0 0 2236724 758
5 3.171494608 1 200 2191419 34535
5 3.172692852 0 1 2233399 1030
5 3.173892911 0 0 2247601 759
5 3.175088076 1 199 2196135 34631
5 3.176186619 0 1 2037738 1030
5 3.177383162 1 207 2196943 34576
5 3.178583158 0 0 2247490 751
5 3.179784398 0 0 2249868 713
5 3.180978657 1 211 2184758 34864
5 3.182175105 0 0 2240594 739
5 3.183366962 0 0 2232197 758
5 3.184562243 1 207 2155785 34534
5 3.18576022 0 0 2243421 798
5 3.186960751 2 196 2213024 34572
5 3.18805879 0 1 2036601 1050
5 3.18926334 0 0 2255746 766
5 3.190467331 1 205 2147162 34666
5 3.191668427 0 0 2249846 754
5 3.192860454 0 1 2216588 969
5 3.194054647 1 202 2144530 34657
5 3.195252476 0 0 2243668 732
5 3.196384713 0 1 2103797 984
5 3.197588558 1 207 2172879 33119
5 3.198794044 0 0 2257563 757
5 3.199948481 1 206 2123341 34841
5 3.201146299 0 0 2188146 750
5 3.202339591 0 0 2234724 776
5 3.203532584 1 200 2165299 33790
5 3.204737374 0 1 2249359 963
5 3.205938947 0 0 2250686 799
5 3.20713283 1 198 2167882 33183
5 3.20823064 0 1 2038734 1014
5 3.209453517 0 0 2290416 721
5 3.210660809 1 208 2198296 34794
5 3.211891964 0 1 2298701 975
5 3.213091712 2 207 2173601 34705
5 3.214297619 0 0 2253732 735
5 3.215493892 0 0 2233324 763
5 3.216700157 1 201 2177412 35109
5 3.217892771 0 0 2233534 835
5 3.219087332 0 0 2237040 742
5 3.220184658 1 198 1992010 35154
5 3.221383297 0 0 2244880 768
5 3.222586336 0 0 2253301 792
5 3.223781378 1 206 2190495 34548
5 3.224979316 0 1 2227616 1014
5 3.226175106 1 211 2189320 34707
5 3.227370257 0 0 2238664 732
5 3.228572467 0 1 2235233 986
5 3.229771555 1 201 2194449 33157
5 3.230966462 0 0 2237825 788
5 3.232064245 0 1 2037010 998
5 3.233268065 1 204 2206613 34519
5 3.234462164 0 0 2236411 722
5 3.235672331 1 207 2221252 34837
5 3.236873278 0 1 2234409 1002
5 3.238075819 0 0 2252224 786
5 3.239272627 1 198 2189191 34548
5 3.240465616 0 1 2214507 1014
5 3.241671398 0 0 2258334 769
5 3.242868225 1 204 2189884 32979
5 3.243961105 0 1 2032911 997
5 3.245159658 0 0 2242160 780
5 3.246358474 1 204 2193616 34615
5 3.247561079 0 0 2252625 779
5 3.248722928 182 45 1813153 13246
