7 0.00118375 556 1380 23733 540837
7 0.00272061 0 86 749 778082
7 0.003909446 0 62 502 522104
7 0.005190057 0 68 550 579419
7 0.006477935 0 61 525 552537
7 0.007788385 1 69 559 588452
7 0.009270642 0 62 512 538969
7 0.01057511 0 150 1319 1388069
7 0.011786756 0 153 1310 1378030
7 0.012994204 0 150 1307 1374815
7 0.014191363 0 153 1334 1403328
7 0.015388302 0 149 1315 1384015
7 0.016588317 0 158 1306 1373067
7 0.017790182 0 160 1328 1397045
7 0.018996646 2 144 1323 1391680
7 0.020094277 0 129 1168 1229258
7 0.021294079 0 160 1324 1392628
7 0.022488712 0 154 1309 1376913
7 0.023693083 0 157 1334 1404983
7 0.024886976 1 151 1310 1378272
7 0.02608258 1 143 1313 1381701
7 0.027281941 1 147 1326 1395981
7 0.02847387 0 144 1265 1330924
7 0.029675949 0 154 1321 1390347
7 0.03086997 0 156 1324 1392895
7 0.03196797 2 142 1183 1244206
7 0.033162979 0 149 1317 1383922
7 0.034365825 1 154 1332 1402044
7 0.035568184 2 151 1320 1389548
7 0.036774465 0 148 1296 1364856
7 0.037969684 1 147 1320 1388589
7 0.039163024 1 149 1306 1373910
7 0.040361392 0 153 1317 1387003
7 0.041560096 0 151 1321 1388501
7 0.042753046 5 155 1316 1386102
7 0.043849056 0 142 1184 1244835
7 0.045051445 0 154 1316 1383869
7 0.046246431 0 148 1319 1387444
7 0.047442155 0 151 1323 1391943
7 0.048642486 0 148 1300 1366682
7 0.049836591 0 149 1323 1392067
7 0.051035396 0 159 1317 1386538
7 0.052131698 0 124 1115 1177828
7 0.053344207 0 149 1307 1375767
7 0.054540246 1 153 1314 1382020
7 0.055740607 0 147 1322 1391707
7 0.056938122 3 142 1319 1387563
7 0.05813431 3 150 1316 1384459
7 0.059328992 1 155 1321 1390446
7 0.060529176 0 153 1293 1360053
7 0.061738758 0 155 1326 1394672
7 0.062934974 0 152 1329 1397091
7 0.064032384 1 137 1182 1244344
7 0.065230323 1 151 1303 1371002
7 0.06643247 0 153 1330 1400149
7 0.067629246 2 159 1316 1383868
7 0.068828484 0 155 1292 1359447
7 0.070022852 0 149 1322 1389700
7 0.071227551 0 155 1325 1393038
7 0.072362719 0 136 1219 1281400
7 0.07356349 1 153 1326 1394454
7 0.074755613 0 154 1314 1383242
7 0.075853918 0 139 1219 1281200
7 0.077047298 2 152 1315 1384130
7 0.078241368 1 154 1320 1388203
7 0.079432461 0 156 1320 1390294
7 0.080626657 4 150 1310 1378683
7 0.08182304 0 150 1318 1386312
7 0.083017084 2 155 1330 1397758
7 0.084113173 1 140 1205 1271045
7 0.085331645 0 161 1340 1407002
7 0.086527116 0 154 1318 1386774
7 0.087728944 1 150 1322 1389764
7 0.088927356 3 146 1326 1396077
7 0.090117882 5 146 1314 1382430
7 0.091316372 1 162 1323 1393038
7 0.092502412 1 158 1303 1371567
7 0.093694543 2 147 1298 1365683
7 0.09488642 2 159 1305 1373491
7 0.095983202 0 136 1204 1266373
7 0.097182056 0 154 1316 1384547
7 0.098374091 0 151 1324 1392325
7 0.099579288 0 150 1327 1396531
7 0.100771583 0 154 1307 1376240
7 0.101965023 1 158 1327 1395635
7 0.103162359 1 153 1315 1382920
7 0.104361147 1 151 1308 1376724
7 0.105555096 0 152 1322 1390571
7 0.106743832 1 157 1309 1376974
7 0.107839148 0 136 1206 1268716
7 0.109060793 0 151 1308 1376994
7 0.1102517 0 150 1306 1374783
7 0.111448706 0 158 1325 1393578
7 0.11265036 0 153 1323 1393605
7 0.113843901 2 160 1313 1381209
7 0.115032997 0 149 1316 1385656
7 0.116135492 0 131 1201 1262254
7 0.117359045 0 156 1328 1396119
7 0.118557646 0 159 1332 1402095
7 0.119788315 4 154 1349 1419400
7 0.120987413 0 153 1325 1393731
7 0.122182013 0 152 1325 1395699
7 0.12337783 2 150 1313 1381303
7 0.124572049 0 146 1269 1334811
7 0.125773951 1 155 1331 1400211
7 0.126975336 0 159 1322 1390215
7 0.128072871 0 139 1216 1278467
7 0.129269487 0 153 1317 1385049
7 0.130468108 2 159 1324 1394860
7 0.131669168 2 161 1336 1406247
7 0.132861491 0 147 1273 1339370
7 0.13405656 0 155 1324 1393189
7 0.135254962 5 158 1335 1405621
7 0.13644957 2 156 1305 1374214
7 0.137655252 4 149 1332 1400896
7 0.138855144 3 156 1333 1402237
7 0.139956334 0 138 1166 1226299
7 0.141151432 0 157 1329 1398754
7 0.14235273 0 157 1326 1394555
7 0.143556731 0 157 1326 1395571
7 0.144757565 0 143 1294 1362048
7 0.145950088 4 148 1305 1373773
7 0.147142722 2 156 1322 1390502
7 0.148274388 0 137 1204 1267913
7 0.149463787 1 157 1311 1380010
7 0.15066417 0 156 1337 1405806
7 0.151824798 0 147 1270 1336911
7 0.153022712 2 155 1320 1389354
7 0.154217639 2 147 1324 1392876
7 0.155411124 2 146 1312 1380286
7 0.156606281 19 148 1282 1354319
7 0.157803131 3 154 1337 1407294
7 0.158997763 0 144 1310 1377929
7 0.160095814 1 132 1205 1267230
7 0.161313109 0 157 1344 1414548
7 0.162510026 0 146 1317 1386411
7 0.163708994 0 154 1331 1400774
7 0.164915541 0 153 1299 1363025
7 0.166107431 0 157 1314 1382698
7 0.167296107 0 152 1321 1389829
7 0.168489179 0 157 1309 1376961
7 0.169688222 1 154 1325 1394847
7 0.170883992 0 151 1325 1394610
7 0.171985243 0 135 1170 1230066
7 0.173179702 0 161 1324 1392178
7 0.174371533 0 145 1323 1392453
7 0.175575275 0 148 1319 1387287
7 0.176772004 2 152 1324 1393473
7 0.177974256 0 156 1332 1401442
7 0.17917093 1 152 1318 1386465
7 0.180365046 5 149 1286 1355244
7 0.181568031 3 154 1318 1386695
7 0.182768095 2 155 1324 1393055
7 0.183865543 0 141 1192 1254022
7 0.185059474 12 146 1302 1371276
7 0.186251584 1 154 1315 1383870
7 0.187447224 2 157 1325 1394152
7 0.188648545 8 155 1282 1350198
7 0.189842542 2 149 1324 1393702
7 0.191042352 0 148 1324 1392832
7 0.192179997 2 142 1250 1315962
7 0.193380411 5 157 1326 1394381
7 0.194583799 1 156 1331 1401839
7 0.195790949 0 152 1299 1366927
7 0.196988814 0 157 1321 1389251
7 0.198183033 0 145 1305 1373955
7 0.199386188 0 152 1329 1397573
7 0.200583285 1 156 1324 1393417
7 0.201782109 0 149 1324 1392353
7 0.202989333 10 156 1333 1405526
7 0.204086834 0 124 1166 1226260
7 0.205281387 4 153 1307 1374954
7 0.206474234 7 150 1325 1397204
7 0.207672429 1 149 1320 1390902
7 0.208875736 3 144 1290 1354889
7 0.210069916 0 159 1334 1404581
7 0.211271682 0 150 1324 1393246
7 0.212473475 19 159 1317 1389448
7 0.213680735 0 146 1312 1379841
7 0.214882497 0 150 1314 1383680
7 0.215979885 0 136 1172 1232134
7 0.217177083 0 157 1320 1388633
7 0.218374271 2 153 1313 1382025
7 0.219575019 0 156 1332 1401229
7 0.220776248 0 153 1317 1385912
7 0.221969291 0 155 1321 1388497
7 0.223162947 0 156 1325 1394068
7 0.224362514 2 152 1290 1357484
7 0.225566125 1 158 1330 1398105
7 0.226768877 1 152 1333 1403253
7 0.22786713 1 139 1200 1263125
7 0.22906396 0 156 1326 1395048
7 0.230259979 1 156 1325 1392648
7 0.231468383 0 148 1323 1392365
7 0.232666791 0 152 1300 1367204
7 0.233863588 0 148 1320 1390247
7 0.235063276 0 144 1324 1391786
7 0.23619467 4 144 1245 1311863
7 0.237392593 1 146 1312 1380338
7 0.238593102 0 156 1330 1398343
7 0.239800944 2 147 1313 1383165
7 0.240997379 0 149 1307 1374882
7 0.242192992 4 154 1326 1394536
7 0.243392675 1 148 1317 1384366
7 0.244606369 0 151 1289 1356857
7 0.245815324 19874 49 41111 4154261
7 0.247015033 28935 0 59476 5479710
7 0.248116809 27176 1 56352 4960266
7 0.249339597 28517 0 58291 5593936
7 0.250544679 31086 0 63778 5484920
7 0.251752611 27687 0 56490 5509915
7 0.252951284 25318 0 51220 5482810
7 0.25414788 28157 0 57589 5470431
7 0.255347032 27631 0 56411 5485994
7 0.256555911 26784 0 54866 5500602
7 0.257767814 26675 0 54108 5547397
7 0.258966209 26945 0 54789 5491558
7 0.260067079 25516 0 52073 4988735
7 0.261268242 27644 0 56239 5498223
7 0.262467576 27103 0 55172 5498223
7 0.263672263 31009 0 63785 5480195
7 0.264875015 29359 0 60909 5466979
7 0.266077082 28122 0 57505 5496749
7 0.267281374 29361 0 60231 5493197
7 0.268477027 27559 0 56441 5438752
7 0.269682658 27897 0 56890 5517632
7 0.27088249 27218 0 55485 5493520
7 0.271984253 25216 0 51920 4982938
7 0.273183403 26769 0 54487 5496748
7 0.274384339 26611 0 54126 5504808
7 0.27559105 27428 0 55918 5526496
7 0.276790259 26504 0 54051 5474731
7 0.277988174 25974 0 52628 5492130
7 0.279188724 29990 0 61731 5475900
7 0.280386328 25938 0 53113 5438085
7 0.281584561 25321 0 51277 5501403
7 0.282787838 27816 0 56813 5504482
7 0.283889443 28291 0 58197 4959806
7 0.285094613 26195 0 53140 5542414
7 0.286295462 25100 0 50679 5511784
7 0.28750196 26430 0 53664 5533225
7 0.28870525 29551 0 61101 5464643
7 0.289922818 27874 0 56863 5572067
7 0.291124854 27347 0 55809 5503037
7 0.292260755 25031 0 51172 5161774
7 0.29345917 28499 0 58212 5479737
7 0.294661094 26876 0 54731 5507740
7 0.295844809 26911 0 55131 5370414
7 0.297043179 24666 0 49828 5501075
7 0.2982482 26420 0 53710 5522239
7 0.299455601 26683 0 54276 5534942
7 0.300654557 30726 0 63223 5432027
7 0.301850477 26631 0 54187 5490714
7 0.303049079 27207 0 55578 5485735
7 0.304188218 27677 0 57282 5111607
7 0.305390479 26501 0 54080 5474329
7 0.306594058 25489 0 51538 5529351
7 0.307810476 31230 0 64339 5505144
7 0.309020252 25914 0 52326 5536367
7 0.310223143 27464 0 55977 5508683
7 0.311425628 27410 0 55749 5505490
7 0.312642062 25803 0 52526 5565301
7 0.313847507 27173 0 55332 5522698
7 0.315049849 27189 0 55384 5504133
7 0.31618665 28147 0 58114 5140517
7 0.317390487 28116 0 57477 5508113
7 0.318592984 27322 0 55752 5503975
7 0.31980523 28585 0 58713 5507301
7 0.321008031 27801 0 56792 5478252
7 0.322207694 26351 0 53495 5495719
7 0.323408461 27151 0 55200 5497113
7 0.324609925 29925 1 61663 5460473
7 0.325822529 28987 0 59399 5544949
7 0.327021794 25982 0 52758 5499734
7 0.328123536 26383 0 54406 4981674
7 0.329361697 27847 0 56704 5662330
7 0.330570015 28834 0 58999 5519500
7 0.331775247 26244 0 53333 5499618
7 0.332977852 28818 0 58891 5475855
7 0.334179683 28927 0 59284 5492990
7 0.335378872 30961 0 63860 5458555
7 0.336582473 27794 0 57557 5475087
7 0.337788173 28098 0 57354 5511951
7 0.338990069 29475 0 60464 5487931
7 0.340094878 26020 0 53394 4999606
7 0.34131947 26744 0 54301 5622219
7 0.342521356 28927 0 59247 5488963
7 0.343728013 25269 0 51221 5526776
7 0.344930713 28892 0 59798 5456406
7 0.346127411 28274 0 57787 5479466
7 0.347322349 28161 0 57607 5464026
7 0.348528522 28325 0 58186 5484140
7 0.349730203 26481 0 53780 5509861
7 0.350942439 26725 0 54344 5554196
7 0.352043883 26103 0 53801 4962618
7 0.353240215 26968 0 54947 5493001
7 0.354438203 30525 0 62864 5451199
7 0.355639562 27622 0 56317 5500745
7 0.356842665 26261 0 53398 5493844
7 0.358038835 29079 0 59500 5462618
7 0.35924089 26492 0 53838 5510188
7 0.360449635 28329 0 58297 5468656
7 0.361656107 26964 0 54819 5522612
7 0.362858149 26322 0 53385 5514951
7 0.363960054 24630 0 50421 5001890
7 0.365161719 26481 0 53818 5506608
7 0.366359658 29085 0 59594 5468234
7 0.367560562 26183 0 53142 5509736
7 0.368762214 25350 0 51522 5490514
7 0.369964444 25476 0 51535 5520374
7 0.371160691 25073 0 50670 5493477
7 0.372362141 29940 0 61670 5428339
7 0.373568171 26000 0 52690 5541413
7 0.374768214 26254 0 53392 5499962
7 0.37587022 23572 0 48133 5002675
7 0.377070161 26455 0 53887 5494995
7 0.378266165 27406 0 55877 5472073
7 0.379462152 26342 0 53566 5481295
7 0.380667883 30922 0 63772 5464921
7 0.381884195 25696 0 52029 5591003
7 0.383088457 29167 0 59856 5497681
7 0.384225576 26833 0 55426 5137978
7 0.385422192 25713 0 52098 5489931
7 0.386622472 28418 0 58185 5485297
7 0.387838933 27313 0 55686 5534170
7 0.389036101 27236 0 55561 5477786
7 0.39023417 26461 0 53765 5492122
7 0.391432754 26793 0 54480 5483918
7 0.392631978 29520 0 61074 5448220
7 0.393844467 27775 0 56569 5545757
7 0.395044446 25978 0 52693 5510692
7 0.396179636 25963 0 53227 5148930
7 0.397387967 26141 0 53062 5541825
7 0.398592912 26290 0 53553 5523979
7 0.39979187 24878 0 50557 5477049
7 0.400991099 28115 0 57580 5460757
7 0.402185104 25919 0 52623 5476343
7 0.403383317 26092 0 52989 5493035
7 0.404591034 27504 0 56002 5467482
7 0.405792425 26378 0 53520 5473622
7 0.406991235 29688 0 60991 5465147
7 0.408092508 26310 0 54134 4963933
7 0.409297824 30176 0 61990 5505292
7 0.410508336 31220 0 64138 5507985
7 0.411709943 29593 0 61014 5512328
7 0.41291272 29232 0 59568 5437560
7 0.414116776 31092 0 64034 5479609
7 0.41531301 26366 0 53606 5485250
7 0.416515149 27079 0 55480 5468427
7 0.417716223 25206 0 50868 5518353
7 0.418913915 30812 0 63313 5443436
7 0.420013403 27221 0 56207 4979164
7 0.421211183 25235 0 51047 5505217
7 0.422416185 26481 0 53757 5520749
7 0.423616935 26624 0 54140 5506127
7 0.424821162 26167 0 53619 5496083
7 0.426022531 26655 0 54214 5502850
7 0.427224594 30967 0 63755 5471780
7 0.42842398 29331 0 60408 5433987
7 0.42962867 26928 0 54834 5518594
7 0.430832864 27749 0 56619 5509419
7 0.431934686 26578 0 54990 4969215
7 0.43312923 29573 0 60624 5452283
7 0.434328016 25514 0 51664 5504977
7 0.435532884 27287 0 55577 5515105
7 0.436735593 27020 0 55267 5491524
7 0.437932428 30321 0 62457 5450824
7 0.439133266 28573 0 58354 5489075
7 0.440271525 27105 0 55871 5137260
7 0.441474381 29934 0 61512 5495953
7 0.442681851 30615 0 63026 5500540
7 0.443830763 29557 0 61139 5192052
7 0.445029188 29992 0 62028 5456627
7 0.446236165 25894 0 52437 5533113
7 0.447442357 30029 0 61801 5502468
7 0.448650409 26945 0 55381 5505985
7 0.449847022 26468 0 53747 5481598
7 0.451046211 26571 0 54045 5499621
7 0.452181811 27260 0 55954 5136882
7 0.453377127 27821 0 56803 5466866
7 0.454588984 26794 0 54386 5559850
7 0.455799126 29308 0 60364 5497985
7 0.457003557 25714 0 52162 5497807
7 0.458199457 26582 0 53950 5479078
7 0.459396366 25580 0 51848 5495141
7 0.4606043 27335 0 55855 5526894
7 0.461803579 26818 0 54586 5492496
7 0.463004235 25907 0 52525 5508007
7 0.464105681 26521 0 54687 4971986
7 0.465302857 25224 0 50973 5497447
7 0.466499858 29492 0 60446 5461564
7 0.467707714 25907 0 52688 5569116
7 0.4689173 31090 0 63663 5450715
7 0.47011478 27288 0 55667 5488900
7 0.471312972 25650 0 52014 5498118
7 0.472514729 29866 0 61831 5434129
7 0.473718538 28584 0 58523 5509581
7 0.474921758 30936 0 63696 5474741
7 0.47602261 24719 0 50670 5002905
7 0.477218616 25395 0 51479 5490192
7 0.478421285 26177 0 53065 5514127
7 0.47962825 28466 0 58192 5515727
7 0.480833058 26301 0 53829 5487978
7 0.482038096 28000 0 57285 5511951
7 0.483238056 28679 0 58735 5480931
7 0.484445911 29578 0 60801 5457903
7 0.485647899 30823 0 63404 5484445
7 0.486847012 25445 0 51524 5504293
7 0.487951702 25862 0 53238 4986867
7 0.489151706 30949 0 63718 5470172
7 0.49034958 27494 0 56159 5483816
7 0.491554279 26765 0 54415 5521233
7 0.49275492 27018 0 55299 5480029
7 0.493953162 26576 0 53909 5481314
7 0.495145134 26631 0 54190 5469223
7 0.496344113 29871 0 61629 5413632
7 0.497544123 27669 0 56444 5492506
7 0.498755574 25666 0 51917 5555529
7 0.499855942 25640 0 52509 4988271
7 0.501055168 25953 0 52612 5507788
7 0.502252003 25187 0 50935 5494756
7 0.503456561 31003 0 63710 5480417
7 0.504662542 28653 1 59005 5467338
7 0.505863253 26413 0 53691 5460442
7 0.507068482 30919 0 63717 5490297
7 0.508206245 27233 0 56060 5155844
7 0.509409585 28657 0 58687 5496419
7 0.510609092 25537 0 51733 5505289
7 0.511852757 25736 0 52624 5590514
7 0.513052696 25694 0 52115 5468263
7 0.514249176 26858 0 54639 5479455
7 0.515445533 26741 0 54456 5479530
7 0.516646404 30840 0 63568 5428545
7 0.517848813 25367 0 51409 5435367
7 0.51904847 23525 0 47619 5423850
7 0.520188185 23560 0 48820 5176223
7 0.521390444 23902 0 48446 5509570
7 0.522589487 30142 0 62007 5466054
7 0.523801177 27218 0 55313 5514808
7 0.524999758 25466 0 51568 5494403
7 0.526198826 30593 0 63064 5461690
7 0.527397881 25520 0 51627 5499986
7 0.52859997 28443 0 58531 5487797
7 0.529800703 27740 0 56638 5494275
7 0.531001515 26657 0 54198 5485174
7 0.532105809 23592 0 48572 4954523
7 0.533322649 26424 0 53659 5590611
7 0.534534102 26787 0 54494 5550324
7 0.535737858 29113 0 59853 5484595
7 0.536942318 24200 0 48933 5494311
7 0.538142906 25515 0 51703 5510673
7 0.539341057 27860 0 56934 5477208
7 0.540548964 27604 0 56626 5482749
7 0.541753068 26557 0 53943 5515231
7 0.542953508 25239 0 51052 5514920
7 0.544055182 25392 0 52305 4939636
7 0.545264307 25844 0 52457 5554340
7 0.546466659 27946 0 57076 5493747
7 0.547671128 26427 0 53632 5505002
7 0.548882244 24926 0 51142 5467565
7 0.550077193 24956 0 50363 5491245
7 0.551277994 25068 0 50998 5510191
7 0.552484401 29702 0 61495 5411546
7 0.553692017 24962 0 50419 5554734
7 0.554894631 25258 0 51120 5522337
7 0.55599623 23158 0 47393 4950482
7 0.557195911 26460 0 53844 5504654
7 0.55839415 26378 0 53661 5493860
7 0.559598687 26722 0 54297 5518326
7 0.560807775 26454 0 54127 5468971
7 0.562007937 26289 0 53314 5497837
7 0.563208389 25505 0 51629 5513618
7 0.564407719 27094 0 55635 5392628
7 0.565611075 30981 0 63705 5473674
7 0.566813946 31010 0 63809 5480885
7 0.567914932 23677 0 48382 4995511
7 0.56911627 29374 0 60314 5479750
7 0.570315528 25354 0 51255 5509110
7 0.571515521 25147 0 50743 5512972
7 0.572719004 27738 0 56856 5463318
7 0.573923553 29324 0 60193 5496552
7 0.575123597 26004 0 52930 5502139
7 0.576249997 26783 0 55455 5112199
7 0.577468896 31243 0 64324 5524545
7 0.578668858 27264 0 55609 5495301
7 0.579843867 25330 0 51702 5345672
7 0.581043008 29858 0 61328 5454762
7 0.582242062 28071 0 57303 5487913
7 0.583443508 26268 0 53316 5506047
7 0.584654481 30161 0 62198 5493320
7 0.585850795 28254 0 57808 5472109
7 0.58704814 27346 0 55847 5478834
7 0.588184123 28157 0 58187 5122078
7 0.589389301 25527 0 51704 5537782
7 0.590588168 26099 0 53008 5497589
7 0.591789976 24645 0 50084 5498794
7 0.592997174 26999 0 54938 5496900
7 0.594195785 27752 0 56475 5483022
7 0.59539886 26384 0 53600 5520282
7 0.596600063 28813 0 59416 5461901
7 0.597803721 26710 0 54434 5514044
7 0.599000881 30821 0 63333 5444282
7 0.600100799 24425 0 50076 4984869
7 0.601296247 25166 0 50669 5489662
7 0.602502756 29345 0 60125 5516883
7 0.603712521 29447 0 60780 5554516
7 0.604936053 28170 0 57486 5515139
7 0.6061351 25651 0 51912 5459110
7 0.607339236 27972 0 57031 5509375
7 0.608543126 29109 0 60052 5452444
7 0.609735275 29704 0 61040 5449669
7 0.610936883 25294 0 51041 5514643
7 0.612037847 23521 0 48107 4987282
7 0.613240499 27974 0 57086 5511713
7 0.61444759 26802 0 54558 5530242
7 0.615655487 26140 0 52997 5536596
7 0.61685147 29776 0 61167 5421112
7 0.618050246 26080 0 52902 5507415
7 0.619250184 27130 0 55250 5490675
7 0.620448834 29035 0 59628 5441413
7 0.621650564 29620 0 60801 5490705
7 0.622853897 29906 0 61432 5486930
7 0.62395574 26093 0 53536 4983180
7 0.625154503 27286 0 55591 5496273
7 0.626354758 26982 0 54941 5496421
7 0.62756368 30930 0 63725 5504504
7 0.628770756 28630 0 58796 5500406
7 0.629969053 27675 0 56442 5478839
7 0.631170855 29624 0 60840 5485897
7 0.632375516 30884 0 63717 5442608
7 0.633575095 27315 0 55632 5493685
7 0.634779072 28483 0 58268 5501472
7 0.635884298 28334 0 58510 4980415
7 0.637079371 26304 0 53373 5485347
7 0.638274817 25634 0 51891 5491092
7 0.639477133 27684 0 56380 5496284
7 0.64068598 29718 0 61270 5498693
7 0.641896586 26953 0 54850 5548240
7 0.643095843 26580 0 54079 5495122
7 0.64422078 26319 0 53907 5145880
7 0.645435103 30296 0 62399 5482871
7 0.646639999 26897 0 54918 5523892
7 0.647829175 28693 0 58845 5390133
7 0.649036607 29923 0 61464 5510167
7 0.650237792 27667 0 56444 5492364
7 0.65144068 30237 0 62113 5486030
7 0.652634586 30449 0 62826 5430124
7 0.653826014 27635 0 56511 5453244
7 0.65502866 28441 0 58245 5497315
7 0.656154259 28707 0 59219 5130138
7 0.657362864 30951 0 63592 5457441
7 0.658564451 26324 0 53390 5511918
7 0.659777225 28543 0 58423 5521460
7 0.660977965 27031 0 54995 5479398
7 0.662176414 25873 0 52451 5499222
7 0.66337335 25738 0 52193 5490791
7 0.664582003 26104 1 53178 5507816
7 0.665783273 27989 0 57079 5494292
7 0.666978842 25974 0 52730 5486855
7 0.668083404 25618 0 52627 5011620
7 0.669284751 28957 0 59343 5485663
7 0.670489651 27363 0 55733 5515409
7 0.671690491 26039 0 52700 5509954
7 0.67290134 24417 0 49470 5538962
7 0.674104613 27362 0 55749 5504569
7 0.675301479 26964 0 54803 5483613
7 0.67650627 27418 0 56168 5484445
7 0.677704015 26872 0 54605 5482095
7 0.678904488 25355 0 51259 5516596
7 0.680005995 24260 0 49675 4983546
7 0.681206902 26980 0 54991 5507788
7 0.682404239 28127 0 57441 5468624
7 0.683611551 31097 0 63896 5492544
7 0.684813803 27590 0 56242 5490558
7 0.686015144 26945 0 54821 5504590
7 0.687222992 25121 0 50772 5548114
7 0.688430877 30125 0 62175 5451351
7 0.689640916 25152 0 50686 5556824
7 0.690838154 30017 0 61733 5466000
7 0.691939517 25517 0 52137 4984044
7 0.693135122 29907 0 61534 5460043
7 0.694335069 27736 0 56612 5492538
7 0.69554249 28984 0 59299 5511896
7 0.69674792 29915 0 61888 5469275
7 0.697945291 27243 0 55601 5486966
7 0.699144409 26195 0 53255 5497974
7 0.700343683 29477 0 60698 5428001
7 0.70155285 27928 0 57022 5535528
7 0.702762329 29308 0 60090 5520808
7 0.703858735 23682 0 48400 4983279
7 0.705071385 27697 0 56683 5524658
7 0.706269856 28291 0 57868 5459924
7 0.707473329 25034 0 50507 5533949
7 0.708680782 27813 0 57003 5471873
7 0.709884648 31040 0 63846 5473955
7 0.711082646 30962 0 63813 5456858
7 0.712220261 29225 0 60307 5142549
7 0.71341579 25346 0 51285 5486073
7 0.714619659 25550 0 51777 5525350
7 0.715848468 27721 0 56948 5587372
7 0.71705468 29002 0 59594 5489398
7 0.71826427 27009 0 54894 5538546
7 0.719469299 28045 0 57196 5515342
7 0.720682988 30149 0 62227 5483330
7 0.721882531 28430 0 58194 5492189
7 0.723082404 28928 0 59305 5476175
7 0.724220654 27179 1 55747 5141669
7 0.725418069 30945 0 63575 5451151
7 0.726610721 30313 0 62256 5442407
7 0.727808817 26471 0 54080 5469167
7 0.729014726 24671 0 49885 5529497
7 0.730215701 25707 0 52053 5509897
7 0.731419569 27646 0 56425 5510120
7 0.73262876 29462 0 60499 5497098
7 0.733827957 26301 0 53307 5499932
7 0.735029353 29323 0 60105 5487297
7 0.736132276 24713 0 51213 5038241
7 0.737357787 30047 0 61282 5542668
7 0.738563526 31011 0 63765 5484544
7 0.73977008 27444 0 56048 5505997
7 0.740970645 27481 0 56026 5476381
7 0.742178662 30409 0 62598 5506906
7 0.743376661 26652 0 54178 5485408
7 0.744582931 26074 0 53398 5497806
7 0.745794845 30435 0 62775 5520596
7 0.746998595 26517 0 53854 5514324
7 0.748100205 27017 0 55698 4977743
7 0.749303026 26488 0 53687 5517677
7 0.750511537 27927 0 57095 5531050
7 0.75172844 30942 0 63710 5525846
7 0.752923219 28694 0 59061 5438367
7 0.754125235 26919 0 54854 5505679
7 0.755328142 28256 0 57779 5500412
7 0.756534353 28354 0 58171 5485446
7 0.757739772 26399 0 53574 5526145
7 0.758943626 25269 0 51118 5528533
7 0.760046204 27219 0 56308 4964633
7 0.761250214 25569 0 51738 5534933
7 0.762459472 27785 0 56576 5529665
7 0.763670792 28474 0 58297 5542161
7 0.764882432 26823 0 54645 5533480
7 0.766083938 26756 0 54456 5504530
7 0.767277753 26950 0 54843 5467128
7 0.768477261 28932 0 59797 5436872
7 0.769686127 31186 0 64289 5498672
7 0.770896631 30795 0 63425 5515566
7 0.771998281 28261 0 58484 4974144
7 0.773193846 25907 0 52564 5486915
7 0.774391078 26990 0 54971 5480018
7 0.775598078 26194 0 53059 5535191
7 0.776804605 28387 0 58354 5490561
7 0.778006359 27878 0 56903 5496961
7 0.779206436 27139 0 55300 5496008
7 0.78041154 29801 0 61414 5452165
7 0.781620001 27630 0 56314 5533688
7 0.782828385 24842 0 50339 5552515
7 0.783934135 23627 0 48277 5018387
7 0.785132413 27827 0 56868 5482575
7 0.78633371 26530 0 53929 5505187
7 0.787533488 27338 0 55641 5488451
7 0.788736339 28294 0 57881 5479048
7 0.789933887 30603 0 63051 5454083
7 0.791134634 27074 0 55071 5502594
7 0.792271694 28175 0 58279 5126730
7 0.793473389 26967 0 54884 5509609
7 0.794678977 25915 0 52448 5528643
7 0.7958354 28641 0 58937 5236579
7 0.797036794 28266 0 57779 5491728
7 0.798234726 25191 0 50928 5500398
7 0.799436564 28303 0 57861 5488572
7 0.800642392 28594 0 58837 5490205
7 0.801840634 26503 0 53782 5485389
7 0.803041402 28188 0 57549 5489391
7 0.804178934 29239 0 60413 5138443
7 0.80537919 29776 0 61590 5434539
7 0.806577046 29352 0 60229 5462094
7 0.807788517 27178 0 55618 5494301
7 0.808990742 26356 0 53595 5459206
7 0.810188679 27086 0 55141 5484222
7 0.811389393 27012 0 54928 5499758
7 0.812597369 27151 0 55345 5518491
7 0.813801321 26925 0 54812 5510263
7 0.814999816 25521 0 51586 5499184
7 0.816104517 26142 0 53825 5000833
7 0.817302595 30461 0 62770 5456756
7 0.81850785 27925 0 56964 5508328
7 0.81971202 25888 0 52728 5552300
7 0.820916281 29779 0 60894 5443775
7 0.822117197 26176 0 53029 5503673
7 0.823321646 25372 0 51363 5531554
7 0.824521337 29777 0 61520 5426927
7 0.825744713 27574 0 56082 5620290
7 0.826947954 27062 0 55048 5496822
7 0.828049111 28234 0 58353 4976545
7 0.829249805 26260 0 53260 5506586
7 0.830455243 28330 0 57954 5514780
7 0.831661211 26891 0 54734 5524180
7 0.832862606 27307 0 55818 5469613
7 0.834061892 26616 0 54014 5494805
7 0.835261328 27124 0 55248 5492608
7 0.83646595 29628 0 60976 5449077
7 0.837670045 27100 0 55180 5518521
7 0.838875351 27847 0 56709 5516851
7 0.839977643 23323 0 47615 4995742
7 0.841176081 25961 0 52477 5506761
7 0.842375765 26537 0 53884 5498845
7 0.843581956 28806 0 59015 5510259
7 0.844780643 30028 0 61926 5449507
7 0.845985195 27573 0 56411 5513324
7 0.847188317 25252 0 51125 5521934
7 0.848403646 29564 0 61105 5486686
7 0.849611836 26334 0 53422 5547697
7 0.850819463 27562 0 56232 5526559
7 0.851921631 25811 0 53000 4994225
7 0.85311831 30826 0 63370 5446297
7 0.854312096 28686 0 58841 5460245
7 0.855521649 26717 0 54279 5542270
7 0.856725199 25904 0 52749 5514925
7 0.857931626 26339 0 53500 5531030
7 0.859129784 27123 0 55259 5487707
7 0.860268316 27970 0 57574 5146040
7 0.86146435 26890 0 54709 5483962
7 0.862672848 25835 0 52358 5543379
7 0.86384381 24546 0 50100 5340365
7 0.865046604 26193 0 53242 5502835
7 0.866256971 27399 0 55806 5542101
7 0.867467717 25917 0 52468 5551055
7 0.868675148 28230 0 57851 5508659
7 0.869875468 29454 0 60409 5470502
7 0.871072356 27417 0 55859 5481823
7 0.872209675 25514 0 52359 5154141
7 0.873417646 26821 0 54569 5536278
7 0.874624573 28200 0 57628 5513427
7 0.875828245 26748 0 54482 5477658
7 0.877025181 30873 1 63414 5449855
7 0.878229425 26983 0 54845 5512106
7 0.879436765 26981 0 54866 5537071
7 0.880644018 28312 0 58190 5487494
7 0.881843494 26921 0 54777 5495902
7 0.883042037 26864 0 54644 5486994
7 0.884179181 27266 0 55974 5161395
7 0.885382243 27077 0 55134 5510393
7 0.886593019 28231 0 57603 5530643
7 0.887807059 25318 0 51194 5546837
7 0.889009069 27839 0 56953 5478110
7 0.890219703 25892 0 52476 5555270
7 0.891423753 31048 0 63913 5477909
7 0.892624344 29060 0 60056 5443376
7 0.893821592 29149 0 59684 5467295
7 0.895021333 29377 0 60313 5478173
7 0.896123647 25079 0 51868 5011816
7 0.897367926 30058 0 61385 5651960
7 0.898573443 27395 0 55926 5517978
7 0.899784364 25924 0 52642 5529060
7 0.900988088 25887 0 52417 5508426
7 0.902189949 27308 0 55697 5503899
7 0.903387266 26164 0 53068 5486968
7 0.904590663 27071 0 55648 5503793
7 0.905693323 28341 0 58408 5002017
7 0.906898307 26448 0 53586 5499308
7 0.908000023 26269 0 54008 4984033
7 0.909202613 26176 0 53151 5516686
7 0.910406347 27075 0 55132 5512898
7 0.911609909 27780 0 56745 5505741
7 0.912810287 29887 0 61859 5447354
7 0.914008273 26463 0 53866 5492054
7 0.915209927 27685 0 56647 5497573
7 0.916407833 27585 0 56609 5441145
7 0.917610564 30274 0 62266 5476871
7 0.918812992 31051 0 63931 5472650
7 0.919914409 25408 0 52273 4997651
7 0.921118407 28524 0 58490 5494808
7 0.922323088 28455 0 58253 5500773
7 0.923530046 31015 0 63836 5500406
7 0.924741056 28537 0 58389 5514189
7 0.925943054 25299 0 51183 5521491
7 0.927142143 27159 0 55333 5489387
7 0.928346935 28234 0 58120 5448838
7 0.929548045 30287 0 62320 5483321
7 0.93075121 26651 0 54153 5512492
7 0.931856573 26105 0 53583 5001362
7 0.933055289 25450 0 51504 5512169
7 0.93425697 26770 0 54461 5505879
7 0.935458485 29526 2 60845 5259745
7 0.936669982 28761 0 59493 5518643
7 0.937872462 25347 0 51539 5508598
7 0.939070319 25003 0 50731 5502021
7 0.940208869 26107 0 53664 5156399
7 0.941416026 26859 0 54859 5528775
7 0.942627076 25671 0 52325 5555596
7 0.94384447 24855 0 50516 5534341
7 0.945042646 28021 0 57741 5475053
7 0.946242256 25205 0 51377 5503115
7 0.947451378 24973 0 50969 5545613
7 0.948662265 25343 0 51839 5535420
7 0.94986455 25907 0 52864 5508300
7 0.951065563 24034 0 48707 5518298
7 0.952205401 27067 0 56210 5148024
7 0.953412272 25135 0 51113 5538080
7 0.954619674 23792 0 48165 5548234
7 0.955833478 27257 0 55963 5513571
7 0.957038338 28263 0 58041 5501655
7 0.958242535 24751 0 50276 5526898
7 0.959446035 25479 0 51881 5518369
7 0.960654566 28806 0 59428 5478738
7 0.961858167 25102 0 50944 5533134
7 0.963072002 26474 0 53903 5562790
7 0.964208581 27703 0 57399 5141949
7 0.965415225 26728 0 54577 5527978
7 0.966628571 25856 0 52640 5562657
7 0.967851621 26244 0 53675 5557579
7 0.969051092 26592 0 54425 5483402
7 0.970252369 27637 0 56617 5491036
7 0.971449004 26501 0 54208 5477352
7 0.972658998 29797 0 61676 5490230
7 0.973872968 25902 0 52687 5568228
7 0.975072222 28249 0 58032 5478055
7 0.976212211 27039 0 55894 5147415
7 0.977403242 27001 0 55312 5448838
7 0.978607982 27521 0 56512 5512848
7 0.979823318 26800 0 54897 5531748
7 0.981024043 25255 0 51411 5496670
7 0.982228605 24268 0 49143 5526814
7 0.983441832 25223 0 51211 5571118
7 0.98465122 27731 0 57186 5503170
7 0.9858484 26482 0 54043 5480745
7 0.987051075 26300 0 53664 5506931
7 0.988188501 23815 0 48713 5176570
7 0.989393207 25790 0 52498 5522049
7 0.990601297 26358 0 53855 5531867
7 0.991806951 26163 0 53666 5495925
7 0.993015788 26785 0 54806 5501180
7 0.99421588 27792 0 56921 5490947
7 0.995419977 24950 0 50514 5522409
7 0.996628455 26742 0 54866 5516504
7 0.997837501 24261 0 49130 5553000
7 0.999042524 26385 0 53891 5519139
7 1.000180133 26786 0 55604 5138094
7 1.001383104 26954 0 55276 5503491
7 1.002586262 29018 0 59686 5488849
7 1.00379763 28113 0 57895 5508707
7 1.004996752 24613 0 49957 5492611
7 1.006138833 23835 0 48491 5221929
7 1.007364765 24170 0 48751 5625397
7 1.008566441 28640 0 59170 5448679
7 1.009770611 24501 0 49687 5533388
7 1.010968514 25917 0 52920 5486512
7 1.01207126 25636 0 52801 4990322
7 1.013275947 26747 0 54739 5521537
7 1.014476846 25061 0 50850 5499125
7 1.015682221 26738 0 54534 5521194
7 1.016895526 24773 0 50674 5548050
7 1.018097908 25450 0 51737 5513553
7 1.019298849 28057 0 57696 5484901
7 1.020509271 27945 0 57498 5505953
7 1.02171371 24604 0 49904 5529272
7 1.022914712 28618 0 58693 5479206
7 1.024016919 23684 0 48831 4995105
7 1.025211806 24884 0 50497 5489091
7 1.026418891 25451 0 51878 5535659
7 1.027629335 26064 0 53097 5539942
7 1.028831063 27837 0 57381 5480259
7 1.030030412 28122 0 57920 5477579
7 1.031233367 24536 0 49821 5522792
7 1.032438278 27715 0 57201 5446622
7 1.033643489 27607 0 56582 5514363
7 1.034850407 26028 0 53025 5535570
7 1.035953106 25904 0 53497 4987816
7 1.037161492 25781 0 52540 5545019
7 1.038360674 24151 0 48924 5506544
7 1.039560144 26283 0 53612 5493442
7 1.040764173 28265 0 58374 5474387
7 1.041966276 27550 0 56469 5492708
7 1.043175735 25812 0 52598 5545909
7 1.044379487 25023 0 51047 5480929
7 1.045588792 24598 0 49808 5549444
7 1.046797648 28846 0 59613 5504538
7 1.047901123 22685 0 46406 5018253
7 1.049101428 27178 0 55770 5489355
7 1.05030166 28960 0 59694 5478827
7 1.051501804 24605 0 49844 5505521
7 1.052703798 27782 0 57020 5473816
7 1.053901194 25279 0 51519 5492581
7 1.055101718 27389 0 56227 5489789
7 1.056237659 26780 0 55418 5109352
7 1.057437865 25625 0 52168 5506306
7 1.058648678 26938 0 55198 5541190
7 1.059825502 24192 0 49275 5362087
7 1.061039391 24366 0 49366 5573859
7 1.062241497 29700 0 61327 5476587
7 1.063449181 26170 0 53405 5527646
7 1.064652319 28540 0 59057 5465468
7 1.065844337 25726 0 52353 5467208
7 1.067046151 26779 0 54786 5500774
7 1.068183663 26271 0 54056 5154674
7 1.069384597 29242 0 60011 5472666
7 1.070588297 23493 0 47470 5538871
7 1.071791052 24784 0 50567 5488655
7 1.072992129 25358 0 51731 5484535
7 1.074191585 28639 0 58799 5475171
7 1.075391187 23680 0 47935 5514641
7 1.076601574 25693 0 52508 5544863
7 1.077805987 26364 0 53776 5514346
7 1.079010734 29725 0 61218 5488412
7 1.080115614 25159 0 51900 5007000
7 1.081339668 25198 0 51241 5607980
7 1.082546423 24469 0 49686 5541074
7 1.083777651 27427 0 56149 5609860
7 1.084975781 27631 0 56744 5457928
7 1.086180551 25133 0 51129 5526490
7 1.087386061 24372 0 49496 5536421
7 1.088592904 28699 0 59270 5477370
7 1.089794957 25009 0 50671 5515672
7 1.090999178 26186 0 53562 5518023
7 1.092100547 24778 0 50939 4987842
7 1.093321411 30202 0 62089 5573187
7 1.094534433 28534 0 58629 5540723
7 1.095738225 25222 0 51443 5508916
7 1.096939885 25730 0 52654 5479052
7 1.098142432 28040 0 57677 5500719
7 1.099340505 27573 0 56511 5478883
7 1.100546711 29726 0 61298 5459932
7 1.101753144 26468 0 54103 5532906
7 1.102959976 27539 0 56387 5516316
7 1.104062937 24178 0 49893 4989675
7 1.105261729 26841 0 54907 5492704
7 1.106466933 26599 0 54441 5502610
7 1.107676824 26467 0 53990 5525008
7 1.108884721 25939 0 53008 5515611
7 1.110088154 25917 0 52889 5513099
7 1.1112895 24242 0 49066 5514152
7 1.112392071 23890 0 49346 5006415
7 1.113534723 22758 0 46070 5243039
7 1.114736553 25039 0 50919 5517943
7 1.115834553 25314 0 52155 4983211
7 1.117037715 27736 0 56823 5491836
7 1.118140464 25123 0 51986 5021256
7 1.119240674 20140 0 40964 5061173
7 1.120444795 24625 0 50653 5491296
7 1.121590345 20879 0 42283 5245037
7 1.122800818 25406 0 51851 5549354
7 1.123904205 24234 0 49651 5004745
7 1.125101969 26646 0 54487 5484225
7 1.126303319 24107 0 48786 5518734
7 1.127514798 27949 0 57235 5530139
7 1.128721941 25799 0 52852 5509767
7 1.129913647 26726 0 54685 5451452
7 1.131015217 24618 0 50473 4998748
7 1.132130014 27463 0 57122 5129964
7 1.133361071 24472 0 49410 5538418
7 1.134561571 24304 0 49285 5516636
7 1.135791744 27013 0 55517 5610581
7 1.136993188 29364 0 60645 5442846
7 1.138192944 24067 0 48660 5513951
7 1.139397957 28867 0 59260 5502874
7 1.140599792 26614 0 54537 5466680
7 1.141802129 24430 0 49628 5514707
7 1.143003169 24440 0 49473 5515724
7 1.144104671 24029 0 49726 4983217
7 1.145304351 26564 0 54200 5498633
7 1.146512687 24567 0 49764 5548936
7 1.147616037 23484 0 48197 5053654
7 1.148817092 24171 0 49627 5464286
7 1.150019181 23440 0 47248 5526581
7 1.151222054 26730 0 55147 5505909
7 1.152424093 27965 0 57758 5428920
7 1.153626931 25798 0 52747 5521095
7 1.154831293 25149 0 51136 5535337
7 1.155934351 23406 0 48257 4993613
7 1.157134656 25811 0 52548 5490191
7 1.158335707 26342 0 53712 5505398
7 1.15954832 24983 0 50752 5564222
7 1.160757075 28771 0 59570 5464213
7 1.161962103 27654 0 56783 5510688
7 1.163166081 24256 0 49128 5530027
7 1.164375692 27156 0 56001 5478973
7 1.165584866 24380 0 49376 5551861
7 1.166790477 24919 0 50538 5525762
7 1.167891675 22683 0 46270 4991342
7 1.169090222 28493 0 58678 5487912
7 1.170290492 24904 0 50523 5506740
7 1.171489737 25801 0 52550 5495436
7 1.172696341 26691 0 54772 5477195
7 1.173899623 26926 0 54977 5509780
7 1.175100044 24158 0 48932 5506889
7 1.176235096 26564 0 55006 5134509
7 1.177436276 25436 0 51771 5508633
7 1.178642831 26991 0 55130 5517246
7 1.179827685 27879 0 57428 5377594
7 1.181025879 26656 0 54479 5482914
7 1.182224284 26510 0 54166 5484327
7 1.183422721 24869 0 50497 5497729
7 1.184632635 25981 0 53401 5518534
7 1.185835294 27983 0 57369 5489115
7 1.187036478 27773 0 56989 5493313
7 1.188173698 24811 0 50745 5159118
7 1.189375498 24988 0 50735 5521478
7 1.190584219 26794 0 54767 5533372
7 1.191799599 27368 0 56319 5535247
7 1.193002733 26773 0 54860 5477332
7 1.194201094 26587 0 54364 5484345
7 1.195401725 24636 0 50008 5510889
7 1.196613065 29818 0 61447 5517518
7 1.197810916 24128 0 48942 5500139
7 1.199008679 27713 0 56769 5473986
7 1.200111372 24193 0 49796 4989523
7 1.201336681 30253 0 62379 5590200
7 1.202535253 25066 0 50959 5501886
7 1.20374953 26969 0 55318 5542199
7 1.204950947 25890 0 52696 5477172
7 1.206162305 24434 0 49401 5568675
7 1.20737169 26607 0 54281 5537862
7 1.208581276 27982 0 57927 5457246
7 1.209784388 29728 0 61236 5485341
7 1.210991035 25463 0 51824 5534627
7 1.212093826 25245 0 51966 4997115
7 1.213294443 26764 0 54731 5492004
7 1.214493325 25832 0 52622 5497231
7 1.215691451 24580 0 49903 5499259
7 1.216927339 29599 0 61133 5606662
7 1.218124189 25922 0 52872 5485188
7 1.219331959 25823 0 52645 5537065
7 1.220535002 27125 0 55747 5472545
7 1.221743639 26471 0 54001 5534967
7 1.222943705 24910 0 50622 5506841
7 1.224047058 26108 0 54113 4979225
7 1.225247798 25799 0 52546 5507695
7 1.226451461 29755 0 61423 5476118
7 1.227655945 25759 0 52416 5531103
7 1.228856298 27116 0 55628 5471779
7 1.230056949 25484 0 51838 5505864
7 1.231254872 26525 0 54234 5481862
7 1.232457538 28704 0 59084 5422300
7 1.2336648 24685 0 49969 5557092
7 1.23486693 26660 0 54588 5501157
7 1.23596921 23712 0 48952 4987508
7 1.237179514 28199 0 57872 5530656
7 1.238381503 25984 0 52958 5513743
7 1.239587944 24549 0 49694 5530952
7 1.240796416 26841 0 54886 5519893
7 1.242003628 29850 0 61518 5501266
7 1.243203286 25083 0 50917 5505282
7 1.244415751 27033 0 55661 5493224
7 1.245627667 25891 0 52636 5548392
7 1.246818644 28821 0 59324 5443485
7 1.247924461 24565 0 50850 5010329
7 1.249123484 26678 0 54633 5494245
7 1.250327612 24199 0 48985 5531709
7 1.251534653 26261 0 53459 5529978
7 1.252739492 28725 0 59485 5469042
7 1.253941578 27829 0 57258 5499555
7 1.255140728 25005 0 50792 5500480
7 1.256280058 28033 0 57926 5146248
7 1.257478704 25306 0 51592 5501759
7 1.258690177 24901 0 50571 5557478
7 1.25984418 25238 0 51744 5243295
7 1.261047893 29113 0 60038 5482516
7 1.262252413 25359 0 51593 5534183
7 1.263454495 24390 0 49384 5519749
7 1.264658713 27889 0 57428 5483140
7 1.265871421 27630 0 56603 5537032
7 1.2670739 25531 0 51985 5520049
7 1.268212637 25457 0 52573 5162298
7 1.26941551 24798 0 50404 5515020
7 1.270625322 29542 0 60819 5508293
7 1.27182986 29775 0 61416 5458469
7 1.273031878 25145 0 51144 5512882
7 1.274234185 26032 0 53084 5507983
7 1.27543995 29105 0 59874 5494069
7 1.27664628 28790 0 59476 5487458
7 1.277843744 25513 0 51982 5489326
7 1.279055718 25355 0 51516 5558562
7 1.280197011 28133 0 58078 5155580
7 1.28139288 25367 0 51756 5488673
7 1.282601508 27384 0 56024 5529474
7 1.283803256 26856 0 55225 5470109
7 1.285005948 24638 0 50112 5497606
7 1.286211314 26332 0 53821 5516309
7 1.287420302 25578 0 51946 5545401
7 1.288626274 26328 0 54039 5507840
7 1.289830922 24733 0 50157 5530557
7 1.291034828 24116 0 48771 5530725
7 1.292173536 24357 0 50063 5155060
7 1.293379267 25247 0 51379 5543074
7 1.294588403 25355 0 51587 5545162
7 1.295802533 24684 0 50169 5542513
7 1.297004839 25543 0 51957 5508146
7 1.298207121 24757 0 50148 5521548
7 1.299407525 27406 0 56117 5489622
7 1.300614781 28787 0 59567 5499597
7 1.301810655 27982 0 57436 5470196
7 1.303009499 27663 0 56681 5478347
7 1.304112555 26467 0 54736 5008134
7 1.305335053 26140 0 53290 5582463
7 1.306437732 23165 0 47396 5054114
7 1.307642904 25400 0 51701 5527624
7 1.308855286 28000 0 57622 5491958
7 1.310057889 24576 0 49914 5522602
7 1.311261063 25320 0 51566 5514600
7 1.312461834 29582 0 60951 5432511
7 1.313669243 24733 0 50095 5549948
7 1.314866587 24663 0 50112 5496286
7 1.315969117 26210 0 53995 4973502
7 1.317169725 24069 0 48676 5526210
7 1.318375264 24978 0 50716 5531672
7 1.319592937 27427 0 56165 5572304
7 1.320795984 27748 0 56957 5480138
7 1.322001731 27138 0 55492 5518840
7 1.323207663 23803 0 48130 5541376
7 1.324407615 27374 0 56501 5432758
7 1.325613278 25532 0 51951 5529193
7 1.326817636 28073 0 57632 5502861
7 1.327920768 27062 0 56041 4983775
7 1.329111789 29466 0 60711 5429603
7 1.33031044 27334 0 56145 5483210
7 1.331516651 24475 0 49594 5534917
7 1.332721163 26176 0 53853 5502175
7 1.333926108 24291 0 49273 5533328
7 1.335124989 25077 0 50933 5497568
7 1.336263848 27157 0 56080 5163688
7 1.337470854 24771 0 50151 5533758
7 1.338676189 26095 0 53279 5517923
7 1.339848085 27904 0 57692 5308707
7 1.341054795 25019 0 50841 5528527
7 1.342268374 24413 0 49464 5573232
7 1.343479251 24714 0 50215 5558617
7 1.344686234 26207 0 54016 5501562
7 1.345890851 28221 0 58018 5502401
7 1.347095903 23988 0 48466 5533010
7 1.348233235 24016 0 49830 5209794
7 1.34945418 24383 0 49402 5507717
7 1.350659733 24752 0 50206 5464248
7 1.351827078 25106 0 51396 5283658
7 1.353044008 25436 0 51705 5522166
7 1.354250662 26307 0 53715 5525322
7 1.35544833 25957 0 52976 5486052
7 1.356646732 27792 1 57709 5415351
7 1.357846343 27129 0 55454 5492842
7 1.359051125 25521 0 51819 5517950
7 1.360188111 27932 0 57676 5140391
7 1.361390308 25271 0 51369 5519397
7 1.362597431 28511 0 58654 5511758
7 1.363800711 25252 0 51409 5480992
7 1.365002594 24306 1 49353 5505578
7 1.366200177 24621 0 49960 5497841
7 1.367402655 29768 0 61394 5479993
7 1.368614896 28586 0 58841 5496507
7 1.369823301 28686 0 58947 5517803
7 1.371024505 26873 0 54623 5493762
7 1.372163838 24233 0 49863 5189149
7 1.373379348 24000 0 48571 5567829
7 1.374589251 25261 0 51361 5549245
7 1.375806389 26138 0 53359 5494323
7 1.377009251 27961 1 57369 5475663
7 1.378210368 29741 0 61348 5474553
7 1.379415139 24826 0 50321 5531736
7 1.380622558 28598 0 59086 5487882
7 1.381828475 26289 0 53845 5522346
7 1.383026678 29650 0 61138 5460994
7 1.384166649 28042 0 57930 5146864
7 1.385363842 27292 0 55835 5479717
7 1.386575671 24025 0 48567 5569838
7 1.387785122 25541 0 52236 5519698
7 1.388988728 29045 3 59896 5466097
7 1.390188967 26800 0 54775 5493297
7 1.391390359 25780 0 52582 5505204
7 1.392594807 27395 0 56329 5488769
7 1.393794752 25072 0 50999 5505594
7 1.394998213 26882 0 54893 5504412
7 1.396103482 23575 0 48526 5013014
7 1.397309498 26119 0 53286 5524899
7 1.398521007 24055 0 48651 5571626
7 1.399730662 27382 0 56081 5514320
7 1.400929468 26830 0 54903 5471535
7 1.402130854 26480 0 54019 5499469
7 1.403330556 28668 0 58978 5477317
7 1.404536175 26458 0 54539 5481791
7 1.405744826 26827 0 54875 5534151
7 1.406888875 25262 0 51640 5238458
7 1.40799231 25436 0 52529 4988809
7 1.409206769 29059 0 60051 5539616
7 1.410402242 24315 0 49229 5489279
7 1.411607853 29850 0 61426 5490482
7 1.412813742 27338 0 56160 5496695
7 1.414017068 28417 0 58348 5500495
7 1.415214301 27212 0 55750 5471041
7 1.416415505 26592 1 54604 5457321
7 1.417622237 27552 0 56280 5523085
7 1.418824796 24522 0 49652 5520564
7 1.41992789 23963 0 49322 5006901
7 1.421122057 27025 0 55292 5456489
7 1.422322297 25302 0 51477 5500462
7 1.423523807 24874 0 50419 5517166
7 1.424722262 26069 0 53333 5472873
7 1.425926207 25089 0 50944 5517605
7 1.427124291 27386 0 56097 5485193
7 1.428267494 25621 0 52926 5178851
7 1.429468532 27008 0 55310 5495303
7 1.430671128 25452 0 51801 5514505
7 1.431830661 25773 0 52787 5256474
7 1.433024516 27660 0 56648 5464025
7 1.434222919 24870 0 50498 5497318
7 1.435425422 29331 0 60372 5478297
7 1.436629977 28676 0 59370 5481347
7 1.437826457 24800 0 50440 5490714
7 1.439032995 25603 0 52065 5532366
7 1.440169234 26447 0 54794 5142847
7 1.441368465 26236 0 53565 5491540
7 1.442570531 26705 0 54502 5496946
7 1.443783446 29408 0 60834 5508265
7 1.444984558 27292 0 55865 5467245
7 1.446188237 28672 0 58981 5498997
7 1.447391617 25539 0 52027 5515804
7 1.448593136 26965 0 55588 5492936
7 1.449798743 25066 0 50966 5531083
7 1.450998401 25973 0 52971 5495851
7 1.452101628 26091 0 54127 4972781
7 1.453321201 25488 0 51788 5605059
7 1.454531593 27946 0 57360 5532052
7 1.455738611 26484 0 54260 5508861
7 1.456939899 24742 0 50207 5486242
7 1.458144253 29814 0 61298 5490053
7 1.459338582 25992 0 53031 5479568
7 1.460542326 28727 0 59422 5449155
7 1.461746617 25741 0 52481 5525267
7 1.462950205 26063 0 53066 5507375
7 1.46405151 24436 0 50194 4995330
7 1.465250505 25250 0 51306 5506733
7 1.466450745 24837 0 50408 5508552
7 1.467659303 24701 1 50207 5546508
7 1.468858331 23232 0 47284 5485981
7 1.470059995 26989 0 55249 5496268
7 1.471269223 25133 0 51086 5548144
7 1.472469176 27036 0 55587 5458069
7 1.47368192 25115 0 50936 5566134
7 1.474886281 26409 0 53942 5514928
7 1.475989172 25629 0 53002 4975000
7 1.477183516 25737 0 52525 5480236
7 1.478383521 24028 0 48695 5513200
7 1.479587761 25173 0 51192 5522337
7 1.480789846 25979 0 53143 5488684
7 1.481988992 29625 0 61052 5460844
7 1.483192102 24396 0 49443 5529377
7 1.484396613 28766 3 59412 5429066
7 1.485597524 27155 0 55539 5504173
7 1.486807859 24836 0 50321 5560313
7 1.487910622 24244 0 49767 5005608
7 1.489113043 26026 0 52921 5510614
7 1.490313876 27231 0 55743 5488166
7 1.491525981 27839 0 56874 5548435
7 1.492726391 25989 0 53561 5474562
7 1.493931738 25041 0 50905 5524832
7 1.495130333 24298 0 49189 5507525
7 1.496269932 24371 0 49861 5174567
7 1.497474691 25802 0 52561 5530014
7 1.498674875 25783 0 52551 5500382
7 1.499848118 23597 0 48129 5340780
7 1.501047852 24736 0 50296 5497703
7 1.502248247 23870 0 48236 5517428
7 1.503455349 25255 0 51310 5536570
7 1.504664012 27864 2 58192 5407453
7 1.505867977 26206 0 53406 5513221
7 1.506971015 27003 0 55708 5011240
7 1.508074642 24066 0 49506 4972272
7 1.509277178 27306 0 55948 5492056
7 1.510482198 27976 1 57465 5507845
7 1.511695342 25463 0 51738 5559003
7 1.512908257 24182 0 48936 5544522
7 1.514108106 28132 0 57809 5484035
7 1.515310255 24320 0 49272 5520979
7 1.516508594 25939 0 53430 5451595
7 1.517720222 29899 0 61595 5514447
7 1.518920257 24324 0 49299 5517298
7 1.520022841 26625 0 55085 4988451
7 1.521230537 26636 0 54464 5529139
7 1.522437462 26012 0 53042 5532589
7 1.523643814 29008 0 59694 5504611
7 1.524859084 29045 0 60177 5518437
7 1.52605906 26055 0 53123 5500589
7 1.527261751 25430 0 51727 5513630
7 1.528463579 29450 0 61051 5449541
7 1.529666451 28124 0 57747 5493267
7 1.530865046 28235 0 58012 5474713
7 1.53196779 22150 0 45457 5007131
7 1.533168161 27808 0 57101 5492730
7 1.534374571 24836 0 50339 5534124
7 1.535585054 24716 0 50071 5554048
7 1.536780887 28020 0 57597 5446813
7 1.537980358 24088 0 48583 5507556
7 1.539181568 25707 0 52332 5512259
7 1.540381297 27372 4 56739 5432600
7 1.541588719 26132 0 53294 5531689
7 1.542787129 28119 0 57860 5474942
7 1.543893668 23496 0 47969 5021370
7 1.54509144 26934 0 54993 5483954
7 1.546289811 26364 0 53815 5491003
7 1.547496758 26543 0 54237 5526503
7 1.548703328 25187 0 51607 5507207
7 1.549914993 25902 0 52777 5549447
7 1.551115473 26765 0 54683 5497742
7 1.552254709 27354 0 56520 5158092
7 1.553462741 29349 0 60412 5514290
7 1.554672961 29394 0 60526 5516279
7 1.555848364 25706 0 52643 5345500
7 1.557054318 25571 0 52113 5520174
7 1.558255672 27298 0 55956 5495535
7 1.559452788 24290 0 49271 5496257
7 1.560662511 29814 0 61461 5492429
7 1.561862884 24982 0 50691 5512778
7 1.563063532 25113 0 51064 5506499
7 1.564202098 25642 0 53149 5152434
7 1.565406629 26607 0 54308 5514266
7 1.566616011 25446 0 51624 5546681
7 1.56783723 26949 0 55236 5554546
7 1.569037109 26039 0 53130 5493368
7 1.570237165 23935 0 48419 5512554
7 1.571438156 27671 0 56777 5488689
7 1.572646029 25814 0 52954 5511722
7 1.573850499 23796 0 48136 5534000
7 1.575051122 23913 0 48371 5517138
7 1.576193285 27510 0 56751 5164948
7 1.577396142 23785 0 47978 5526907
7 1.578604254 26351 0 53688 5539972
7 1.579810945 24641 0 50247 5512888
7 1.581014771 26777 0 54785 5476485
7 1.5822097 25289 0 51323 5486801
7 1.583410219 27651 0 57027 5483499
7 1.584619296 29785 0 61554 5467591
7 1.585817207 28848 0 59486 5467981
7 1.587013926 27323 0 56005 5471038
7 1.588116487 24479 0 50767 5032178
7 1.589359132 26782 0 54073 5641243
7 1.590569767 24166 0 48900 5566415
7 1.591783979 27882 0 57172 5518221
7 1.592984168 24977 0 50756 5496670
7 1.594188456 26629 0 54341 5510565
7 1.595393125 27546 0 56467 5509976
7 1.596597667 26583 0 54751 5502946
7 1.597797101 25634 0 52147 5501780
7 1.598996084 26766 0 54780 5487318
7 1.600098813 26813 0 55243 4976738
7 1.601324665 27452 0 56024 5622554
7 1.602523459 24495 0 49685 5500312
7 1.603736759 28912 0 59409 5531023
7 1.604939122 28765 0 59250 5462183
7 1.606129358 26741 0 54775 5451251
7 1.60727916 28087 0 57959 5199821
7 1.608487807 26575 0 54747 5472354
7 1.609688123 29101 0 59956 5456017
7 1.610884894 24580 0 49936 5494731
7 1.611988234 26025 0 53830 4973179
7 1.613188077 26896 0 54971 5502181
7 1.614384443 24837 0 50442 5485071
7 1.615587734 29808 0 61414 5483645
7 1.616784076 24704 0 50327 5475127
7 1.617982377 27661 0 56791 5477357
7 1.619181512 28641 0 58858 5464691
7 1.6203815 28362 1 58557 5436665
7 1.621581009 25113 0 51017 5489024
7 1.622840073 24545 0 49769 5727125
7 1.623942984 25319 0 52050 4950704
7 1.625142029 29260 0 60364 5479126
7 1.626343912 26258 0 53680 5503365
7 1.62754968 24527 0 49676 5536586
7 1.628753202 27940 0 57742 5474408
7 1.629953185 24471 0 49601 5510298
7 1.631165344 24653 0 49867 5560464
7 1.632363393 29478 0 60806 5417981
7 1.633567278 26096 0 53130 5522176
7 1.63477533 27786 0 57004 5523742
7 1.635878237 25793 0 53351 4983031
7 1.637079007 28562 0 58753 5474836
7 1.638274977 24688 0 50052 5495544
7 1.639479266 23992 0 48603 5529445
7 1.640686059 25717 0 52385 5516996
7 1.64189029 24550 0 49820 5528873
7 1.643088504 27272 0 55866 5479637
7 1.644226997 26294 0 54207 5144354
7 1.645427278 29537 0 60813 5470398
7 1.646633334 26932 0 55050 5525282
7 1.647835415 26899 0 55217 5461276
7 1.649041224 27043 0 55844 5511251
7 1.650251109 27469 1 56288 5535428
7 1.651450396 25040 0 50922 5500782
7 1.652656537 25895 0 53204 5522087
7 1.653861158 24721 0 50174 5528996
7 1.655062981 27008 0 55339 5497284
7 1.656201385 28559 6 58927 5047072
7 1.657400002 30838 0 63532 5461129
7 1.658596932 30795 0 63468 5451367
7 1.659798335 30146 0 62003 5444785
7 1.660999736 30594 0 63075 5448550
7 1.662199603 30780 0 63323 5467811
7 1.663391518 30621 0 63123 5429358
7 1.664590359 27747 0 56837 5475141
7 1.665791589 30746 0 63220 5462671
7 1.666989935 28258 0 57726 5488676
7 1.668092244 26239 0 54178 4983759
7 1.6692982 30585 0 63014 5494845
7 1.670502831 30916 0 63568 5477038
7 1.671705372 30868 0 63508 5476154
7 1.6729185 31060 0 64189 5505624
7 1.674120086 30873 0 63537 5464310
7 1.675318453 30794 0 63348 5458886
7 1.6765125 29605 0 61178 5405240
7 1.677714468 30916 0 63663 5477421
7 1.678915433 30864 0 63423 5469426
7 1.680015802 28239 0 58131 4968594
7 1.681217289 28361 0 58124 5507874
7 1.682417696 29649 0 60857 5478575
7 1.683617045 30725 0 63369 5455599
7 1.684815661 25448 0 51691 5486694
7 1.686009266 30602 0 63072 5429176
7 1.68720806 29289 0 60062 5480102
7 1.688412844 30855 0 63528 5439659
7 1.689617352 31029 0 63854 5482841
7 1.690815409 30825 0 63605 5460897
7 1.691920136 27022 0 55845 4991794
7 1.693123821 30844 0 63418 5468018
7 1.694321081 30756 0 63365 5458611
7 1.695526505 30580 0 63054 5496347
7 1.696729306 26005 0 53072 5471274
7 1.697952862 24980 0 50626 5625705
7 1.699154696 30871 0 63572 5464640
7 1.70036031 29851 0 61750 5442342
7 1.701562374 30928 0 63724 5473861
7 1.702757619 30674 0 63056 5439380
7 1.703858227 28204 0 57964 4969890
7 1.705055293 27818 0 56693 5487063
7 1.706257792 30814 0 63396 5466860
7 1.707459896 30935 0 63640 5483671
7 1.70866449 25658 0 52302 5469388
7 1.709870185 29507 0 60544 5489644
7 1.711069449 30777 0 63194 5450473
7 1.712205108 28218 0 58181 5148512
7 1.713311191 26363 0 54534 5022899
7 1.714514682 24447 0 49360 5521540
7 1.715729147 28677 0 59049 5536907
7 1.716929797 30513 0 62876 5433698
7 1.718069941 24156 0 49279 5240178
7 1.719173372 21416 0 43202 5043937
7 1.720327494 25023 0 51563 5243425
7 1.721530869 25621 0 51761 5504149
7 1.72273562 30899 0 63652 5482462
7 1.723850398 27547 0 57062 5054915
7 1.725050517 24983 0 50465 5506335
7 1.726248131 30737 0 63446 5450504
7 1.727449009 30843 0 63436 5462489
7 1.728650132 26118 0 53189 5492708
7 1.729844179 30623 0 63062 5436178
7 1.730945222 25031 0 51361 4966157
7 1.73204835 24103 0 49439 4997944
7 1.733249187 27712 0 56458 5495903
7 1.734449905 26319 0 53264 5508899
7 1.735656918 27113 1 55166 5536741
7 1.736856731 25317 0 51313 5457823
7 1.738053016 26019 0 52660 5494245
7 1.739258166 27077 0 55079 5524093
7 1.740457665 29617 0 61203 5404108
7 1.741665069 30953 0 63919 5503276
7 1.74286057 28626 0 58704 5469416
7 1.743964916 27448 1 56797 4960652
7 1.745175085 25728 0 52055 5530567
7 1.7463802 30918 0 63673 5479563
7 1.747481949 26881 0 55380 5035169
7 1.748685921 24550 0 50116 5480270
7 1.749886584 29000 0 59498 5480593
7 1.751083841 27501 1 56041 5486512
7 1.752222213 25186 0 51518 5159212
7 1.753419053 27771 0 56654 5475194
7 1.754626766 30115 0 62034 5508313
7 1.75584865 27626 0 56731 5558123
7 1.757049293 30338 0 62782 5452330
7 1.758246609 30067 0 61874 5460055
7 1.759446322 29185 0 59863 5480129
7 1.760646641 30744 0 63308 5418761
7 1.761844371 30729 0 63343 5457286
7 1.76304392 30787 0 63188 5456608
7 1.764179564 26916 0 55572 5157498
7 1.765378313 26041 0 52715 5496754
7 1.766587892 28016 0 57122 5534945
7 1.767787189 30589 0 63113 5372147
7 1.768992004 30740 0 63328 5315827
7 1.770189718 30828 0 63523 5458215
7 1.771389158 30967 0 63667 5459658
7 1.772595677 26717 2 54524 5514915
7 1.773788445 30628 0 63086 5427564
7 1.774981483 30488 0 62904 5420020
7 1.776089236 28244 0 58291 4974070
7 1.777288562 30840 0 63396 5462150
7 1.778491169 28474 0 58333 5508420
7 1.779689997 30731 0 63330 5459379
7 1.780889131 24810 0 50271 5494070
7 1.782089645 30801 0 63413 5456561
7 1.783280753 27128 0 55286 5471878
7 1.784483092 30780 0 63335 5437979
7 1.785690425 31129 0 64068 5501901
7 1.786886477 30666 0 63241 5447962
7 1.787987315 26380 0 54391 4977633
7 1.789178569 30602 0 63026 5422039
7 1.790375107 30705 0 63250 5447112
7 1.791575799 30924 0 63616 5466472
7 1.792771038 30664 0 63355 5427671
7 1.79397893 30218 0 62251 5511574
7 1.795179933 30779 0 63306 5457083
7 1.796382616 29812 0 61517 5434027
7 1.797580235 29283 0 60111 5478124
7 1.798781929 26174 0 52957 5512641
7 1.799883322 28121 0 58076 4967275
7 1.801084085 29942 0 61663 5479783
7 1.802282062 30774 0 63326 5457903
7 1.803478402 30666 0 63284 5448983
7 1.804681199 26140 0 53288 5499049
7 1.805882913 30764 0 63418 5464395
7 1.807086167 31008 0 63778 5482035
7 1.808284368 30600 0 63111 5413022
7 1.80948688 30837 0 63433 5455769
7 1.810693786 31045 0 63917 5502681
7 1.811840426 28683 0 59294 5191479
7 1.813040363 30594 0 63113 5440949
7 1.81424198 30778 0 63408 5469946
7 1.815442176 30608 0 63116 5482161
7 1.816652392 30933 0 63719 5483238
7 1.817847238 28293 0 57837 5471509
7 1.819048532 30821 0 63532 5471318
7 1.820186665 26765 0 55066 5156747
7 1.821389636 28977 0 59438 5494112
7 1.822595378 30964 0 63768 5485217
7 1.823803149 31019 0 64095 5476021
7 1.8250036 29661 0 61090 5461564
7 1.826202554 30733 0 63282 5451385
7 1.827396043 30693 0 63175 5439191
7 1.828604909 29941 0 61775 5455323
7 1.829806637 28772 0 58877 5501349
7 1.831001664 30429 0 62606 5435101
7 1.832101576 28373 0 58941 5055700
7 1.833322218 31090 0 63621 5462111
7 1.834519911 26136 0 52767 5504198
7 1.835736074 30098 0 61883 5535523
7 1.836936278 24720 0 50007 5498152
7 1.838136098 30708 0 63338 5466398
7 1.839337244 30803 0 63436 5462623
7 1.840534954 30659 0 63272 5428342
7 1.841733343 30803 0 63437 5457933
7 1.842927913 30741 0 63283 5435524
7 1.844028965 27151 0 56114 4967712
7 1.845224424 30724 0 63156 5445904
7 1.846428416 30903 0 63676 5486091
7 1.847633099 30823 0 63622 5490292
7 1.848833347 28985 0 59891 5462064
7 1.850040884 30947 0 63742 5490858
7 1.851241253 30867 0 63644 5470776
7 1.852448707 26918 0 55148 5478420
7 1.853654617 30972 0 63746 5490075
7 1.854849827 30107 0 61946 5457469
7 1.855951596 26777 0 55349 4976312
7 1.85715851 30942 0 63734 5490958
7 1.858359971 30828 0 63468 5471791
7 1.859564857 30993 0 63786 5487681
7 1.860774824 26051 0 53110 5534504
7 1.86197609 29756 0 61155 5477635
7 1.863171236 30694 0 63292 5438711
7 1.864364963 28289 0 58051 5420276
7 1.865575335 31107 0 63952 5503740
7 1.866770307 30678 0 63031 5437622
7 1.867870153 27388 1 56678 4975855
7 1.869070059 30682 0 63061 5449193
7 1.870272873 30878 0 63584 5487049
7 1.871480157 31041 0 63886 5489714
7 1.872689602 31069 0 63850 5493729
7 1.873889536 28650 0 58613 5496416
7 1.875090323 30817 0 63424 5454592
7 1.876225648 27706 0 57043 5129437
7 1.877422128 30747 0 63287 5454712
7 1.878626149 30962 0 63758 5482439
7 1.879830513 30830 0 63507 5452023
7 1.881037185 28579 0 58545 5521954
7 1.882235815 30749 0 63299 5447916
7 1.883441278 30981 0 63684 5491404
7 1.884644982 29888 0 61751 5468424
7 1.885852709 31002 0 63790 5497995
7 1.887051665 27748 1 56567 5497394
7 1.888189959 29138 0 60147 5141647
7 1.889388846 27965 0 57095 5485973
7 1.89059045 30764 0 63333 5468093
7 1.891794727 30243 0 62415 5469390
7 1.892998142 30455 0 62801 5455069
7 1.894196375 28798 0 58957 5473237
7 1.895401564 30973 0 63748 5486093
7 1.896607625 30951 0 64016 5488414
7 1.897807431 30727 0 63398 5457032
7 1.899008562 30807 0 63488 5474884
7 1.900109893 27151 0 56178 4958438
7 1.901337233 31586 0 65110 5597116
7 1.902540353 30891 0 63569 5476957
7 1.903756899 31242 0 64420 5528881
7 1.904955307 30784 0 63362 5429967
7 1.906148946 25584 0 51650 5489625
7 1.90735266 30825 0 63570 5481209
7 1.908548234 29562 0 61180 5399202
7 1.909751019 30838 0 63515 5468651
7 1.91094842 30767 0 63300 5446776
7 1.912049196 28172 0 58165 4971501
7 1.913254705 31010 0 63764 5487423
7 1.914457291 28192 0 57661 5512955
7 1.915663776 30995 0 63863 5488951
7 1.916862022 25208 0 51150 5488171
7 1.91805796 29828 0 61319 5451492
7 1.919250035 30597 0 63057 5428283
7 1.920451574 30189 0 62256 5394711
7 1.921657713 31052 0 63852 5491301
7 1.922855178 30804 0 63462 5459216
7 1.923959765 27265 0 56246 4978309
7 1.92516285 30544 0 62957 5495794
7 1.926363007 30797 0 63405 5459550
7 1.927565522 30932 0 63610 5474060
7 1.928764603 30790 0 63556 5449038
7 1.929964336 30850 0 63522 5458674
7 1.931161117 27696 0 56538 5486531
7 1.932356945 27694 0 56945 5417418
7 1.933562435 30996 0 63730 5483942
7 1.934771413 31124 0 64000 5501093
7 1.935871959 28136 0 58001 4966312
7 1.937068443 30854 0 63448 5456711
7 1.938271319 29949 0 61690 5492119
7 1.939474856 30898 0 63453 5470592
7 1.940675035 26216 0 53468 5495672
7 1.941871319 30697 0 63251 5442650
7 1.9430669 30734 0 63311 5444184
7 1.94420979 29383 0 60603 5189570
7 1.945422247 30882 0 63602 5490208
7 1.946626367 31028 0 63735 5484423
7 1.947845724 28165 1 57962 5552788
7 1.949055751 29756 0 61584 5494375
7 1.950251002 30706 0 63256 5441988
7 1.951456142 31001 0 63817 5490881
7 1.952662341 30896 0 63678 5476448
7 1.953863115 29588 0 60736 5484494
7 1.955068755 30913 0 63714 5488304
7 1.95620595 28181 0 58075 5132309
7 1.957409052 30954 0 63706 5478099
7 1.958617545 31113 0 64014 5504856
7 1.959828206 31046 0 63981 5485409
7 1.961026398 30752 0 63233 5443374
7 1.962226531 26372 0 53379 5519220
7 1.963432238 31006 0 63849 5486816
7 1.96463306 29627 0 61127 5449820
7 1.965841954 27167 0 55232 5553460
7 1.967037678 30665 0 63159 5439525
7 1.96817355 28996 0 59840 5124400
7 1.969371326 30782 0 63416 5457726
7 1.970569918 30768 0 63404 5460887
7 1.971785797 30518 0 62862 5521485
7 1.972981213 25280 0 51071 5471086
7 1.974183782 30789 0 63261 5466050
7 1.975374518 30600 0 63126 5429383
7 1.97657808 30688 0 63339 5452976
7 1.977771947 30739 0 63244 5436107
7 1.978966387 30703 0 63260 5441943
7 1.98006747 27129 0 56319 4964903
7 1.98126466 30648 0 63165 5456171
7 1.982470037 30885 0 63733 5491892
7 1.983673835 30976 0 63721 5475375
7 1.984876305 30812 0 63447 5457451
7 1.986073582 30833 0 63549 5459289
7 1.987273138 30813 0 63443 5461910
7 1.988474631 29782 1 61494 5444159
7 1.989676541 30935 0 63771 5470262
7 1.990883897 31037 0 63920 5496871
7 1.991984478 28242 0 58269 4970499
7 1.993184059 30853 0 63465 5459200
7 1.994384718 26387 0 53331 5512074
7 1.995589082 30975 0 63721 5483657
7 1.996789762 29827 0 61474 5452338
7 1.99799386 26972 0 54807 5520218
7 1.999190396 25927 0 52493 5499203
7 2.000402265 30951 0 63637 5467633
7 2.001606355 31006 0 63759 5486396
7 2.002804536 30848 0 63438 5455432
7 2.003904603 27360 0 56549 4969242
7 2.005103077 28020 0 57303 5487552
7 2.006306089 30919 0 63693 5473916
7 2.007510727 30971 0 63703 5479041
7 2.008716534 30848 0 63478 5477674
7 2.00991446 30861 0 63410 5441698
7 2.011110383 30716 0 63350 5446234
7 2.012246815 26300 0 54038 5147096
7 2.013454887 31053 0 64004 5502893
7 2.014668957 31029 0 63987 5526887
7 2.015834711 29880 0 61564 5274870
7 2.01703737 30893 0 63608 5469457
7 2.018242117 30986 0 63766 5481797
7 2.019438142 30726 0 63408 5452862
7 2.020644431 29965 0 61963 5490771
7 2.021841767 30781 0 63312 5447523
7 2.023036484 30694 0 63171 5446944
7 2.024171938 29008 0 59974 5130162
7 2.025369734 30809 0 63486 5451223
7 2.026570949 30943 0 63699 5469401
7 2.027785993 30377 0 62898 5520762
7 2.028983875 25135 0 50768 5473451
7 2.030179906 30764 0 63407 5442992
7 2.031371159 30438 0 62711 5422151
7 2.032579402 30857 0 63743 5479035
7 2.03378832 31147 0 64087 5497115
7 2.034988935 30835 0 63365 5469315
7 2.036089445 25923 0 53513 4985379
7 2.037284991 30712 0 63106 5429855
7 2.038481513 30845 0 63487 5458370
7 2.039686191 30984 0 63851 5486652
7 2.040895317 31016 0 63744 5482929
7 2.042089779 30721 0 63311 5438211
7 2.043287067 30759 0 63295 5449194
7 2.044490409 29912 0 61762 5454169
7 2.045699213 31063 0 63937 5508931
7 2.046902114 30880 0 63564 5474627
7 2.048001651 25410 0 52016 4987993
7 2.049203727 27971 0 57170 5507615
7 2.050402065 30576 0 62981 5451561
7 2.051598253 30714 0 63120 5442039
7 2.052793524 25635 0 52133 5473938
7 2.053985374 30528 0 62977 5424438
7 2.055181477 30753 0 63194 5441688
7 2.056370714 30468 0 62776 5378683
7 2.057569779 30810 0 63407 5459111
7 2.058770746 30874 0 63600 5472479
7 2.059873142 27401 0 56635 4976987
7 2.061079452 30742 0 63277 5487137
7 2.062276813 30788 0 63497 5459635
7 2.063484551 28771 0 58895 5525595
7 2.064686116 26838 0 54563 5489064
7 2.065887965 30920 0 63743 5469975
7 2.06708432 30734 0 63214 5441661
7 2.068221524 28139 0 58134 5133357
7 2.069425506 30969 0 63622 5480276
7 2.070627873 30983 0 63779 5481351
7 2.071834512 30975 0 63854 5462741
7 2.073042215 31007 0 63734 5489265
7 2.074237709 30813 0 63322 5442735
7 2.075442579 30990 0 63888 5495819
7 2.076643772 29792 0 61598 5447376
7 2.077850282 31033 0 63789 5494172
7 2.079049117 30806 0 63436 5465198
7 2.080186415 28535 0 58960 5127034
7 2.081389895 30251 0 62443 5487783
7 2.08259061 30843 0 63418 5459375
7 2.083790398 30091 0 61993 5448623
7 2.084989264 25385 0 51278 5486895
7 2.086188094 30776 0 63460 5452088
7 2.087394257 29792 0 61080 5508134
7 2.088602558 30994 0 63867 5478899
7 2.089797838 30768 0 63391 5445277
7 2.090995233 30022 0 61810 5467263
7 2.092100989 26140 0 53846 5002267
7 2.093303027 30859 0 63636 5471461
7 2.094509085 30992 0 63812 5489931
7 2.095710934 30845 0 63684 5490749
7 2.096912758 26134 0 52653 5478105
7 2.098111658 30616 0 62979 5452618
7 2.099301319 26425 0 53705 5467657
7 2.100502919 26938 0 55094 5470611
7 2.101708124 29531 0 60591 5502635
7 2.102910013 30925 0 63630 5463142
7 2.10401072 28111 0 58020 4973854
7 2.105204022 27771 0 56672 5469028
7 2.106407858 30932 0 63637 5476046
7 2.107609246 30849 0 63566 5468019
7 2.108812578 29832 0 61595 5465285
7 2.110014881 30884 0 63497 5455644
7 2.111210296 27515 0 56093 5484432
7 2.112411765 30079 0 62079 5436650
7 2.113616576 30915 0 63651 5480878
7 2.114828538 30965 0 63735 5517060
7 2.11592987 27209 0 56350 4976704
7 2.117131303 30865 0 63363 5461342
7 2.118327603 30788 0 63386 5455340
7 2.119532367 30993 0 63712 5476883
7 2.120733075 30829 0 63433 5448849
7 2.121929365 30781 0 63209 5448006
7 2.123123941 30747 0 63259 5449190
7 2.124266688 28178 0 58297 5151629
7 2.125467101 30813 0 63438 5464667
7 2.126669792 30916 0 63712 5481216
7 2.127849054 30245 0 62253 5335664
7 2.129048005 30845 0 63576 5462904
7 2.13024981 30829 0 63478 5465404
7 2.131456252 30911 0 63588 5499497
7 2.132669017 26509 0 54112 5563341
7 2.133861532 30639 0 63076 5422144
7 2.135061769 30741 0 63171 5465072
7 2.136196358 29002 0 59877 5127073
7 2.137397755 27596 0 56114 5507230
7 2.138606014 31039 0 63798 5498124
7 2.139804252 30086 0 62096 5442862
7 2.141001672 25440 0 51380 5480507
7 2.142200738 30769 0 63229 5453900
7 2.143404745 30915 0 63538 5480812
7 2.144615478 31104 0 64090 5502979
7 2.145827024 31078 0 63892 5511994
7 2.147027887 30818 0 63381 5471133
7 2.148128802 25738 0 53366 5017735
7 2.149360531 30963 0 63478 5568620
7 2.150557925 27609 0 56386 5480814
7 2.15177297 31109 0 63968 5505638
7 2.152973017 30820 0 63406 5444859
7 2.154175373 30878 0 63537 5477531
7 2.15537527 30860 0 63631 5462020
7 2.156579338 26381 0 53894 5491359
7 2.157775785 30721 0 63364 5443582
7 2.158977415 30908 0 63459 5467720
7 2.160077417 28146 0 58205 4972288
7 2.161273212 30724 0 63294 5443089
7 2.162478133 31084 0 63973 5489597
7 2.163677617 30708 0 63158 5457568
7 2.164872181 24930 0 50596 5479924
7 2.166074464 30785 0 63372 5464185
7 2.167270766 30778 0 63301 5447315
7 2.168475632 30903 0 63616 5463219
7 2.169683278 31100 0 63937 5500141
7 2.170881452 30721 0 63308 5459849
7 2.17198244 26481 0 54732 4982722
7 2.173181702 30151 0 62064 5465520
7 2.174381571 30775 0 63344 5456087
7 2.175578483 30801 0 63352 5451361
7 2.176782577 30895 0 63616 5467904
7 2.177985341 30858 0 63498 5477506
7 2.179182591 30771 0 63480 5450126
7 2.18038031 29715 0 61307 5403912
7 2.181579467 30707 0 63224 5463002
7 2.182789929 31088 0 64034 5510583
7 2.183890494 28137 0 58012 4970808
7 2.185090407 30831 0 63574 5470731
7 2.186289345 30781 0 63217 5455173
7 2.187490028 30872 0 63562 5472231
7 2.188697819 26285 0 53567 5523436
7 2.189892575 30604 1 63071 5435840
7 2.19109548 30837 0 63522 5479087
7 2.192230995 29066 0 59915 5127151
7 2.193431226 30886 0 63571 5470309
7 2.194629231 30778 0 63293 5453538
7 2.195843785 30394 0 62732 5508023
7 2.197050109 30787 0 63534 5470011
7 2.198246516 25530 0 51515 5506004
7 2.199446687 30815 0 63420 5459620
7 2.200646277 30780 0 63342 5440780
7 2.201843761 30816 0 63380 5456007
7 2.203037701 30679 0 63093 5440220
7 2.204168444 26993 0 55506 5130031
7 2.205368365 30675 0 63331 5454469
7 2.206568129 30873 0 63323 5453911
7 2.207778687 31056 0 64021 5499186
7 2.208987699 31067 0 63950 5482611
7 2.210182724 30623 0 62896 5426901
7 2.211380864 30824 0 63450 5461401
7 2.212584284 26873 0 54762 5488717
7 2.213785137 30635 0 63261 5467944
7 2.214983962 28943 0 59370 5477187
7 2.216086685 28127 0 58107 4970215
7 2.217306144 31355 0 64438 5553647
7 2.218513161 31042 0 64005 5497719
7 2.219714629 30831 0 63532 5482333
7 2.220913706 25071 0 50812 5477922
7 2.222111063 30726 0 63336 5444613
7 2.22331101 30753 0 63194 5461045
7 2.224517339 30929 0 63786 5466744
7 2.225722077 30981 1 63776 5486836
7 2.226924397 30919 0 63660 5474561
7 2.228025124 27222 0 56357 4960176
7 2.22922486 30017 0 61687 5483572
7 2.23041998 30639 0 62980 5429867
7 2.231628528 31105 0 63960 5512177
7 2.232828 30800 0 63400 5443809
7 2.234024049 30660 0 63089 5443580
7 2.235225881 30840 0 63395 5474354
7 2.236428916 27235 0 55663 5466580
7 2.237632891 31002 0 63696 5478689
7 2.238833084 30970 0 63685 5465969
7 2.239935861 28174 0 58134 4978295
7 2.241141902 31017 0 63826 5496236
7 2.242340975 30806 0 63315 5458368
7 2.24354839 31059 0 63928 5501365
7 2.244748731 26118 0 53160 5460950
7 2.245942282 30610 0 63030 5423096
7 2.247139077 30518 0 62962 5465014
7 2.24833093 30450 0 62752 5380815
7 2.249537152 28156 0 57613 5530874
7 2.250771095 26100 0 52907 5667371
7 2.251874315 24376 0 49963 5013192
7 2.2530769 30699 0 63186 5458442
7 2.254268404 30667 0 63106 5430393
7 2.255472831 30974 0 63850 5483708
7 2.256671189 30753 0 63377 5436966
7 2.257876748 31056 0 63881 5486159
7 2.259073321 30826 0 63384 5444863
7 2.260208422 26493 0 54396 5148505
7 2.261403441 30688 0 63185 5435957
7 2.262610818 28857 0 59103 5522196
7 2.263818018 30729 0 63393 5458961
7 2.265019803 27503 0 55987 5507375
7 2.266219667 30744 1 63357 5459000
7 2.267417975 30795 0 63421 5454234
7 2.268616257 26087 0 53137 5482094
7 2.269817711 30935 0 63790 5461011
7 2.271018029 30943 0 63671 5460497
7 2.272126481 29010 0 60074 5140443
7 2.27335434 30944 0 63435 5459459
7 2.274561328 31035 0 63900 5499991
7 2.275782925 30606 0 63216 5549340
7 2.276988924 30660 0 63038 5459965
7 2.278188517 30854 0 63498 5462785
7 2.27938552 30738 0 63274 5451735
7 2.280588731 30669 0 63372 5463592
7 2.281788841 30827 0 63410 5463212
7 2.282989721 30960 0 63824 5475934
7 2.284092166 26498 0 54697 4983326
7 2.285286407 30674 0 63096 5429733
7 2.286486297 30849 0 63550 5468207
7 2.287688191 30908 0 63565 5469249
7 2.288894727 30904 0 63740 5482651
7 2.290093483 30872 0 63498 5451269
7 2.291286942 30685 0 63102 5434828
7 2.292488327 29772 0 61473 5442936
7 2.293695821 31047 0 63867 5503043
7 2.294895175 30919 10 63587 5444155
7 2.295995743 27982 0 57508 4865924
7 2.297200539 26732 0 53986 5529331
7 2.29840425 28006 0 56854 5514430
7 2.299607035 27953 0 56691 5506494
7 2.300808156 27965 0 57105 5468677
7 2.302006282 28711 0 58261 5476329
7 2.303205119 30177 0 61847 5471341
7 2.304408869 28890 0 58928 5463186
7 2.305615549 26527 1 53646 5539659
7 2.306821177 29018 0 59169 5519504
7 2.307925789 26651 0 55018 4980370
7 2.309122683 27130 0 54912 5495568
7 2.310329664 33603 0 69543 5469955
7 2.311526398 28521 0 57978 5473935
7 2.312724678 29019 0 59256 5453405
7 2.313854932 24435 0 49335 5177051
7 2.314964501 24163 0 48885 5086687
7 2.316066236 26119 0 53735 4981252
7 2.317259644 31267 0 64201 5438164
7 2.318413509 24022 0 48720 5280316
7 2.319517834 28280 0 58360 4988818
7 2.320721935 31297 0 64547 5436416
7 2.321922647 28560 0 58008 5494847
7 2.323122111 29031 0 59167 5486507
7 2.324260453 28187 0 58020 5142335
7 2.325464524 31886 0 65568 5485460
7 2.326659782 29150 0 59400 5460203
7 2.327830074 27282 0 55578 5319465
7 2.329034797 26788 0 54145 5522928
7 2.330235956 26949 0 54549 5503481
7 2.331437379 25467 0 51561 5474875
7 2.332642117 28848 0 59244 5455478
7 2.333848212 28353 0 57810 5520262
7 2.335053366 29328 0 59909 5508485
7 2.3361917 28044 0 57606 5146021
7 2.337389937 27543 0 55757 5487521
7 2.338593358 27233 0 55175 5521566
7 2.339802916 28315 0 57858 5504518
7 2.341008861 29544 1 60597 5491876
7 2.342210254 29265 0 59734 5489037
7 2.343409417 25945 0 52345 5505317
7 2.344609301 29315 0 60381 5427394
7 2.345828064 28294 0 57452 5577965
7 2.347035069 27542 0 56037 5529335
7 2.348137094 24095 0 49820 5044283
7 2.349362431 27330 0 54812 5561309
7 2.350567888 30891 0 63719 5495615
7 2.351789859 28380 0 57874 5561612
7 2.352986957 27140 0 54958 5460357
7 2.354188402 27215 0 55222 5507236
7 2.355398837 27000 0 54689 5550551
7 2.356604258 28992 0 59598 5459136
7 2.35781544 26956 0 54433 5549762
7 2.359015904 27022 0 54687 5503279
7 2.360117596 26338 0 54105 4981279
7 2.36131358 32391 0 66570 5441412
7 2.362513129 27979 0 56797 5500052
7 2.363722076 28617 1 58272 5514889
7 2.364923291 28725 0 58746 5458516
7 2.366126638 30269 0 62019 5488285
7 2.367328748 30218 0 61727 5488001
7 2.368534888 28436 0 58157 5460810
7 2.369747092 30607 1 62801 5533923
7 2.370946229 31733 0 65144 5458631
7 2.372047547 28083 0 58176 4969171
7 2.373241598 27361 0 55478 5468288
7 2.374442295 31986 0 65762 5469622
7 2.375649194 27177 0 55003 5529962
7 2.376859732 29908 0 61177 5480146
7 2.378055079 27008 0 54638 5483865
7 2.379259565 30166 0 61765 5495297
7 2.380457433 28556 0 58613 5421854
7 2.381666316 27317 0 55283 5540940
7 2.382873968 26706 0 53875 5532259
7 2.383974939 25787 0 52559 5009120
7 2.385175396 25810 0 52234 5489969
7 2.386375432 29046 1 59214 5486892
7 2.387583291 32097 0 66064 5496756
7 2.388779958 27587 0 56496 5427640
7 2.389986863 26447 0 53453 5540655
7 2.391189363 27907 0 56712 5500333
7 2.392386339 32730 0 67727 5401313
7 2.393594943 28312 0 57581 5535216
7 2.394795112 27608 0 55995 5497698
7 2.395897246 27033 0 55616 4976700
7 2.397099918 28217 0 57384 5501480
7 2.398302917 27453 0 55663 5514895
7 2.399512717 29057 0 59210 5530994
7 2.400723325 30258 0 62086 5502127
7 2.401926257 26752 0 54092 5523693
7 2.40312386 27037 0 54678 5485915
7 2.404259144 30527 0 63075 5109559
7 2.405456293 28166 0 57297 5479915
7 2.406659753 27981 0 56838 5510997
7 2.407835961 27969 0 56983 5338452
7 2.408986456 25622 0 51877 5262380
7 2.410189692 27612 0 56291 5478986
7 2.411393132 26796 0 54236 5501272
7 2.412597545 32144 0 66614 5442689
7 2.413806025 26610 0 53823 5544588
7 2.415009235 26588 0 53772 5520338
7 2.416111372 25239 0 51496 5000895
7 2.417348072 28382 0 57486 5666834
7 2.418558086 28198 0 57347 5538327
7 2.419782938 30820 0 63381 5560010
7 2.42098814 27831 0 56552 5495376
7 2.422188857 27601 0 56112 5496241
7 2.423387765 33540 0 69313 5440563
7 2.424582729 29309 0 60092 5442580
7 2.425785037 28326 0 57657 5498744
7 2.426992947 27418 0 55491 5533113
7 2.428094218 26752 0 54828 4973110
7 2.429293279 32984 0 68022 5459442
7 2.430494491 29154 0 59430 5487571
7 2.431693231 27931 0 56752 5492303
7 2.432900678 30455 0 62468 5469806
7 2.434100226 26934 0 54505 5495067
7 2.435295587 26894 2 54396 5482251
7 2.436503798 29761 0 61388 5478650
7 2.437704482 27438 0 55638 5498537
7 2.438909312 32988 0 68141 5483709
7 2.44001619 26855 0 54919 5007635
7 2.441211203 29268 0 59760 5467664
7 2.442411917 27076 0 54876 5503493
7 2.443615174 28450 0 57861 5502601
7 2.444811441 26215 0 53264 5461101
7 2.446009938 29603 0 60406 5475269
7 2.447212523 28643 0 58245 5500662
7 2.448410184 31293 0 64226 5408174
7 2.449612815 32091 0 66005 5481949
7 2.450828029 26309 0 53304 5576842
7 2.451932206 24891 0 50799 5001010
7 2.453133794 27047 0 54717 5513186
7 2.454340064 29189 0 59522 5512958
7 2.455550004 32067 0 65973 5511923
7 2.456757464 30895 0 63467 5488410
7 2.457956501 29687 0 60708 5475420
7 2.459156739 26948 0 54526 5499999
7 2.460358649 31839 0 65897 5422676
7 2.461573864 27898 0 56644 5562446
7 2.462775097 27651 0 56125 5504452
7 2.463877271 26949 0 55177 4984521
7 2.465076576 30125 0 61468 5475863
7 2.466273157 32888 0 67940 5445773
7 2.467468339 27542 0 55884 5470811
7 2.468673032 32408 1 67028 5447690
7 2.469870112 26774 0 54091 5495792
7 2.47106865 29930 0 61113 5470038
7 2.472206932 28748 0 59264 5149849
7 2.473412354 27302 0 55316 5528745
7 2.474619619 30807 0 63161 5500417
7 2.475843366 27699 0 56433 5566803
7 2.477043186 26896 0 54411 5487916
7 2.478242158 30370 0 62185 5475842
7 2.479441514 29213 0 59535 5485468
7 2.480648888 28929 0 59017 5500293
7 2.481848878 27562 0 55891 5496772
7 2.483047804 27004 0 54644 5492857
7 2.484183466 27873 0 57433 5136964
7 2.485388108 26478 0 53497 5525723
7 2.486594754 29086 0 59202 5518140
7 2.487803989 28227 0 57550 5510645
7 2.489009338 28228 0 57388 5501674
7 2.490217199 29281 0 59759 5521250
7 2.491422821 29533 0 60191 5507600
7 2.492632718 28407 0 58237 5509726
7 2.493841979 33119 0 68086 5495222
7 2.495042717 33608 0 69321 5452590
7 2.496179222 26925 0 55138 5077137
7 2.497383796 26965 0 54699 5530364
7 2.4985907 26716 0 53970 5535528
7 2.499794711 27672 0 56371 5482172
7 2.500995283 33270 1 68556 5424927
7 2.502198023 26568 0 53701 5527769
7 2.503397572 33549 0 69212 5443603
7 2.504602079 30351 0 62364 5494752
7 2.505797904 33393 0 68859 5430723
7 2.50699716 26628 0 53829 5503747
7 2.508098766 25680 0 52662 4988674
7 2.509253913 25549 0 51641 5300687
7 2.510463353 28452 0 57685 5531003
7 2.511668428 26822 0 54285 5502279
7 2.512868268 26466 0 53828 5443466
7 2.514073064 27016 0 54690 5523757
7 2.515281525 27063 0 54904 5535546
7 2.516488194 31342 0 64488 5475199
7 2.517699099 30797 0 63091 5524193
7 2.518895509 31859 0 65408 5444287
7 2.519996944 26447 0 54190 4974757
7 2.52118622 30333 0 62041 5427334
7 2.522383055 27206 0 55061 5484251
7 2.523582543 30376 0 62057 5477583
7 2.524779671 30138 0 61943 5446216
7 2.52597643 32565 0 67231 5443999
7 2.527169524 27181 0 55070 5466329
7 2.528371734 30955 0 63893 5424634
7 2.529579669 26387 0 53260 5546434
7 2.530781788 27562 0 55915 5503760
7 2.531883843 27472 0 56350 4982191
7 2.533080451 28480 0 57913 5479649
7 2.534281708 27649 0 56057 5497726
7 2.535493882 31780 0 65291 5526061
7 2.536696687 27305 1 55864 5485798
7 2.537906861 28265 0 57551 5538741
7 2.539107277 29965 0 61293 5477323
7 2.540244935 26766 0 54696 5164902
7 2.541449379 26742 0 54021 5521135
7 2.542655044 33291 0 68707 5482592
7 2.543848318 31875 0 65802 5386813
7 2.545048232 26562 0 53749 5489770
7 2.546253427 27919 0 56618 5521758
7 2.547451607 27787 0 56503 5485187
7 2.548653338 29015 0 59282 5470663
7 2.549851237 26408 0 53361 5499455
7 2.551051323 26356 1 53371 5500821
7 2.552188444 28400 0 58451 5130691
7 2.553388099 26630 0 53832 5508084
7 2.554596172 33026 0 68124 5493136
7 2.555797686 29646 0 60857 5456450
7 2.556998963 28453 0 58138 5473875
7 2.558198951 26648 1 53949 5500580
7 2.559401565 27370 0 55387 5506567
7 2.560607137 28385 3 57992 5463680
7 2.561806873 32268 0 66448 5457342
7 2.563001124 31024 0 63604 5444991
7 2.56410361 28855 0 59956 4965183
7 2.565295246 30733 1 63119 5439018
7 2.566495839 29853 0 61039 5479385
7 2.56770105 27568 0 55838 5521638
7 2.568909848 29254 0 59813 5508574
7 2.570115502 33433 0 68966 5476417
7 2.571315904 29087 0 59312 5488815
7 2.5725171 26977 0 55114 5466813
7 2.573724375 30455 0 62304 5503648
7 2.574921137 29979 0 61246 5462104
7 2.576022188 29457 0 60972 4959412
7 2.577219596 27117 0 54969 5493776
7 2.57842945 28142 0 57133 5537343
7 2.579629132 26621 0 53821 5500671
7 2.58077646 27450 0 57069 5261643
7 2.582000271 27788 0 55963 5530263
7 2.583202417 27085 0 54834 5507449
7 2.584406077 29335 0 60359 5448858
7 2.585611956 31975 0 65668 5486245
7 2.586809683 27637 0 56111 5488992
7 2.58791526 25327 0 51717 4999197
7 2.589117843 31572 0 65050 5486619
7 2.590320536 30982 0 63567 5483134
7 2.591524876 33716 0 69554 5465876
7 2.592731275 26854 1 54835 5436798
7 2.593935026 29729 0 60677 5497543
7 2.595138171 31190 1 64018 5486554
7 2.596273939 27624 1 56787 5126642
7 2.597475423 26258 0 53018 5519701
7 2.598681137 30217 0 61832 5504863
7 2.599856934 31969 1 66138 5307098
7 2.601056677 26947 2 54684 5488583
7 2.602258994 28434 0 57905 5499570
7 2.603458181 29849 0 60919 5472573
7 2.604662215 29182 0 59880 5479587
7 2.605868639 26142 0 52699 5535808
7 2.607068664 26013 0 52542 5511551
7 2.608204584 30246 0 62648 5114200
7 2.60941262 29629 0 60382 5528402
7 2.610621557 30192 1 61741 5520513
7 2.611846497 32851 0 67940 5525940
7 2.613047211 28175 0 57243 5472675
7 2.614247915 29500 0 60328 5483044
7 2.615454937 32837 1 67678 5494967
7 2.616664894 29357 0 60097 5502077
7 2.617871409 31860 1 65545 5493998
7 2.619073072 26731 0 53968 5514573
7 2.620215091 28188 0 57990 5156456
7 2.621415317 29786 0 60827 5484166
7 2.622625029 30744 0 62870 5518514
7 2.623836916 29131 0 59577 5504494
7 2.625028893 30524 0 62672 5411943
7 2.626225377 31075 0 63852 5455566
7 2.627426793 27407 0 55622 5502141
7 2.628631254 28816 0 59145 5505531
7 2.62983488 29073 0 59204 5501738
7 2.631035954 28454 0 57988 5492343
7 2.632169449 30822 0 63632 5107775
7 2.633367518 27519 0 55748 5493187
7 2.63457174 28899 0 58947 5508914
7 2.635783647 27883 0 56812 5519228
7 2.636988615 26397 0 53410 5506174
7 2.638189571 30163 0 61650 5479033
7 2.639386351 29167 0 59424 5469075
7 2.640593304 29950 0 61371 5495467
7 2.641799083 27389 0 55388 5526334
7 2.643004557 26634 0 53786 5527828
7 2.644106034 28680 0 59172 4958674
7 2.645326121 27560 0 55749 5596712
7 2.646532867 32008 0 65831 5494108
7 2.647741331 29054 0 59461 5514376
7 2.648944424 26662 0 54135 5491005
7 2.650147534 29768 0 60912 5496894
7 2.651352996 32299 0 66578 5474195
7 2.652565401 29381 0 60000 5520734
7 2.653781653 33981 0 70198 5527823
7 2.654982683 27385 0 55355 5503758
7 2.65608472 29381 0 60730 4951725
7 2.657282779 30739 0 63133 5474858
7 2.658483472 28181 0 57322 5495426
7 2.659688786 27279 0 55222 5522842
7 2.660894543 28952 0 59083 5472184
7 2.662096762 27213 1 55147 5510258
7 2.663296149 28451 0 58002 5483876
7 2.664509071 29933 0 61746 5455750
7 2.665710224 27583 0 55914 5501197
7 2.666909517 30294 0 62077 5474298
7 2.668011686 28946 0 59831 4953898
7 2.66921333 28839 0 58805 5496249
7 2.670416558 26414 1 53292 5513625
7 2.6716175 27784 0 56275 5500401
7 2.672829194 30333 6 62431 5508781
7 2.674030693 29037 0 59136 5488459
7 2.675232787 27447 0 55628 5507808
7 2.676433086 31478 0 64933 5426791
7 2.677638457 29724 1 60802 5506666
7 2.67884321 32946 0 67992 5479315
7 2.679945019 27441 0 56498 4971511
7 2.681135168 27256 0 55364 5468417
7 2.682334011 27948 0 56777 5481839
7 2.683543298 27923 0 56603 5541000
7 2.68475009 30459 0 62587 5478479
7 2.685949628 26850 0 54366 5502585
7 2.687148889 26019 0 52317 5496858
7 2.688345262 28020 3 57521 5427907
7 2.689550083 26449 0 53456 5527868
7 2.690749376 29999 0 61254 5471228
7 2.691849285 27791 0 57113 4973402
7 2.693059074 30062 0 61377 5516103
7 2.694261254 26907 0 54391 5510859
7 2.695458229 27228 0 55169 5485271
7 2.696663072 32275 2 66812 5452529
7 2.697863466 27178 0 55088 5505727
7 2.699067952 28950 0 59051 5507460
7 2.700206872 27275 0 55924 5142752
7 2.701405825 29854 0 61085 5485228
7 2.702610456 27397 0 55504 5521559
7 2.703818248 27002 0 54827 5508104
7 2.705021467 27528 0 55869 5483500
7 2.706223336 26642 0 53810 5514240
7 2.707428348 28709 0 58518 5510257
7 2.708630194 32325 0 66794 5435387
7 2.709730702 28693 0 58999 5018540
7 2.710928159 26299 0 53006 5496347
7 2.712029917 27634 0 56876 4966456
7 2.71323287 29369 0 59977 5494920
7 2.714435081 27232 0 55153 5501945
7 2.715635053 30066 0 61411 5479408
7 2.716832563 29318 0 59971 5448626
7 2.718033224 31270 0 64149 5471424
7 2.719233034 27357 0 55401 5502080
7 2.72043515 30833 0 63784 5423683
7 2.721643541 30446 0 62377 5517954
7 2.722841811 26708 0 54083 5489313
7 2.723942681 27424 0 56282 4986330
7 2.725147846 27947 0 56794 5515005
7 2.726349306 33045 0 68131 5463358
7 2.727553254 31323 0 64404 5489763
7 2.728751341 28837 0 59273 5447642
7 2.729948794 28347 0 57610 5480496
7 2.731150558 27244 0 55242 5517207
7 2.732353096 30671 0 62921 5447406
7 2.733559803 28524 0 57827 5514974
7 2.734764266 29260 0 59712 5511741
7 2.735870118 27248 0 56075 4994047
7 2.737069792 29841 0 61117 5483742
7 2.738270391 26370 0 53289 5507465
7 2.739469406 28315 0 57616 5484393
7 2.740668162 30858 1 63412 5443042
7 2.741868236 33565 0 69314 5453727
7 2.743062871 28285 0 57522 5471099
7 2.744201986 29519 0 60830 5139047
7 2.74540148 30110 0 61619 5473792
7 2.746615712 26983 0 54543 5565608
7 2.747831667 31886 1 65729 5501431
7 2.749032173 30105 0 61647 5478218
7 2.750236329 32255 0 66473 5482111
7 2.751430142 28888 0 59108 5453247
7 2.752632488 29194 0 59838 5470231
7 2.753834336 26566 0 53693 5508705
7 2.755041784 33301 0 68321 5487802
7 2.756177886 30125 0 61995 5135089
7 2.757381568 30794 0 63032 5489691
7 2.758588929 28261 0 57422 5524244
7 2.759798984 26446 0 53700 5522666
7 2.76099809 27284 0 55310 5468396
7 2.762200192 28710 0 58459 5501165
7 2.763399791 28703 0 58391 5483439
7 2.764605712 27482 0 56067 5520049
7 2.765806633 27484 0 55634 5499337
7 2.767003276 29337 0 59825 5465415
7 2.768108223 25618 0 52431 5003989
7 2.769328233 27178 0 54891 5601521
7 2.770534923 26774 0 54009 5541479
7 2.771747566 26857 0 54376 5553598
7 2.772949359 26674 0 54042 5494178
7 2.774148616 26657 0 53791 5495711
7 2.775349377 27658 0 56110 5498153
7 2.77655861 26770 0 54472 5508430
7 2.777761794 29672 0 60609 5496753
7 2.778962838 31811 0 65455 5470142
7 2.780064827 30673 0 63548 4963441
7 2.781257833 26476 0 53691 5475806
7 2.782461936 28609 0 58178 5503547
7 2.783658408 27644 0 56100 5479114
7 2.784861559 29048 1 59559 5477219
7 2.786067318 27087 0 54744 5527424
7 2.787264613 28265 0 57510 5480390
7 2.788469469 29803 0 61018 5472104
7 2.78967888 31301 0 64148 5509366
7 2.790876813 28054 0 56991 5486022
7 2.791978354 29056 0 60150 4961078
7 2.793181511 26560 0 53660 5522259
7 2.794379915 28365 0 57734 5495332
7 2.795583987 28229 0 57326 5506606
7 2.796800619 27671 0 56215 5557012
7 2.798001125 27864 0 56677 5495542
7 2.799202788 29013 0 59202 5493313
7 2.800404563 29115 0 59639 5434912
7 2.801613325 30774 0 63103 5520711
7 2.802816354 26502 0 53520 5513876
7 2.803917739 26564 0 54278 4989219
7 2.805114433 26780 0 54084 5487504
7 2.806317519 29363 0 59934 5502032
7 2.80752308 29082 0 59248 5509422
7 2.808731549 28733 1 58967 5501801
7 2.809841531 27054 0 55163 5073288
7 2.811042572 27407 0 55591 5501776
7 2.812179571 29354 0 60479 5139835
7 2.8133838 31617 0 64998 5472250
7 2.814584987 27015 0 54780 5499626
7 2.815790905 27042 0 55012 5501842
7 2.816991928 29202 0 59543 5463682
7 2.818190482 26823 0 54254 5492554
7 2.819389424 28042 0 56982 5491384
7 2.820596814 32726 0 67537 5473754
7 2.821802087 27110 0 54792 5521458
7 2.823003121 27740 0 56281 5503859
7 2.824105357 28931 1 59805 4963765
7 2.825328162 33831 0 69588 5553637
7 2.826525475 33517 0 69125 5436363
7 2.827727394 28459 0 57985 5496855
7 2.828932643 32226 0 66188 5460510
7 2.830128453 27044 1 54670 5483848
7 2.831330303 26320 0 53231 5512404
7 2.832531034 31742 0 65652 5422978
7 2.833728795 28331 0 57512 5484221
7 2.834929322 32681 0 67409 5463039
7 2.83603129 28063 0 57658 4980578
7 2.837223883 30053 0 61401 5445543
7 2.838424705 30702 0 63066 5474325
7 2.83962395 29699 0 60538 5475769
7 2.840823648 28096 0 57558 5460959
7 2.842024395 26412 0 53251 5507903
7 2.843224775 32912 0 67827 5459746
7 2.844418262 30782 0 63234 5402188
7 2.845623619 28319 0 57558 5513958
7 2.846825177 28935 0 58980 5490680
7 2.84792489 24037 0 48941 5000313
7 2.849126585 28742 0 58477 5489647
7 2.850326602 28785 0 58670 5486921
7 2.851537654 28406 0 57823 5534815
7 2.852739989 31851 0 65723 5460365
7 2.853944276 29573 0 60406 5502349
7 2.855159798 33584 0 69356 5526995
7 2.856351327 29505 2 60809 5381018
7 2.857554755 28326 0 57517 5514632
7 2.858761833 31792 0 65293 5499122
7 2.859863627 26781 0 54873 4986903
7 2.861055717 31003 0 63662 5442432
7 2.862257671 33000 0 68058 5465295
7 2.863462023 32181 0 66411 5483346
7 2.864664452 26012 0 53063 5492490
7 2.865872961 27579 0 55872 5546128
7 2.867069681 29975 0 61340 5465795
7 2.868207113 30521 0 63072 5133594
7 2.869415742 30879 1 63316 5513893
7 2.870624256 26673 0 53906 5544324
7 2.87184523 33087 0 68570 5511313
7 2.873044366 28502 0 58052 5474348
7 2.87425 28391 0 57664 5512039
7 2.875459321 30658 0 62782 5521060
7 2.876652274 28301 1 57703 5440926
7 2.877850228 29658 0 60673 5472305
7 2.879049376 33519 0 69221 5442684
7 2.880182974 30253 0 62544 5110819
7 2.881379326 26043 0 52592 5494341
7 2.882577926 28515 0 58016 5479394
7 2.883795218 31781 0 65235 5513074
7 2.884993295 27347 0 55453 5477831
7 2.886191091 31743 0 65180 5452624
7 2.88739481 30336 0 62131 5490630
7 2.888596008 31809 1 65809 5462269
7 2.889803195 32682 1 67358 5493464
7 2.891003799 31390 0 64544 5471256
7 2.892105528 27823 0 57036 4979279
7 2.893323842 28152 0 57150 5584098
7 2.894526323 28590 0 58203 5502226
7 2.895730506 31661 0 65157 5468062
7 2.896936045 25966 0 52661 5526476
7 2.898139402 28434 0 57862 5504795
7 2.899335368 26736 0 54167 5478489
7 2.900539696 29848 0 61125 5475002
7 2.901746612 31188 1 63927 5499398
7 2.902945683 27922 0 56713 5503173
7 2.904048074 26262 0 53928 4984293
7 2.90525566 27188 0 55094 5533687
7 2.906461637 27071 0 54718 5524397
7 2.907667987 31659 0 64865 5500829
7 2.908885662 29931 1 61026 5537636
7 2.910056979 27183 0 55268 5367863
7 2.911261633 26871 0 54330 5520839
7 2.912460138 27111 0 55343 5446059
7 2.913662459 28329 0 57621 5484275
7 2.91477004 24407 0 49538 5063847
7 2.915872715 24778 0 50524 4995621
7 2.917076524 32338 0 67108 5484651
7 2.91819072 23658 0 48172 5094213
7 2.919447054 26858 0 54675 5697996
7 2.920702921 29823 0 61225 5707060
7 2.921966254 29159 0 59507 5780122
7 2.923227403 28189 0 57326 5775329
7 2.92449279 29848 0 61166 5728309
7 2.9257631 32423 0 66538 5790836
7 2.927021636 30061 0 61289 5749284
7 2.928191166 28902 1 59440 5282427
7 2.929462447 29589 0 60166 5817568
7 2.930599061 26196 0 53633 5159385
7 2.931864861 31069 0 63948 5729843
7 2.933132229 28907 0 58961 5799263
7 2.934388575 32035 0 66011 5723437
7 2.935659743 29142 0 59360 5824401
7 2.936932273 28241 0 57581 5788950
7 2.938193424 26961 0 54484 5787539
7 2.939459801 30304 0 62168 5785687
7 2.940727481 28540 0 58229 5756281
7 2.941993521 30675 0 62780 5779788
7 2.943259741 28498 1 57945 5801742
7 2.944525364 30558 0 62541 5720413
7 2.945786515 27554 0 55793 5782249
7 2.947046551 31041 0 63624 5752224
7 2.948225067 29816 1 61540 5315485
7 2.949497381 30342 0 62258 5819756
7 2.95075814 26675 0 53911 5789494
7 2.951896017 28204 0 58622 5136088
7 2.953156262 27484 0 55743 5755738
7 2.954418736 7113 36 14518 1189180
7 2.955686544 0 0 0 0
7 2.956953558 0 0 0 0
7 2.958212314 0 0 0 0
7 2.959498172 0 0 0 0
7 2.960768376 0 0 0 0
7 2.962045873 0 0 0 0
7 2.963312935 0 0 0 0
7 2.964575436 0 0 0 0
7 2.965856186 0 0 0 0
7 2.967119953 0 0 0 0
7 2.968320327 0 0 0 0
