attack_ntmp 0.001032 4504 458 210 807641
attack_ntmp 0.002015 8337 2 17 2630937
attack_ntmp 0.003012 10507 31 34 2682850
attack_ntmp 0.004011 8521 7 12 2659300
attack_ntmp 0.005012 10448 34 46 2696755
attack_ntmp 0.006012 10384 45 42 2684366
attack_ntmp 0.007012 2660 2 13 786655
attack_ntmp 0.008016 0 0 0 0
attack_ntmp 0.009028 0 0 0 0
attack_ntmp 0.010015 0 0 0 0
attack_ntmp 0.011019 0 0 0 0
attack_ntmp 0.012014 1532 1 0 425648
attack_ntmp 0.013013 17534 8 22 2667615
attack_ntmp 0.014011 9305 5 44 2675952
attack_ntmp 0.015010 11547 46 57 2687910
attack_ntmp 0.016011 8707 5 9 2664294
attack_ntmp 0.017010 10077 35 44 2688724
attack_ntmp 0.018010 9730 18 42 2686445
attack_ntmp 0.019010 8817 3 19 2703782
attack_ntmp 0.020012 8027 18 37 2155512
attack_ntmp 0.021014 5285 1 12 1622275
attack_ntmp 0.022012 13085 23 27 2654646
attack_ntmp 0.023010 8693 2 26 2692806
attack_ntmp 0.024012 2091 5 5 594850
attack_ntmp 0.025013 0 0 0 0
attack_ntmp 0.026026 0 0 0 0
attack_ntmp 0.027047 13194 9 53 1689685
attack_ntmp 0.028014 8313 6 15 2611979
attack_ntmp 0.029011 13391 41 34 2629074
attack_ntmp 0.030011 8648 2 14 2704993
attack_ntmp 0.031011 10117 23 72 2685057
attack_ntmp 0.032011 9550 26 25 2656203
attack_ntmp 0.033011 8612 2 27 2703263
attack_ntmp 0.034011 9492 25 39 2691508
attack_ntmp 0.035011 8541 4 11 2708660
attack_ntmp 0.036011 9403 20 43 2669907
attack_ntmp 0.037013 3993 3 7 1268104
attack_ntmp 0.038012 11499 17 59 2422129
attack_ntmp 0.039012 8553 2 20 2693895
attack_ntmp 0.040013 10937 27 27 2675045
attack_ntmp 0.041010 9700 14 33 2682927
attack_ntmp 0.042010 8678 3 41 2705927
attack_ntmp 0.043010 8958 17 25 2695953
attack_ntmp 0.044010 8245 5 15 2598485
attack_ntmp 0.045011 9774 14 43 2693581
attack_ntmp 0.046010 8676 9 25 2702178
attack_ntmp 0.047011 9229 6 19 2693831
attack_ntmp 0.048011 9160 25 34 2672273
attack_ntmp 0.049024 8569 2 20 2743660
attack_ntmp 0.050010 9213 22 30 2651063
attack_ntmp 0.051011 8357 4 10 2709528
attack_ntmp 0.052012 8470 41 30 2678070
attack_ntmp 0.053011 8739 27 28 2688541
attack_ntmp 0.054011 7969 5 22 2708437
attack_ntmp 0.055011 8711 33 28 2692984
attack_ntmp 0.056011 7664 4 5 2561436
attack_ntmp 0.057012 8870 17 50 2719607
attack_ntmp 0.058011 7943 6 21 2661317
attack_ntmp 0.059011 8678 24 35 2692967
attack_ntmp 0.060011 7897 8 12 2619928
attack_ntmp 0.061011 8724 36 47 2569661
attack_ntmp 0.062011 8358 28 26 2648094
attack_ntmp 0.063011 8093 10 32 2712398
attack_ntmp 0.064011 8395 27 30 2676889
attack_ntmp 0.065012 7878 3 21 2585370
attack_ntmp 0.066011 8575 25 42 2587670
attack_ntmp 0.067011 8132 4 18 2606463
attack_ntmp 0.068011 8550 35 37 2634303
attack_ntmp 0.069011 7893 6 16 2583281
attack_ntmp 0.070012 8477 25 50 2596759
attack_ntmp 0.071010 8118 4 15 2661202
attack_ntmp 0.072011 8757 9 17 2683035
attack_ntmp 0.073010 8658 21 38 2565091
attack_ntmp 0.074011 8195 7 18 2608860
attack_ntmp 0.075012 8639 20 39 2653633
attack_ntmp 0.076011 8068 4 11 2563789
attack_ntmp 0.077012 8778 27 38 2595822
attack_ntmp 0.078012 8148 6 16 2607080
attack_ntmp 0.079011 8592 26 48 2648739
attack_ntmp 0.080012 8666 33 29 2553813
attack_ntmp 0.081011 8134 6 15 2599817
attack_ntmp 0.082011 8786 44 45 2591407
attack_ntmp 0.083011 8110 5 20 2608069
attack_ntmp 0.084012 8711 32 28 2574976
attack_ntmp 0.085011 8164 4 16 2604065
attack_ntmp 0.086011 8544 22 36 2649803
attack_ntmp 0.087010 8385 42 26 2564702
attack_ntmp 0.088011 8285 6 17 2594743
attack_ntmp 0.089012 8726 41 43 2596234
attack_ntmp 0.090011 8160 2 16 2604121
attack_ntmp 0.091011 8754 16 41 2593737
attack_ntmp 0.092011 8236 4 10 2591296
attack_ntmp 0.093012 8545 25 45 2652968
attack_ntmp 0.094011 8256 6 16 2579992
attack_ntmp 0.095011 8731 53 43 2596657
attack_ntmp 0.096011 8652 19 29 2633680
attack_ntmp 0.097010 7985 5 23 2578867
attack_ntmp 0.098012 8783 30 41 2596993
attack_ntmp 0.099011 8219 7 17 2604872
attack_ntmp 0.100013 8708 23 41 2583286
attack_ntmp 0.101011 8219 6 13 2602675
attack_ntmp 0.102011 8688 24 40 2653518
attack_ntmp 0.103011 8631 38 42 2566860
attack_ntmp 0.104011 8045 5 16 2586627
attack_ntmp 0.105156 9930 29 51 3020636
attack_ntmp 0.106011 6909 4 30 2218322
attack_ntmp 0.107014 8853 50 38 2143282
attack_ntmp 0.108011 8157 6 13 2549070
attack_ntmp 0.109011 9863 15 36 2597322
attack_ntmp 0.110011 8276 6 15 2608614
attack_ntmp 0.111011 8959 24 61 2648824
attack_ntmp 0.112010 9270 29 49 2546221
attack_ntmp 0.113012 8215 4 31 2612027
attack_ntmp 0.114010 8746 19 45 2646433
attack_ntmp 0.115011 8166 10 20 2583028
attack_ntmp 0.116012 8537 38 28 2549326
attack_ntmp 0.117011 8154 5 13 2608043
attack_ntmp 0.118011 8787 34 46 2650024
attack_ntmp 0.119011 8134 20 21 2584506
attack_ntmp 0.120013 8367 9 22 2584396
attack_ntmp 0.121010 8804 24 31 2646087
attack_ntmp 0.122011 8139 5 28 2585886
attack_ntmp 0.123011 8544 14 34 2653727
attack_ntmp 0.124012 8066 4 15 2570420
attack_ntmp 0.125011 8820 31 39 2590804
attack_ntmp 0.126010 8217 5 11 2602692
attack_ntmp 0.127011 8601 21 48 2653273
attack_ntmp 0.128013 8757 40 36 2556869
attack_ntmp 0.129011 8218 6 16 2604587
attack_ntmp 0.130011 8676 18 33 2646776
attack_ntmp 0.131011 8181 2 15 2590752
attack_ntmp 0.132011 8584 19 30 2573512
attack_ntmp 0.133012 8167 3 18 2603569
attack_ntmp 0.134011 8695 42 40 2595618
attack_ntmp 0.135010 8471 20 35 2589323
attack_ntmp 0.136012 8130 7 22 2594023
attack_ntmp 0.137011 8648 19 30 2593662
attack_ntmp 0.138011 8171 9 21 2606457
attack_ntmp 0.139011 8764 30 34 2590237
attack_ntmp 0.140011 8251 7 12 2590549
attack_ntmp 0.141011 8930 20 30 2654882
attack_ntmp 0.142063 8879 23 26 2714650
attack_ntmp 0.143011 7744 4 21 2474042
attack_ntmp 0.144011 8893 39 39 2572556
attack_ntmp 0.145011 8521 5 37 2600610
attack_ntmp 0.146011 9521 43 51 2593429
attack_ntmp 0.147010 8579 6 17 2604978
attack_ntmp 0.148010 9150 26 31 2630443
attack_ntmp 0.149011 8998 25 36 2571587
attack_ntmp 0.150010 8463 5 28 2607368
attack_ntmp 0.151009 8905 28 34 2653306
attack_ntmp 0.152010 8349 5 18 2568808
attack_ntmp 0.153011 8957 21 48 2593174
attack_ntmp 0.154011 8200 9 16 2609188
attack_ntmp 0.155012 9020 28 37 2599677
attack_ntmp 0.156012 8896 17 29 2574762
attack_ntmp 0.157011 8287 5 19 2602733
attack_ntmp 0.158011 8980 17 35 2596846
attack_ntmp 0.159010 8449 4 15 2600655
attack_ntmp 0.160010 8864 20 35 2577284
attack_ntmp 0.161011 9042 23 39 2591231
attack_ntmp 0.162011 8503 3 34 2611530
attack_ntmp 0.163010 9007 21 26 2592958
attack_ntmp 0.164011 8384 3 16 2593836
attack_ntmp 0.165011 8959 44 44 2593448
attack_ntmp 0.166010 8426 5 16 2608507
attack_ntmp 0.167010 8864 22 38 2598501
attack_ntmp 0.168012 8892 17 32 2576226
attack_ntmp 0.169011 8484 8 17 2608478
attack_ntmp 0.170011 8850 26 35 2593829
attack_ntmp 0.171011 8397 4 12 2608687
attack_ntmp 0.172010 8881 22 31 2576470
attack_ntmp 0.173011 8989 29 38 2591956
attack_ntmp 0.174011 8508 5 25 2604471
attack_ntmp 0.175011 8857 50 49 2594116
attack_ntmp 0.176010 8426 6 12 2567411
attack_ntmp 0.177010 8981 37 34 2592228
attack_ntmp 0.178010 8527 4 14 2607402
attack_ntmp 0.179011 8842 26 40 2591489
attack_ntmp 0.180010 8900 32 30 2557513
attack_ntmp 0.181010 8460 5 10 2609034
attack_ntmp 0.182010 8890 39 36 2593354
attack_ntmp 0.183010 8455 5 17 2610114
attack_ntmp 0.184011 8856 27 30 2583336
attack_ntmp 0.185011 8956 38 35 2595083
attack_ntmp 0.186011 8389 5 23 2607760
attack_ntmp 0.187010 8770 19 29 2592267
attack_ntmp 0.188011 8452 5 18 2589788
attack_ntmp 0.189011 8930 29 40 2593996
attack_ntmp 0.190011 8493 50 19 2605700
attack_ntmp 0.191010 8755 7 26 2597681
attack_ntmp 0.192010 8765 43 36 2578827
attack_ntmp 0.193011 8402 4 18 2611879
attack_ntmp 0.194011 8872 13 39 2599093
attack_ntmp 0.195010 8460 5 21 2605359
attack_ntmp 0.196011 8765 26 31 2581830
attack_ntmp 0.197010 8938 39 40 2587986
attack_ntmp 0.198012 3755 3 12 1140927
attack_ntmp 0.199017 0 0 0 0
attack_ntmp 0.200016 0 0 0 0
attack_ntmp 0.201015 0 0 0 0
attack_ntmp 0.202017 0 0 0 0
attack_ntmp 0.203016 0 0 0 0
attack_ntmp 0.204018 0 0 0 0
attack_ntmp 0.205018 0 0 0 0
attack_ntmp 0.206020 0 0 0 0
attack_ntmp 0.207022 0 0 0 0
attack_ntmp 0.208025 0 0 0 0
attack_ntmp 0.209021 0 0 0 0
attack_ntmp 0.210019 0 0 0 0
attack_ntmp 0.211017 0 0 0 0
attack_ntmp 0.212017 0 0 0 0
attack_ntmp 0.213018 0 0 0 0
attack_ntmp 0.214019 1951 1 3 870140
attack_ntmp 0.215014 6427 3 37 2525481
attack_ntmp 0.216016 18120 23 47 2556004
attack_ntmp 0.217010 12391 17 44 2618244
attack_ntmp 0.218012 8335 4 55 2579588
attack_ntmp 0.219012 9515 21 40 2591917
attack_ntmp 0.220015 1294 7 5 375795
attack_ntmp 0.221040 0 0 0 0
attack_ntmp 0.222019 0 0 0 0
attack_ntmp 0.223015 0 0 0 0
attack_ntmp 0.227666 42999 27 301 8035092
attack_ntmp 0.228020 0 0 0 0
attack_ntmp 0.229041 376 0 1 87555
attack_ntmp 0.230021 0 0 0 0
attack_ntmp 0.231110 2785 2 16 1241029
attack_ntmp 0.232014 3899 1 9 1818915
attack_ntmp 0.233015 17984 11 75 2584856
attack_ntmp 0.234017 8171 3 30 2598329
attack_ntmp 0.235012 11529 36 60 2569962
attack_ntmp 0.236012 8101 6 18 2541515
attack_ntmp 0.237012 5766 24 18 1386642
attack_ntmp 0.238012 8342 4 18 2572459
attack_ntmp 0.239011 13054 23 54 2587681
attack_ntmp 0.240012 8335 6 22 2588254
attack_ntmp 0.241014 11320 16 37 2589391
attack_ntmp 0.242019 8248 9 8 2601324
attack_ntmp 0.243010 9936 34 53 2567366
attack_ntmp 0.244013 9256 17 30 2500211
attack_ntmp 0.245011 8333 5 28 2600319
attack_ntmp 0.246011 9263 19 46 2594255
attack_ntmp 0.247011 8442 7 24 2605784
attack_ntmp 0.248011 9126 28 24 2540142
attack_ntmp 0.249011 8200 3 9 2603104
attack_ntmp 0.250011 9110 23 49 2591009
attack_ntmp 0.251011 8946 22 22 2596567
attack_ntmp 0.252011 8365 7 13 2588059
attack_ntmp 0.253012 9077 18 44 2594388
attack_ntmp 0.254011 8077 3 19 2500302
attack_ntmp 0.255011 9330 27 39 2592052
attack_ntmp 0.256010 8693 20 23 2575512
attack_ntmp 0.257010 8356 5 21 2608075
attack_ntmp 0.258011 9151 46 45 2594299
attack_ntmp 0.259011 8353 7 23 2604213
attack_ntmp 0.260010 8939 45 31 2575969
attack_ntmp 0.261011 8370 7 16 2609338
attack_ntmp 0.262010 8968 37 35 2591748
attack_ntmp 0.263011 8561 19 26 2589985
attack_ntmp 0.264011 8341 8 13 2591886
attack_ntmp 0.265011 9092 91 46 2586960
attack_ntmp 0.266010 8310 3 19 2601151
attack_ntmp 0.267011 8813 29 35 2594712
attack_ntmp 0.268010 8210 8 10 2593143
attack_ntmp 0.269011 8973 35 33 2597896
attack_ntmp 0.270011 8693 35 33 2561906
attack_ntmp 0.271010 8454 7 23 2609511
attack_ntmp 0.272010 8992 17 40 2582735
attack_ntmp 0.273010 8456 5 17 2613912
attack_ntmp 0.274011 9102 20 37 2596143
attack_ntmp 0.275010 9003 40 27 2588468
attack_ntmp 0.276011 8474 9 13 2588776
attack_ntmp 0.277010 8077 26 29 2262162
attack_ntmp 0.278011 6867 0 17 2111551
attack_ntmp 0.279011 10414 17 34 2585187
attack_ntmp 0.280010 9974 4 210 2469273
attack_ntmp 0.281011 14265 41 463 2599276
attack_ntmp 0.282010 14071 92 742 2582628
attack_ntmp 0.283009 13465 77 749 2587962
attack_ntmp 0.284009 11055 6 744 2577904
attack_ntmp 0.285009 13121 119 742 2589587
attack_ntmp 0.286009 12501 116 761 2588703
attack_ntmp 0.287009 12096 83 744 2590563
attack_ntmp 0.288013 9030 5 143 2512917
attack_ntmp 0.289013 11611 34 56 2589270
attack_ntmp 0.290011 10132 41 44 2584986
attack_ntmp 0.291012 8913 6 27 2612393
attack_ntmp 0.292010 9503 25 36 2552390
attack_ntmp 0.293011 8881 6 13 2611779
attack_ntmp 0.294020 9608 26 52 2615040
attack_ntmp 0.295011 9536 40 28 2541060
attack_ntmp 0.296013 1386 4 3 386693
attack_ntmp 0.297012 0 0 0 0
attack_ntmp 0.298011 0 0 0 0
attack_ntmp 0.299012 0 0 0 0
attack_ntmp 0.300009 8847 1 577 2062554
attack_ntmp 0.301008 18083 23 715 2585503
attack_ntmp 0.302008 13450 126 751 2586192
attack_ntmp 0.303008 12453 105 775 2643845
attack_ntmp 0.304009 10075 1 651 2419415
attack_ntmp 0.305008 13498 108 755 2682758
attack_ntmp 0.306009 12818 146 772 2692074
attack_ntmp 0.307008 13162 126 753 2683874
attack_ntmp 0.308013 1857 1 127 428160
attack_ntmp 0.309012 0 0 0 0
attack_ntmp 0.310011 0 0 0 0
attack_ntmp 0.311012 0 0 0 0
attack_ntmp 0.312012 0 0 0 0
attack_ntmp 0.313011 0 0 0 0
attack_ntmp 0.314011 0 0 0 0
attack_ntmp 0.315011 0 0 0 0
attack_ntmp 0.316012 0 0 0 0
attack_ntmp 0.317011 0 0 0 0
attack_ntmp 0.318011 0 0 0 0
attack_ntmp 0.319013 0 0 0 0
attack_ntmp 0.320011 12743 11 632 2193766
attack_ntmp 0.321009 16406 4 756 2678501
attack_ntmp 0.322008 13892 77 770 2684938
attack_ntmp 0.323009 12473 82 778 2686074
attack_ntmp 0.324010 12875 101 688 2665761
attack_ntmp 0.325009 11157 1 758 2701988
attack_ntmp 0.326009 13609 90 763 2685732
attack_ntmp 0.327009 12467 105 772 2688513
attack_ntmp 0.328013 1889 5 123 427327
attack_ntmp 0.329012 0 0 0 0
attack_ntmp 0.330011 0 0 0 0
attack_ntmp 0.331012 0 0 0 0
attack_ntmp 0.332012 0 0 0 0
attack_ntmp 0.333011 0 0 0 0
attack_ntmp 0.334011 0 0 0 0
attack_ntmp 0.335013 0 0 0 0
attack_ntmp 0.336013 0 0 0 0
attack_ntmp 0.337012 0 0 0 0
attack_ntmp 0.338009 0 0 0 0
attack_ntmp 0.339009 20144 11 695 2624770
attack_ntmp 0.340009 14372 101 707 2658052
attack_ntmp 0.341008 11371 2 733 2701413
attack_ntmp 0.342009 13267 107 755 2689509
attack_ntmp 0.343014 11956 95 369 2724397
attack_ntmp 0.344013 12493 29 31 2654858
attack_ntmp 0.345012 8930 3 17 2697128
attack_ntmp 0.346013 10338 35 36 2690275
attack_ntmp 0.347012 8952 4 18 2706825
attack_ntmp 0.348010 9297 24 27 2660338
attack_ntmp 0.349012 9695 32 45 2688813
attack_ntmp 0.350011 8975 6 24 2699675
attack_ntmp 0.351011 9528 47 38 2686024
attack_ntmp 0.352008 8980 36 18 2673629
attack_ntmp 0.353017 9126 5 26 2728827
attack_ntmp 0.354011 9382 27 42 2669846
attack_ntmp 0.355012 8938 4 23 2709494
attack_ntmp 0.356011 9887 52 26 2673797
attack_ntmp 0.357010 9485 43 35 2684773
attack_ntmp 0.358009 8991 5 14 2704214
attack_ntmp 0.359011 9474 20 25 2697848
attack_ntmp 0.360009 8937 8 9 2672590
attack_ntmp 0.361012 9517 19 37 2700778
attack_ntmp 0.362010 9477 38 50 2689008
attack_ntmp 0.363010 8900 5 19 2707694
attack_ntmp 0.364011 9277 35 33 2666149
attack_ntmp 0.365010 9559 49 33 2691762
attack_ntmp 0.366010 8927 4 32 2705772
attack_ntmp 0.367011 9509 35 32 2691851
attack_ntmp 0.368009 8886 7 14 2671893
attack_ntmp 0.369010 9689 34 36 2691222
attack_ntmp 0.370011 9270 34 34 2703836
attack_ntmp 0.371010 8966 5 10 2701526
attack_ntmp 0.372011 9357 34 43 2669775
attack_ntmp 0.373009 9124 38 25 2700684
attack_ntmp 0.374009 9302 6 34 2696417
attack_ntmp 0.375011 9543 33 30 2696647
attack_ntmp 0.376011 8831 10 7 2686612
attack_ntmp 0.377010 9443 28 35 2688466
attack_ntmp 0.378011 9293 47 34 2691674
attack_ntmp 0.379010 8986 8 28 2708133
attack_ntmp 0.380010 9347 24 29 2670763
attack_ntmp 0.381011 9046 5 14 2711535
attack_ntmp 0.382010 9384 37 52 2690723
attack_ntmp 0.383010 9319 28 28 2691272
attack_ntmp 0.384010 8843 8 16 2672909
attack_ntmp 0.385010 9471 27 43 2696837
attack_ntmp 0.386010 9559 45 45 2691040
attack_ntmp 0.387010 8718 7 26 2707887
attack_ntmp 0.388010 9516 22 38 2657978
attack_ntmp 0.389010 9008 4 18 2707928
attack_ntmp 0.390011 9309 55 40 2571606
attack_ntmp 0.391010 9264 28 33 2660526
attack_ntmp 0.392010 8753 9 12 2555330
attack_ntmp 0.393010 9397 16 53 2601165
attack_ntmp 0.394010 8908 4 14 2608819
attack_ntmp 0.395011 9477 29 29 2601604
attack_ntmp 0.396011 9090 39 33 2625901
attack_ntmp 0.397010 8812 6 30 2582859
attack_ntmp 0.398010 9371 50 48 2654157
attack_ntmp 0.399010 9288 41 26 2575016
attack_ntmp 0.400011 8743 7 17 2589167
attack_ntmp 0.401011 9483 24 45 2594272
attack_ntmp 0.402010 8927 6 17 2611028
attack_ntmp 0.403010 9068 32 37 2656178
attack_ntmp 0.404010 9230 23 31 2669601
attack_ntmp 0.405010 8813 7 32 2587818
attack_ntmp 0.406011 9248 22 35 2659552
attack_ntmp 0.407010 8728 5 14 2574336
attack_ntmp 0.408010 9551 37 33 2573271
attack_ntmp 0.409011 9421 50 62 2650224
attack_ntmp 0.410010 8815 4 25 2702864
attack_ntmp 0.411009 9535 41 25 2690254
attack_ntmp 0.412010 8709 10 10 2571670
attack_ntmp 0.413010 9356 20 38 2657424
attack_ntmp 0.414011 9144 42 43 2575439
attack_ntmp 0.415010 8717 3 18 2601068
attack_ntmp 0.416010 9299 26 33 2632527
attack_ntmp 0.417011 9744 35 46 2574896
attack_ntmp 0.418011 8486 4 29 2614135
attack_ntmp 0.419013 9630 36 55 2645985
attack_ntmp 0.420011 8159 7 19 2675038
attack_ntmp 0.421011 9809 14 46 2684432
attack_ntmp 0.422012 8531 4 12 2585034
attack_ntmp 0.423010 9367 29 59 2593313
attack_ntmp 0.424010 8994 29 31 2628245
attack_ntmp 0.425012 8394 2 18 2585406
attack_ntmp 0.426010 9250 63 58 2581830
attack_ntmp 0.427010 8365 3 21 2601648
attack_ntmp 0.428011 9137 32 27 2572253
attack_ntmp 0.429010 9113 15 27 2591091
attack_ntmp 0.430013 8502 3 65 2611208
attack_ntmp 0.431011 9640 21 28 2585871
attack_ntmp 0.432011 8551 5 14 2580569
attack_ntmp 0.433011 9382 21 40 2591511
attack_ntmp 0.434012 8549 6 22 2610962
attack_ntmp 0.435010 8961 6 27 2588713
attack_ntmp 0.436012 8811 23 36 2443454
attack_ntmp 0.437011 8415 4 22 2602801
attack_ntmp 0.438011 9096 39 42 2587880
attack_ntmp 0.439011 8558 2 12 2611942
attack_ntmp 0.440012 8895 17 32 2576841
attack_ntmp 0.441010 9284 44 40 2591065
attack_ntmp 0.442011 8557 2 14 2607781
attack_ntmp 0.443012 9157 26 42 2593741
attack_ntmp 0.444011 8409 5 12 2578665
attack_ntmp 0.445011 9223 25 47 2592897
attack_ntmp 0.446011 9075 44 31 2589132
attack_ntmp 0.447010 8574 2 26 2605700
attack_ntmp 0.448011 8932 12 28 2548715
attack_ntmp 0.449012 8516 2 15 2609762
attack_ntmp 0.450011 8934 21 37 2594762
attack_ntmp 0.451010 8777 19 20 2598605
attack_ntmp 0.452011 8649 9 18 2581719
attack_ntmp 0.453011 8986 25 39 2598336
attack_ntmp 0.454012 8566 5 19 2612785
attack_ntmp 0.455012 8937 12 33 2596616
attack_ntmp 0.456011 8450 4 14 2579043
attack_ntmp 0.457011 8996 26 37 2594227
attack_ntmp 0.458011 8990 60 39 2592355
attack_ntmp 0.459010 8489 3 17 2601948
attack_ntmp 0.460011 9119 33 30 2574046
attack_ntmp 0.461012 8548 3 15 2608568
attack_ntmp 0.462011 8996 27 39 2596832
attack_ntmp 0.463012 8908 32 39 2591078
attack_ntmp 0.464009 8367 4 15 2578307
attack_ntmp 0.465011 8988 22 43 2596992
attack_ntmp 0.466011 8440 2 20 2606669
attack_ntmp 0.467012 8919 23 43 2597911
attack_ntmp 0.468011 9208 23 35 2573857
attack_ntmp 0.469010 8616 5 32 2597931
attack_ntmp 0.470010 9059 29 32 2594296
attack_ntmp 0.471010 8490 3 18 2606478
attack_ntmp 0.472012 9155 60 24 2575112
attack_ntmp 0.473010 8486 3 22 2605997
attack_ntmp 0.474010 9142 17 39 2593790
attack_ntmp 0.475011 9023 39 35 2596850
attack_ntmp 0.476011 8442 7 18 2585229
attack_ntmp 0.477010 9148 19 35 2592259
attack_ntmp 0.478010 8466 4 14 2608936
attack_ntmp 0.479011 9042 45 40 2592784
attack_ntmp 0.480012 8957 19 35 2574356
attack_ntmp 0.481011 8576 3 25 2599177
attack_ntmp 0.482010 8994 14 37 2598945
attack_ntmp 0.483010 8500 2 16 2605569
attack_ntmp 0.484011 9022 23 40 2572655
attack_ntmp 0.485010 9042 24 31 2591667
attack_ntmp 0.486011 8667 3 15 2609307
attack_ntmp 0.487010 8696 40 31 2590432
attack_ntmp 0.488011 8456 5 11 2588624
attack_ntmp 0.489010 9021 26 44 2591068
attack_ntmp 0.490009 8724 38 32 2596571
attack_ntmp 0.491011 8864 6 22 2610681
attack_ntmp 0.492011 8901 26 33 2573533
attack_ntmp 0.493011 8505 5 37 2603770
attack_ntmp 0.494010 9210 31 44 2590164
attack_ntmp 0.495012 8499 2 10 2616875
attack_ntmp 0.496011 8732 22 34 2574115
attack_ntmp 0.497011 9148 24 37 2589730
attack_ntmp 0.498010 8711 3 31 2602285
attack_ntmp 0.499011 9261 37 35 2595599
attack_ntmp 0.500011 8585 5 12 2583634
attack_ntmp 0.501012 9216 34 38 2594255
attack_ntmp 0.502011 9103 19 42 2596063
attack_ntmp 0.503010 8344 3 16 2603277
attack_ntmp 0.504013 8885 21 32 2577486
attack_ntmp 0.505011 8359 2 11 2604686
attack_ntmp 0.506010 8889 28 45 2597488
attack_ntmp 0.507010 8852 27 29 2588349
attack_ntmp 0.508011 8551 7 24 2574524
attack_ntmp 0.509011 9352 40 34 2595491
attack_ntmp 0.510010 8540 6 27 2596970
attack_ntmp 0.511011 9064 24 28 2594739
attack_ntmp 0.512010 8461 6 10 2578416
attack_ntmp 0.513011 9131 45 45 2593202
attack_ntmp 0.514010 9092 15 32 2587445
attack_ntmp 0.515010 8566 4 21 2609381
attack_ntmp 0.516012 9042 22 39 2584219
attack_ntmp 0.517011 8477 5 27 2602426
attack_ntmp 0.518011 9018 35 48 2592914
attack_ntmp 0.519956 20269 32 243 5097898
attack_ntmp 0.520027 377 2 4 85997
attack_ntmp 0.521011 17941 60 192 2541670
attack_ntmp 0.522012 16860 51 173 2598285
attack_ntmp 0.526822 56822 31 399 12752753
attack_ntmp 0.527023 7694 16 15 432573
attack_ntmp 0.528878 28757 26 184 4815303
attack_ntmp 0.529014 914 3 5 245118
attack_ntmp 0.530016 8559 3 16 2623248
attack_ntmp 0.531012 13989 47 42 2559321
attack_ntmp 0.532013 8375 6 13 2568450
attack_ntmp 0.533011 10887 24 30 2576479
attack_ntmp 0.534011 9769 13 61 2598145
attack_ntmp 0.535012 8587 4 19 2601997
attack_ntmp 0.536014 10531 25 56 2574868
attack_ntmp 0.537018 8774 5 66 2597390
attack_ntmp 0.538012 12985 15 52 2561472
attack_ntmp 0.542441 42963 33 316 11712249
attack_ntmp 0.543031 12063 20 42 1488310
attack_ntmp 0.544018 7889 4 28 2479666
attack_ntmp 0.545014 15268 6 44 2561542
attack_ntmp 0.546012 8334 3 20 2590517
attack_ntmp 0.547013 10850 11 66 2585184
attack_ntmp 0.548011 8090 4 16 2565812
attack_ntmp 0.549012 9357 17 38 2589039
attack_ntmp 0.550011 9072 25 26 2584895
attack_ntmp 0.551012 8463 3 33 2601795
attack_ntmp 0.552013 9654 17 48 2570656
attack_ntmp 0.553556 15303 20 87 4024124
attack_ntmp 0.554013 3864 1 17 1158995
attack_ntmp 0.555012 8374 4 14 2600319
attack_ntmp 0.556012 11399 30 22 2562726
attack_ntmp 0.557011 9814 27 27 2584815
attack_ntmp 0.558011 8252 2 43 2606242
attack_ntmp 0.559011 9328 48 41 2584225
attack_ntmp 0.560011 8425 6 12 2583694
attack_ntmp 0.561011 9632 50 49 2578832
attack_ntmp 0.562011 8191 3 6 2599575
attack_ntmp 0.563011 9231 44 39 2588794
attack_ntmp 0.564012 9274 32 26 2562944
attack_ntmp 0.565011 8444 3 14 2604219
attack_ntmp 0.566011 9233 21 46 2587923
attack_ntmp 0.567011 8561 3 14 2608004
attack_ntmp 0.568013 9001 34 29 2546671
attack_ntmp 0.569011 9069 43 29 2541436
attack_ntmp 0.570011 8524 3 21 2604734
attack_ntmp 0.571011 9200 21 32 2587016
attack_ntmp 0.572011 8549 4 10 2590914
attack_ntmp 0.573011 9189 34 36 2591708
attack_ntmp 0.574010 9073 28 30 2593676
attack_ntmp 0.575011 8581 2 26 2611804
attack_ntmp 0.576011 9108 21 36 2545581
attack_ntmp 0.577010 8487 2 18 2595295
attack_ntmp 0.578011 9066 18 39 2596157
attack_ntmp 0.579011 8981 30 26 2588684
attack_ntmp 0.580011 8536 5 10 2583429
attack_ntmp 0.581010 9222 32 43 2583332
attack_ntmp 0.582011 8525 3 12 2607812
attack_ntmp 0.583010 8932 63 35 2598777
attack_ntmp 0.584011 8428 4 7 2590445
attack_ntmp 0.585012 9141 23 41 2593713
attack_ntmp 0.586012 9234 18 36 2592410
attack_ntmp 0.587010 8712 3 16 2602120
attack_ntmp 0.588011 9334 38 31 2578685
attack_ntmp 0.589011 8761 3 12 2606100
attack_ntmp 0.590011 9224 25 53 2597698
attack_ntmp 0.591011 9081 38 32 2588501
attack_ntmp 0.592011 8785 4 15 2583273
attack_ntmp 0.593011 9861 23 49 2591679
attack_ntmp 0.594012 10049 35 39 2593026
attack_ntmp 0.595010 8875 3 24 2606997
attack_ntmp 0.596011 10206 26 29 2568832
attack_ntmp 0.597010 8783 4 11 2606912
attack_ntmp 0.598010 9385 33 43 2595070
attack_ntmp 0.599012 9316 15 32 2598717
attack_ntmp 0.600011 8756 5 17 2586189
attack_ntmp 0.601011 9464 23 36 2593831
attack_ntmp 0.602010 8676 4 14 2608290
attack_ntmp 0.603010 9068 26 39 2592609
attack_ntmp 0.604012 9321 21 26 2579116
attack_ntmp 0.605010 8840 5 11 2597309
attack_ntmp 0.606128 10412 21 47 2912345
attack_ntmp 0.607013 7646 2 23 2299405
attack_ntmp 0.608010 9619 27 28 2568908
attack_ntmp 0.609013 9365 29 49 2597201
attack_ntmp 0.610010 8670 4 22 2598512
attack_ntmp 0.611009 9397 46 35 2591725
attack_ntmp 0.612009 9038 20 29 2582290
attack_ntmp 0.613010 9035 7 27 2610121
attack_ntmp 0.614011 9274 26 29 2596029
attack_ntmp 0.615011 8945 2 12 2610824
attack_ntmp 0.616011 9160 37 29 2628137
attack_ntmp 0.617010 9205 40 27 2685037
attack_ntmp 0.618010 8642 2 26 2588601
attack_ntmp 0.619011 9278 42 34 2655585
attack_ntmp 0.620010 8552 4 13 2550727
attack_ntmp 0.621010 9200 56 44 2599583
attack_ntmp 0.622010 9288 21 36 2649976
attack_ntmp 0.623010 8656 3 13 2581857
attack_ntmp 0.624011 9170 34 32 2576929
attack_ntmp 0.625010 8784 5 14 2607710
attack_ntmp 0.626011 9092 21 49 2652675
attack_ntmp 0.627011 9151 29 27 2570423
attack_ntmp 0.628011 8845 4 16 2576347
attack_ntmp 0.629010 9366 16 36 2655008
attack_ntmp 0.630010 8638 3 18 2587467
attack_ntmp 0.631011 9241 14 32 2598283
attack_ntmp 0.632011 9231 47 35 2626973
attack_ntmp 0.633010 8695 2 19 2581833
attack_ntmp 0.634011 9165 25 41 2595666
attack_ntmp 0.635011 8821 3 12 2609117
attack_ntmp 0.636012 9258 38 31 2629254
attack_ntmp 0.637012 9428 27 54 2565927
attack_ntmp 0.638010 8716 2 13 2657942
attack_ntmp 0.639011 9409 26 40 2699266
attack_ntmp 0.640010 8817 56 23 2556969
attack_ntmp 0.641010 9077 7 33 2602360
attack_ntmp 0.642010 9239 32 37 2596620
attack_ntmp 0.643012 8656 4 33 2676225
attack_ntmp 0.644011 10013 43 33 2658173
attack_ntmp 0.645010 9528 15 31 2691564
attack_ntmp 0.646010 8844 2 34 2709659
attack_ntmp 0.647011 9360 16 35 2694789
attack_ntmp 0.648011 8634 5 13 2570169
attack_ntmp 0.649010 9366 26 41 2650612
attack_ntmp 0.650010 9328 39 45 2693021
attack_ntmp 0.651011 8680 2 13 2595307
attack_ntmp 0.652011 9284 20 27 2569001
attack_ntmp 0.653011 8682 2 24 2606247
attack_ntmp 0.654011 9222 21 43 2655204
attack_ntmp 0.655011 9058 17 24 2574489
attack_ntmp 0.656011 8698 4 18 2652745
attack_ntmp 0.657011 9437 26 33 2693497
attack_ntmp 0.658010 8862 5 10 2704576
attack_ntmp 0.659010 9343 11 38 2690935
attack_ntmp 0.660010 9219 17 36 2667818
attack_ntmp 0.661011 8741 4 15 2585628
attack_ntmp 0.662011 9277 22 39 2591175
attack_ntmp 0.663010 8636 2 19 2658604
attack_ntmp 0.664011 9233 30 31 2672415
attack_ntmp 0.665010 9263 27 44 2692623
attack_ntmp 0.666010 8873 4 23 2709960
attack_ntmp 0.667009 9137 26 39 2691382
attack_ntmp 0.668009 8681 16 30 2558910
attack_ntmp 0.669011 9036 8 25 2611455
attack_ntmp 0.670010 8947 32 36 2592853
attack_ntmp 0.671011 8836 4 19 2610140
attack_ntmp 0.672010 9090 22 27 2572195
attack_ntmp 0.673011 9171 82 32 2651011
attack_ntmp 0.674011 8776 1 27 2709260
attack_ntmp 0.675010 9097 16 33 2567595
attack_ntmp 0.676010 8842 4 10 2588732
attack_ntmp 0.677010 9119 22 41 2653209
attack_ntmp 0.678010 9231 17 34 2687460
attack_ntmp 0.679010 8762 3 19 2589610
attack_ntmp 0.680011 9133 47 36 2570333
attack_ntmp 0.681011 8746 4 22 2608869
attack_ntmp 0.682011 9191 53 37 2591855
attack_ntmp 0.683010 9090 37 30 2653465
attack_ntmp 0.684011 8628 5 10 2561637
attack_ntmp 0.685011 9228 19 39 2595425
attack_ntmp 0.686011 8678 4 17 2612830
attack_ntmp 0.687010 8939 19 40 2653989
attack_ntmp 0.688011 9371 59 30 2662819
attack_ntmp 0.689011 8682 3 13 2587781
attack_ntmp 0.690011 9161 18 45 2653702
attack_ntmp 0.691011 8770 3 14 2589088
attack_ntmp 0.692011 9017 30 33 2629705
attack_ntmp 0.693011 9326 32 41 2690160
attack_ntmp 0.694010 8737 3 13 2588910
attack_ntmp 0.695011 9122 25 39 2655387
attack_ntmp 0.696010 8540 4 12 2559100
attack_ntmp 0.697010 9274 22 28 2594572
attack_ntmp 0.698011 9080 34 44 2601361
attack_ntmp 0.699011 8851 1 17 2607027
attack_ntmp 0.700010 9027 28 33 2632467
attack_ntmp 0.701010 9153 23 29 2568537
attack_ntmp 0.702010 8719 3 20 2667680
attack_ntmp 0.703010 8908 21 30 2572931
attack_ntmp 0.704012 8706 4 15 2592357
attack_ntmp 0.705011 8502 31 36 2645571
attack_ntmp 0.706011 8216 5 11 2585259
attack_ntmp 0.707012 8529 18 45 2661433
attack_ntmp 0.708012 9064 41 28 2657265
attack_ntmp 0.709012 8125 4 14 2579548
attack_ntmp 0.710011 8802 17 45 2590957
attack_ntmp 0.711012 8228 2 28 2610654
attack_ntmp 0.712011 8583 29 33 2626990
attack_ntmp 0.713011 8220 5 18 2587947
attack_ntmp 0.714011 8669 29 43 2653215
attack_ntmp 0.715010 8571 19 30 2566401
attack_ntmp 0.716011 8143 8 22 2590240
attack_ntmp 0.717011 8753 26 43 2650779
attack_ntmp 0.718011 8174 5 18 2582036
attack_ntmp 0.719011 8793 29 28 2592090
attack_ntmp 0.720012 8043 6 12 2592795
attack_ntmp 0.721012 8865 24 37 2592821
attack_ntmp 0.722008 9611 35 62 2630511
attack_ntmp 0.723012 10705 0 155 2604017
attack_ntmp 0.724030 17308 27 137 2551121
attack_ntmp 0.725016 15777 12 106 2566032
attack_ntmp 0.726014 7962 6 25 2586849
attack_ntmp 0.727013 10824 24 46 2585551
attack_ntmp 0.728012 8078 6 8 2569641
attack_ntmp 0.729013 9369 42 39 2596403
attack_ntmp 0.730011 8480 5 34 2592784
attack_ntmp 0.731011 9347 47 50 2588857
attack_ntmp 0.732011 9040 20 27 2569084
attack_ntmp 0.733011 8233 5 20 2608244
attack_ntmp 0.734011 8918 17 42 2586571
attack_ntmp 0.735011 8134 6 31 2602502
attack_ntmp 0.736011 8900 28 34 2570042
attack_ntmp 0.737012 8070 4 15 2605671
attack_ntmp 0.738012 8958 23 37 2595039
attack_ntmp 0.739010 8690 60 29 2586295
attack_ntmp 0.740012 8108 6 11 2590673
attack_ntmp 0.741011 8800 15 35 2589407
attack_ntmp 0.742011 8258 2 22 2607446
attack_ntmp 0.743012 8823 24 41 2596578
attack_ntmp 0.744011 8041 7 5 2577704
attack_ntmp 0.745011 8915 24 43 2587223
attack_ntmp 0.746013 9468 31 50 2605686
attack_ntmp 0.747011 8228 4 30 2597056
attack_ntmp 0.748011 9185 21 28 2552801
attack_ntmp 0.749012 8178 3 13 2609270
attack_ntmp 0.750011 8890 39 48 2585786
attack_ntmp 0.751011 8088 3 20 2609795
attack_ntmp 0.752011 8902 23 32 2570350
attack_ntmp 0.753012 8074 9 8 2608820
attack_ntmp 0.754011 9023 25 35 2591438
attack_ntmp 0.755011 8759 21 36 2588744
attack_ntmp 0.756012 8144 10 12 2578472
attack_ntmp 0.757011 8795 32 39 2650475
attack_ntmp 0.758011 8066 7 20 2579449
attack_ntmp 0.759011 8757 37 37 2597178
attack_ntmp 0.760011 8138 5 9 2585098
attack_ntmp 0.761011 8790 66 38 2593370
attack_ntmp 0.762012 8801 63 42 2594048
attack_ntmp 0.763012 8457 4 28 2609161
attack_ntmp 0.764013 9559 22 39 2579860
attack_ntmp 0.765011 8509 5 20 2606469
attack_ntmp 0.766011 9529 31 47 2655533
attack_ntmp 0.767010 9215 44 27 2689954
attack_ntmp 0.768011 8399 8 10 2565416
attack_ntmp 0.769011 8976 25 43 2592787
attack_ntmp 0.770011 8293 5 18 2602931
attack_ntmp 0.771011 8918 22 28 2600177
attack_ntmp 0.772010 8401 5 20 2582366
attack_ntmp 0.773010 9075 46 38 2598246
attack_ntmp 0.774010 8929 17 36 2595387
attack_ntmp 0.775011 8427 3 19 2608457
attack_ntmp 0.776012 8865 21 38 2580057
attack_ntmp 0.777011 8535 2 18 2608282
attack_ntmp 0.778012 8982 25 34 2591535
attack_ntmp 0.779011 8890 32 35 2591285
attack_ntmp 0.780010 8474 7 12 2584181
attack_ntmp 0.781011 9185 50 41 2599347
attack_ntmp 0.782010 8556 4 31 2605267
attack_ntmp 0.783012 9016 19 30 2600236
attack_ntmp 0.784011 8542 7 6 2587969
attack_ntmp 0.785011 9033 54 45 2597813
attack_ntmp 0.786012 8919 39 42 2595998
attack_ntmp 0.787011 8298 6 17 2611810
attack_ntmp 0.788010 8966 27 38 2574402
attack_ntmp 0.789010 8355 3 21 2606596
attack_ntmp 0.790010 8926 34 52 2595122
attack_ntmp 0.791011 8970 35 22 2592021
attack_ntmp 0.792011 8442 8 14 2591863
attack_ntmp 0.793010 9073 36 53 2591180
attack_ntmp 0.794011 8547 9 13 2611180
attack_ntmp 0.795010 8914 37 37 2591701
attack_ntmp 0.796012 8431 4 9 2589888
attack_ntmp 0.797011 9408 27 60 2588681
attack_ntmp 0.798011 9408 41 40 2595488
attack_ntmp 0.799011 8343 4 18 2606839
attack_ntmp 0.800011 9287 32 26 2577271
attack_ntmp 0.801012 8453 7 14 2608264
attack_ntmp 0.802011 8976 27 78 2590269
attack_ntmp 0.803011 8751 39 32 2595270
attack_ntmp 0.804012 8455 9 13 2591078
attack_ntmp 0.805011 8849 37 41 2589634
attack_ntmp 0.806011 8354 4 25 2607887
attack_ntmp 0.807012 9040 20 48 2602054
attack_ntmp 0.808011 8224 9 17 2560809
attack_ntmp 0.809011 9618 23 41 2601267
attack_ntmp 0.810012 9003 37 44 2595241
attack_ntmp 0.811011 8354 6 21 2605109
attack_ntmp 0.812012 9217 33 32 2580389
attack_ntmp 0.813010 8436 4 16 2603832
attack_ntmp 0.814012 9054 20 47 2596294
attack_ntmp 0.815010 8875 26 35 2588696
attack_ntmp 0.816012 8403 7 14 2591955
attack_ntmp 0.817012 8903 45 47 2595075
attack_ntmp 0.818011 8468 6 20 2604025
attack_ntmp 0.819011 8881 36 38 2593547
attack_ntmp 0.820011 8338 7 9 2593895
attack_ntmp 0.821010 9008 30 43 2590270
attack_ntmp 0.822010 8999 13 46 2593482
attack_ntmp 0.823011 8527 5 15 2611106
attack_ntmp 0.824011 9128 44 32 2581768
attack_ntmp 0.825010 8483 9 18 2602982
attack_ntmp 0.826011 8983 25 48 2591473
attack_ntmp 0.827011 8713 28 26 2593142
attack_ntmp 0.828011 8471 7 22 2589616
attack_ntmp 0.829011 8983 37 46 2596956
attack_ntmp 0.830011 8360 7 24 2609354
attack_ntmp 0.831010 8934 23 34 2596092
attack_ntmp 0.832010 8428 5 17 2591496
attack_ntmp 0.833010 9034 22 42 2591930
attack_ntmp 0.834012 9062 56 34 2602254
attack_ntmp 0.835010 8445 4 8 2605091
attack_ntmp 0.836011 8978 43 31 2574114
attack_ntmp 0.837011 8343 5 14 2606874
attack_ntmp 0.838011 9046 31 48 2597202
attack_ntmp 0.839011 8989 24 28 2594032
attack_ntmp 0.840010 8484 6 17 2594242
attack_ntmp 0.841011 8982 28 38 2594705
attack_ntmp 0.842011 8452 6 28 2612704
attack_ntmp 0.843012 8999 24 35 2596111
attack_ntmp 0.844012 8369 7 14 2591608
attack_ntmp 0.845011 9026 28 36 2594048
attack_ntmp 0.846013 9149 37 45 2597783
attack_ntmp 0.847010 8424 4 12 2604443
attack_ntmp 0.848012 9104 37 35 2581622
attack_ntmp 0.849013 8410 7 39 2611206
attack_ntmp 0.850011 9812 39 54 2588706
attack_ntmp 0.851012 9375 37 36 2597797
attack_ntmp 0.852011 8351 12 16 2585576
attack_ntmp 0.853011 9171 32 39 2596616
attack_ntmp 0.854010 8489 4 17 2610020
attack_ntmp 0.855011 9141 22 47 2597917
attack_ntmp 0.856010 8536 34 21 2575449
attack_ntmp 0.857011 8845 6 33 2609472
attack_ntmp 0.858010 8930 40 34 2591740
attack_ntmp 0.859010 8392 3 13 2604713
attack_ntmp 0.860012 8938 39 28 2579986
attack_ntmp 0.861010 8440 4 24 2608094
attack_ntmp 0.862010 8917 39 41 2592613
attack_ntmp 0.863010 8878 22 26 2586991
attack_ntmp 0.864011 8474 9 14 2587773
attack_ntmp 0.865012 8960 16 39 2597853
attack_ntmp 0.866011 8282 5 13 2609132
attack_ntmp 0.867010 8976 59 43 2596570
attack_ntmp 0.868010 8331 8 18 2569896
attack_ntmp 0.869011 9054 55 33 2601258
attack_ntmp 0.870011 8721 35 31 2596349
attack_ntmp 0.871011 8538 8 11 2605321
attack_ntmp 0.872010 8807 23 36 2573473
attack_ntmp 0.873011 8596 6 18 2611104
attack_ntmp 0.874011 9025 38 49 2595699
attack_ntmp 0.875010 8843 21 30 2592933
attack_ntmp 0.876011 8421 6 15 2588108
attack_ntmp 0.877011 9012 19 42 2591440
attack_ntmp 0.878010 8370 4 15 2608753
attack_ntmp 0.879011 8994 32 35 2597076
attack_ntmp 0.880011 8781 27 23 2578621
attack_ntmp 0.881013 8786 6 35 2614703
attack_ntmp 0.882010 9193 33 46 2590025
attack_ntmp 0.883011 8674 7 20 2610608
attack_ntmp 0.884011 8988 37 39 2577647
attack_ntmp 0.885011 8494 5 12 2603968
attack_ntmp 0.886011 9001 37 40 2592358
attack_ntmp 0.887011 8813 68 34 2597552
attack_ntmp 0.888010 8379 8 6 2585483
attack_ntmp 0.889011 8991 21 47 2595052
attack_ntmp 0.890011 8474 7 19 2609199
attack_ntmp 0.891011 8893 40 34 2595952
attack_ntmp 0.892011 8977 33 27 2570782
attack_ntmp 0.893011 8506 7 24 2606131
attack_ntmp 0.894010 8789 42 36 2588365
attack_ntmp 0.895010 8598 3 15 2611739
attack_ntmp 0.896011 8950 30 37 2576370
attack_ntmp 0.897011 9029 51 30 2591845
attack_ntmp 0.898010 8754 8 30 2611517
attack_ntmp 0.899011 9643 35 38 2598010
attack_ntmp 0.900010 8829 5 14 2584457
attack_ntmp 0.901010 9671 29 56 2597491
attack_ntmp 0.902011 9537 22 37 2597367
attack_ntmp 0.903010 8683 7 16 2604523
attack_ntmp 0.904011 9390 49 24 2578727
attack_ntmp 0.905010 8951 3 16 2611092
attack_ntmp 0.906010 9286 50 52 2592264
attack_ntmp 0.907010 9385 38 31 2602862
attack_ntmp 0.908011 8767 7 12 2581446
attack_ntmp 0.909011 9727 25 32 2598250
attack_ntmp 0.910011 9296 35 31 2596400
attack_ntmp 0.911010 8748 7 15 2610404
attack_ntmp 0.912010 9294 33 30 2639715
attack_ntmp 0.913010 8775 6 18 2584468
attack_ntmp 0.914011 9462 31 42 2601025
attack_ntmp 0.915011 9265 59 31 2595447
attack_ntmp 0.916011 8808 7 15 2593466
attack_ntmp 0.917011 9353 35 56 2655547
attack_ntmp 0.918011 8789 6 14 2581030
attack_ntmp 0.919010 9423 38 35 2594709
attack_ntmp 0.920010 9191 26 27 2641639
attack_ntmp 0.921011 8693 4 22 2584457
attack_ntmp 0.922011 9247 23 46 2597052
attack_ntmp 0.923009 9103 26 18 2593315
attack_ntmp 0.924011 8974 7 23 2591650
attack_ntmp 0.925013 9504 43 46 2600180
attack_ntmp 0.926011 8953 3 14 2599075
attack_ntmp 0.927011 9195 23 38 2596628
attack_ntmp 0.928009 9182 27 32 2621173
attack_ntmp 0.929010 8857 5 27 2586671
attack_ntmp 0.930011 9292 34 32 2602330
attack_ntmp 0.931010 8727 4 10 2609408
attack_ntmp 0.932010 9338 38 27 2578814
attack_ntmp 0.933011 9276 35 48 2599547
attack_ntmp 0.934010 8835 6 31 2610509
attack_ntmp 0.935010 9342 31 34 2652754
attack_ntmp 0.936011 8704 9 12 2572165
attack_ntmp 0.937010 9152 6 30 2595038
attack_ntmp 0.938010 9400 51 47 2598958
attack_ntmp 0.939010 8804 3 18 2610157
attack_ntmp 0.940010 9311 50 37 2578535
attack_ntmp 0.941010 9341 47 47 2651317
attack_ntmp 0.942010 8800 6 26 2588427
attack_ntmp 0.943011 9423 55 37 2599182
attack_ntmp 0.944011 8728 5 14 2584897
attack_ntmp 0.945011 9371 30 33 2596109
attack_ntmp 0.946010 9213 42 34 2656162
attack_ntmp 0.947009 8789 8 24 2580338
attack_ntmp 0.948010 9125 65 33 2578385
attack_ntmp 0.949011 8837 3 15 2610202
attack_ntmp 0.950009 9255 33 51 2593045
attack_ntmp 0.951011 9316 52 28 2601805
attack_ntmp 0.952010 8747 6 16 2588627
attack_ntmp 0.953012 9325 45 59 2662096
attack_ntmp 0.954010 9391 41 23 2568056
attack_ntmp 0.955010 8956 5 30 2605131
attack_ntmp 0.956011 9589 57 38 2576843
attack_ntmp 0.957010 8917 5 11 2610092
attack_ntmp 0.958011 9333 30 50 2658251
attack_ntmp 0.959011 9205 41 31 2572244
attack_ntmp 0.960009 8928 7 5 2581810
attack_ntmp 0.961012 9004 53 48 2664163
attack_ntmp 0.962010 8798 4 9 2580248
attack_ntmp 0.963012 9228 31 39 2597061
attack_ntmp 0.964010 9188 25 37 2625432
attack_ntmp 0.965011 8817 8 25 2593146
attack_ntmp 0.966010 9273 39 50 2589027
attack_ntmp 0.967010 8912 5 20 2604168
attack_ntmp 0.968010 9326 32 24 2572151
attack_ntmp 0.969010 9291 35 39 2595961
attack_ntmp 0.970010 8854 4 23 2612689
attack_ntmp 0.971011 9296 26 34 2602535
attack_ntmp 0.972010 9114 31 31 2573763
attack_ntmp 0.973010 8905 3 18 2607582
attack_ntmp 0.974010 9255 39 43 2659107
attack_ntmp 0.975010 8735 7 20 2586008
attack_ntmp 0.976010 9267 42 29 2575902
attack_ntmp 0.977011 9237 44 41 2603215
attack_ntmp 0.978010 8756 5 23 2605460
attack_ntmp 0.979010 9270 31 32 2652891
attack_ntmp 0.980010 8796 6 17 2561209
attack_ntmp 0.981011 9387 21 47 2596245
attack_ntmp 0.982010 9372 46 39 2654497
attack_ntmp 0.983010 8748 6 17 2592953
attack_ntmp 0.984009 9369 40 35 2627400
attack_ntmp 0.985010 9328 30 34 2571868
attack_ntmp 0.986010 8889 7 20 2614518
attack_ntmp 0.987011 9104 51 30 2658520
attack_ntmp 0.988010 8784 8 17 2559296
attack_ntmp 0.989011 9451 37 39 2598686
attack_ntmp 0.990011 9205 39 39 2651585
attack_ntmp 0.991011 8808 6 14 2586537
attack_ntmp 0.992010 9273 26 33 2565947
attack_ntmp 0.993011 8812 4 27 2611557
attack_ntmp 0.994011 9319 50 42 2593070
attack_ntmp 0.995009 9108 45 30 2585695
attack_ntmp 0.996011 8997 7 18 2590323
attack_ntmp 0.997012 9297 50 50 2655042
attack_ntmp 0.998012 9325 57 33 2578441
attack_ntmp 0.999010 8773 2 21 2599761
attack_ntmp 1.000010 9410 54 33 2630399
attack_ntmp 1.001010 8794 10 16 2580414
attack_ntmp 1.002011 9301 56 50 2596749
attack_ntmp 1.003010 9222 40 36 2654941
attack_ntmp 1.004010 8845 6 13 2555296
attack_ntmp 1.005011 9436 41 40 2592601
attack_ntmp 1.006010 8820 7 25 2606865
attack_ntmp 1.007010 9114 46 42 2656993
attack_ntmp 1.008009 9555 40 31 2542061
attack_ntmp 1.009011 8888 5 30 2618502
attack_ntmp 1.010010 9426 43 47 2651467
attack_ntmp 1.011010 8753 5 22 2585855
attack_ntmp 1.012010 9325 31 33 2630688
attack_ntmp 1.013012 9201 52 54 2577359
attack_ntmp 1.014010 8967 6 12 2602589
attack_ntmp 1.015010 9394 37 34 2657656
attack_ntmp 1.016009 9292 34 29 2548155
attack_ntmp 1.017011 8832 5 22 2619893
attack_ntmp 1.018010 9375 33 39 2593375
attack_ntmp 1.019010 8952 5 22 2605132
attack_ntmp 1.020010 9185 24 29 2574159
attack_ntmp 1.021011 9299 24 54 2655384
attack_ntmp 1.022011 8982 4 30 2586568
attack_ntmp 1.023714 15435 35 60 4455093
attack_ntmp 1.024012 2460 3 14 719027
attack_ntmp 1.025012 11337 46 58 2600454
attack_ntmp 1.026012 10414 41 60 2656801
attack_ntmp 1.027011 8688 5 26 2578457
attack_ntmp 1.028011 9714 39 27 2574436
attack_ntmp 1.029010 9268 24 28 2600913
attack_ntmp 1.030011 9160 7 35 2613644
attack_ntmp 1.031011 9342 30 33 2594539
attack_ntmp 1.032010 8970 6 17 2586244
attack_ntmp 1.033010 9343 32 49 2654516
attack_ntmp 1.034010 9410 21 36 2571267
attack_ntmp 1.035010 8825 6 18 2617422
attack_ntmp 1.036011 9268 29 31 2575132
attack_ntmp 1.037009 8859 4 17 2570638
attack_ntmp 1.038011 9232 45 38 2660190
attack_ntmp 1.039011 9804 21 35 2703596
attack_ntmp 1.040010 8953 2 12 2559284
attack_ntmp 1.041009 9559 33 51 2595425
attack_ntmp 1.042010 9644 28 35 2660769
attack_ntmp 1.043011 9035 3 16 2587129
attack_ntmp 1.044011 9656 56 36 2580794
attack_ntmp 1.045010 9169 2 20 2610135
attack_ntmp 1.046010 9784 25 34 2593251
attack_ntmp 1.047010 9701 33 27 2597734
attack_ntmp 1.048010 8953 3 14 2575621
attack_ntmp 1.049011 9462 27 39 2595031
attack_ntmp 1.050011 9761 24 43 2586471
attack_ntmp 1.051010 8481 4 22 2606047
attack_ntmp 1.052011 9348 37 22 2567107
attack_ntmp 1.053013 8364 5 22 2611627
attack_ntmp 1.054010 9124 37 44 2580797
attack_ntmp 1.055011 9100 41 27 2593159
attack_ntmp 1.056014 8510 3 26 2591104
attack_ntmp 1.057012 9954 47 55 2583210
attack_ntmp 1.058011 8516 4 22 2602832
attack_ntmp 1.059011 9323 22 41 2589629
attack_ntmp 1.060011 8545 4 10 2581713
attack_ntmp 1.061011 8914 50 40 2590892
attack_ntmp 1.062011 9045 23 41 2592166
attack_ntmp 1.063011 8495 3 18 2611493
attack_ntmp 1.064011 8951 23 34 2568544
attack_ntmp 1.065011 8554 3 15 2602743
attack_ntmp 1.066010 8964 19 44 2590214
attack_ntmp 1.067011 8998 45 38 2595237
attack_ntmp 1.068011 8494 5 11 2581963
attack_ntmp 1.069011 8944 31 48 2595559
attack_ntmp 1.070011 8340 2 18 2608511
attack_ntmp 1.071010 9124 53 34 2596863
attack_ntmp 1.072011 8950 28 27 2568764
attack_ntmp 1.073010 8465 2 22 2600266
attack_ntmp 1.074010 9065 25 32 2595147
attack_ntmp 1.075011 8545 5 15 2609569
attack_ntmp 1.076011 9156 23 29 2574374
attack_ntmp 1.077010 8477 2 10 2602771
attack_ntmp 1.078011 8963 44 43 2596344
attack_ntmp 1.079011 8926 23 36 2591059
attack_ntmp 1.080010 8593 5 12 2584880
attack_ntmp 1.081011 8977 35 49 2593068
attack_ntmp 1.082010 8614 4 20 2605410
attack_ntmp 1.083010 8942 42 34 2590993
attack_ntmp 1.084011 8912 22 25 2575650
attack_ntmp 1.085011 8433 3 11 2602503
attack_ntmp 1.086017 9008 41 42 2612035
attack_ntmp 1.087011 8424 4 17 2584263
attack_ntmp 1.088010 9041 25 30 2567400
attack_ntmp 1.089010 9033 48 39 2587698
attack_ntmp 1.090011 8589 2 32 2612297
attack_ntmp 1.091010 9031 18 28 2588439
attack_ntmp 1.092010 8403 5 12 2574965
attack_ntmp 1.093011 9081 26 44 2594742
attack_ntmp 1.094010 8790 40 23 2595826
attack_ntmp 1.095011 8916 7 22 2607957
attack_ntmp 1.096011 9021 18 31 2573777
attack_ntmp 1.097011 8532 3 14 2604104
attack_ntmp 1.098011 9080 77 39 2594877
attack_ntmp 1.099011 8409 5 12 2600772
attack_ntmp 1.100011 8934 39 27 2573420
attack_ntmp 1.101011 8860 27 45 2588414
attack_ntmp 1.102011 8496 4 18 2607728
attack_ntmp 1.103011 8757 36 26 2593474
attack_ntmp 1.104011 8382 6 10 2582870
attack_ntmp 1.105012 9064 11 43 2598504
attack_ntmp 1.106011 9051 29 34 2590166
attack_ntmp 1.107132 9523 3 21 2934892
attack_ntmp 1.108012 8039 30 36 2241601
attack_ntmp 1.109010 8503 2 25 2603176
attack_ntmp 1.110011 9211 24 38 2598422
attack_ntmp 1.111010 9030 32 28 2587184
attack_ntmp 1.112011 8530 6 20 2583253
attack_ntmp 1.113011 9064 75 43 2591218
attack_ntmp 1.114010 8647 4 22 2604627
attack_ntmp 1.115011 8920 33 33 2596221
attack_ntmp 1.116010 8410 6 8 2579918
attack_ntmp 1.117012 9004 23 40 2599490
attack_ntmp 1.118012 8987 32 38 2586171
attack_ntmp 1.119012 8487 4 15 2606796
attack_ntmp 1.120910 17877 33 200 4994380
attack_ntmp 1.121013 603 2 5 160916
attack_ntmp 1.122015 16667 39 69 2605759
attack_ntmp 1.126035 43761 41 328 10605051
attack_ntmp 1.127024 16979 9 55 2555072
attack_ntmp 1.128014 12663 15 24 2509312
attack_ntmp 1.129014 8513 3 22 2586181
attack_ntmp 1.130012 10351 25 46 2552554
attack_ntmp 1.131012 8485 4 23 2598721
attack_ntmp 1.132012 9709 34 29 2562201
attack_ntmp 1.133011 8501 2 7 2589963
attack_ntmp 1.134011 9185 36 52 2587735
attack_ntmp 1.135011 9150 28 34 2581979
attack_ntmp 1.136603 15136 47 78 4144692
attack_ntmp 1.137014 3469 0 12 1027379
attack_ntmp 1.138012 8375 3 14 2603836
attack_ntmp 1.139019 11106 31 56 2609503
attack_ntmp 1.140012 9593 26 23 2542048
attack_ntmp 1.141012 8348 5 17 2595828
attack_ntmp 1.142011 9256 33 36 2587781
attack_ntmp 1.143063 8873 3 20 2743089
attack_ntmp 1.144010 8473 21 36 2425224
attack_ntmp 1.145011 8249 3 15 2601864
attack_ntmp 1.146010 8898 43 45 2588080
attack_ntmp 1.147011 8750 25 32 2594258
attack_ntmp 1.148011 8413 4 18 2587094
attack_ntmp 1.149011 9163 19 49 2589283
attack_ntmp 1.150009 8345 2 21 2604258
attack_ntmp 1.151010 8974 51 41 2587212
attack_ntmp 1.152011 8125 5 16 2590092
attack_ntmp 1.153011 9025 23 38 2588470
attack_ntmp 1.154012 8955 17 52 2595860
attack_ntmp 1.155011 8308 3 24 2602969
attack_ntmp 1.156011 9082 33 27 2573157
attack_ntmp 1.157011 8264 3 13 2601340
attack_ntmp 1.158011 9160 14 48 2583981
attack_ntmp 1.159009 8650 35 24 2591269
attack_ntmp 1.160012 8358 6 16 2587934
attack_ntmp 1.161012 9124 42 40 2592628
attack_ntmp 1.162011 8272 4 15 2598682
attack_ntmp 1.163014 9499 20 53 2605417
attack_ntmp 1.164012 8227 5 16 2568023
attack_ntmp 1.165011 9629 37 30 2588091
attack_ntmp 1.166011 9146 51 35 2583545
attack_ntmp 1.167011 8231 1 35 2562325
attack_ntmp 1.168011 8950 26 32 2554308
attack_ntmp 1.169012 8362 2 17 2610027
attack_ntmp 1.170010 8908 21 41 2588063
attack_ntmp 1.171010 8536 2 16 2603023
attack_ntmp 1.172012 9059 40 33 2573755
attack_ntmp 1.173012 9143 26 43 2589387
attack_ntmp 1.174011 8504 5 24 2600127
attack_ntmp 1.175011 9317 28 42 2586486
attack_ntmp 1.176012 8808 3 8 2588699
attack_ntmp 1.177010 9412 24 44 2588587
attack_ntmp 1.178010 9248 19 38 2590799
attack_ntmp 1.179011 8756 6 20 2608178
attack_ntmp 1.180011 9282 32 31 2576402
attack_ntmp 1.181011 8710 3 19 2606716
attack_ntmp 1.182011 9173 33 40 2593193
attack_ntmp 1.183010 9269 14 36 2591565
attack_ntmp 1.184011 8803 5 14 2584757
attack_ntmp 1.185011 9261 19 59 2593177
attack_ntmp 1.186010 8673 29 23 2603465
attack_ntmp 1.187011 8902 8 31 2604250
attack_ntmp 1.188011 9290 51 32 2574437
attack_ntmp 1.189011 8804 4 15 2610262
attack_ntmp 1.190011 9347 45 44 2593261
attack_ntmp 1.191011 9397 31 29 2591768
attack_ntmp 1.192010 8810 4 15 2582255
attack_ntmp 1.193011 9373 22 48 2593830
attack_ntmp 1.194010 8714 4 26 2603753
attack_ntmp 1.195011 9112 29 31 2594630
attack_ntmp 1.196010 9248 55 30 2569324
attack_ntmp 1.197010 8702 2 13 2605567
attack_ntmp 1.198010 9145 23 46 2592467
attack_ntmp 1.199011 8802 2 18 2605303
attack_ntmp 1.200011 9142 64 32 2571127
attack_ntmp 1.201012 9252 25 44 2596094
attack_ntmp 1.202011 8732 5 22 2606382
attack_ntmp 1.203011 9000 41 26 2598070
attack_ntmp 1.204011 8660 7 8 2589737
attack_ntmp 1.205011 9077 18 40 2592546
attack_ntmp 1.206011 9177 30 31 2595245
attack_ntmp 1.207012 8774 4 17 2611539
attack_ntmp 1.208013 9293 28 56 2584230
attack_ntmp 1.209010 8682 4 16 2593589
attack_ntmp 1.210012 9536 47 41 2595230
attack_ntmp 1.211009 9316 19 32 2588716
attack_ntmp 1.212011 8763 6 18 2588515
attack_ntmp 1.213011 9581 42 38 2594732
attack_ntmp 1.214011 8723 2 16 2606730
attack_ntmp 1.215010 9222 22 48 2590640
attack_ntmp 1.216012 9272 24 29 2576604
attack_ntmp 1.217010 8747 4 10 2601907
attack_ntmp 1.218010 9267 43 48 2592411
attack_ntmp 1.219010 8968 15 24 2603988
attack_ntmp 1.220011 8788 7 18 2589649
attack_ntmp 1.221012 9345 31 45 2588002
attack_ntmp 1.222011 9075 3 32 2600631
attack_ntmp 1.223011 9541 26 56 2648070
attack_ntmp 1.224011 9712 31 32 2542672
attack_ntmp 1.225011 8789 3 33 2604529
attack_ntmp 1.226011 9451 64 42 2649821
attack_ntmp 1.227011 8736 3 9 2587411
attack_ntmp 1.228011 9254 25 28 2559611
attack_ntmp 1.229010 9100 26 30 2654700
attack_ntmp 1.230011 8697 4 22 2585952
attack_ntmp 1.231010 9276 22 39 2594176
attack_ntmp 1.232011 8780 3 17 2589716
attack_ntmp 1.233011 9265 41 32 2592060
attack_ntmp 1.234010 9322 24 31 2593489
attack_ntmp 1.235011 8853 4 12 2611302
attack_ntmp 1.236011 8985 36 33 2632236
attack_ntmp 1.237010 8599 2 20 2581084
attack_ntmp 1.238010 9562 16 38 2598893
attack_ntmp 1.239011 9196 48 31 2662307
attack_ntmp 1.240011 8718 5 11 2557575
attack_ntmp 1.241013 9239 24 48 2654087
attack_ntmp 1.242009 8942 26 27 2691378
attack_ntmp 1.243011 9069 5 24 2709224
attack_ntmp 1.244012 9445 33 28 2680797
attack_ntmp 1.245011 8814 3 14 2703026
attack_ntmp 1.246011 9171 24 41 2693974
attack_ntmp 1.247010 9293 17 27 2689554
attack_ntmp 1.248011 8812 5 14 2683371
attack_ntmp 1.249011 9411 20 41 2691713
attack_ntmp 1.250011 8826 2 28 2700768
attack_ntmp 1.251011 9337 22 26 2696893
attack_ntmp 1.252010 9193 48 38 2670068
attack_ntmp 1.253011 8748 2 20 2709375
attack_ntmp 1.254011 9135 67 45 2694797
attack_ntmp 1.255010 8808 2 9 2710881
attack_ntmp 1.256012 9131 23 24 2679682
attack_ntmp 1.257012 9324 23 45 2693826
attack_ntmp 1.258010 8844 2 16 2707985
attack_ntmp 1.259011 9259 46 30 2693717
attack_ntmp 1.260009 9037 27 21 2676131
attack_ntmp 1.261010 9039 9 25 2709189
attack_ntmp 1.262010 9331 16 38 2691804
attack_ntmp 1.263010 8844 3 11 2712360
attack_ntmp 1.264011 9365 39 31 2666615
attack_ntmp 1.265011 9315 12 41 2688874
attack_ntmp 1.266012 8966 2 43 2712173
attack_ntmp 1.267010 9743 38 36 2683879
attack_ntmp 1.268011 9559 7 8 2616552
attack_ntmp 1.269011 9697 23 43 2563615
attack_ntmp 1.270011 9505 34 46 2655883
attack_ntmp 1.271011 8821 5 23 2706369
attack_ntmp 1.272011 9478 26 38 2672816
attack_ntmp 1.273011 8861 38 25 2704655
attack_ntmp 1.274010 9098 7 30 2694592
attack_ntmp 1.275011 9325 38 34 2693350
attack_ntmp 1.276009 8731 4 13 2687077
attack_ntmp 1.277447 13035 42 107 3853323
attack_ntmp 1.278013 8863 24 42 1410711
attack_ntmp 1.279012 8899 2 26 2607885
attack_ntmp 1.280190 12359 22 41 3081415
attack_ntmp 1.281011 7147 2 21 2120619
attack_ntmp 1.282011 10278 45 53 2650772
attack_ntmp 1.283011 9470 22 29 2570725
attack_ntmp 1.284010 8816 5 18 2586461
attack_ntmp 1.285012 9334 31 46 2656996
attack_ntmp 1.286010 8579 2 26 2580628
attack_ntmp 1.287010 9460 26 35 2656052
attack_ntmp 1.288011 9054 19 33 2534118
attack_ntmp 1.289011 8736 4 11 2610151
attack_ntmp 1.290011 9253 35 32 2655178
attack_ntmp 1.291010 8646 3 15 2585337
attack_ntmp 1.292011 9233 25 32 2634178
attack_ntmp 1.293010 9319 23 36 2686816
attack_ntmp 1.294010 8938 4 16 2709358
attack_ntmp 1.295010 9189 10 28 2691704
attack_ntmp 1.296010 8718 6 12 2683597
attack_ntmp 1.297011 9460 53 43 2693670
attack_ntmp 1.298011 9276 32 37 2693516
attack_ntmp 1.299010 8729 2 22 2707404
attack_ntmp 1.300016 9577 44 28 2686807
attack_ntmp 1.301011 9143 35 19 2683949
attack_ntmp 1.302011 9170 7 28 2706917
attack_ntmp 1.303010 9204 28 48 2686613
attack_ntmp 1.304012 8887 7 12 2693522
attack_ntmp 1.305011 9308 75 47 2685049
attack_ntmp 1.306010 9362 20 35 2690163
attack_ntmp 1.307011 8848 3 21 2712060
attack_ntmp 1.308013 9413 18 48 2678510
attack_ntmp 1.309011 8704 2 27 2693799
attack_ntmp 1.310010 9615 36 39 2688668
attack_ntmp 1.311010 9433 22 34 2693436
attack_ntmp 1.312010 8783 4 11 2688844
attack_ntmp 1.313012 9513 33 47 2694314
attack_ntmp 1.314011 8882 3 13 2704542
attack_ntmp 1.315010 9402 22 37 2685764
attack_ntmp 1.316010 9188 30 34 2677141
attack_ntmp 1.317011 8222 4 17 2700634
attack_ntmp 1.318012 8621 12 33 2696037
attack_ntmp 1.319010 8095 4 17 2699897
attack_ntmp 1.320012 8345 20 30 2553435
attack_ntmp 1.321012 8114 3 19 2668303
attack_ntmp 1.322011 8591 55 46 2567755
attack_ntmp 1.323012 8584 14 37 2593979
attack_ntmp 1.324011 8061 8 17 2578402
attack_ntmp 1.325012 8620 28 38 2597772
attack_ntmp 1.326011 8191 4 18 2599865
attack_ntmp 1.327012 8568 29 37 2652132
attack_ntmp 1.328011 8033 8 16 2558381
attack_ntmp 1.329013 8800 15 40 2597547
attack_ntmp 1.330012 8683 33 39 2641480
attack_ntmp 1.331010 8186 6 16 2581268
attack_ntmp 1.332011 8653 29 28 2574235
attack_ntmp 1.333011 8230 5 26 2602680
attack_ntmp 1.334011 8731 31 50 2592496
attack_ntmp 1.335011 8205 7 9 2599343
attack_ntmp 1.336343 11247 33 37 3556192
attack_ntmp 1.337013 6667 29 37 1760281
attack_ntmp 1.338012 8106 7 33 2581518
attack_ntmp 1.339011 9121 27 45 2588821
attack_ntmp 1.340012 8217 7 12 2580108
attack_ntmp 1.341012 8883 35 47 2646652
attack_ntmp 1.342010 8228 6 17 2574984
attack_ntmp 1.343012 8705 15 47 2655638
attack_ntmp 1.344011 8059 3 8 2555647
attack_ntmp 1.345011 8844 37 49 2593743
attack_ntmp 1.346012 8800 33 45 2591100
attack_ntmp 1.347011 8196 5 19 2603950
attack_ntmp 1.348012 8802 23 21 2623612
attack_ntmp 1.349011 8076 2 14 2577744
attack_ntmp 1.350011 8695 14 40 2590805
attack_ntmp 1.351011 8193 6 21 2606944
attack_ntmp 1.352011 8592 41 32 2634478
attack_ntmp 1.353012 8421 11 32 2562658
attack_ntmp 1.354012 8251 6 28 2603953
attack_ntmp 1.355011 8528 36 36 2649315
attack_ntmp 1.356011 8181 8 18 2565133
attack_ntmp 1.357011 8788 27 40 2592086
attack_ntmp 1.358011 8309 5 25 2608084
attack_ntmp 1.359010 8683 21 44 2585257
attack_ntmp 1.360011 9053 41 25 2572098
attack_ntmp 1.361010 8205 5 24 2604048
attack_ntmp 1.362011 8637 32 36 2594565
attack_ntmp 1.363010 8139 6 19 2604021
attack_ntmp 1.364013 8354 22 42 2524830
attack_ntmp 1.365011 8120 5 19 2570293
attack_ntmp 1.366011 8712 17 44 2656802
attack_ntmp 1.367011 8162 6 18 2578379
attack_ntmp 1.368012 8683 15 27 2570388
attack_ntmp 1.369011 8714 29 39 2652796
attack_ntmp 1.370013 7975 7 45 2589146
attack_ntmp 1.371011 9561 31 46 2578894
attack_ntmp 1.372011 8217 6 23 2587385
attack_ntmp 1.373011 8900 18 37 2652137
attack_ntmp 1.374011 8129 4 16 2581524
attack_ntmp 1.375012 8789 36 45 2597341
attack_ntmp 1.376011 8360 29 24 2632139
attack_ntmp 1.377012 8378 5 28 2581390
attack_ntmp 1.378011 8830 26 33 2594018
attack_ntmp 1.379012 8238 7 19 2606463
attack_ntmp 1.380011 8661 29 27 2629541
attack_ntmp 1.381012 8155 4 18 2586952
attack_ntmp 1.382012 8649 37 58 2591598
attack_ntmp 1.383010 8132 6 18 2663549
attack_ntmp 1.384011 8541 29 24 2550134
attack_ntmp 1.385012 8500 19 34 2592928
attack_ntmp 1.386012 8041 6 35 2607358
attack_ntmp 1.387011 8706 17 35 2651316
attack_ntmp 1.388012 8107 9 10 2563777
attack_ntmp 1.389012 8903 26 43 2591327
attack_ntmp 1.390011 8241 4 16 2602823
attack_ntmp 1.391011 8619 28 35 2651493
attack_ntmp 1.392012 8554 22 32 2553339
attack_ntmp 1.393012 8484 7 31 2602639
attack_ntmp 1.394012 9281 33 56 2590032
attack_ntmp 1.395011 8389 8 27 2605505
attack_ntmp 1.396011 9093 29 31 2559415
attack_ntmp 1.397010 8522 5 16 2584164
attack_ntmp 1.398011 9299 53 52 2592682
attack_ntmp 1.399010 8992 40 39 2645099
attack_ntmp 1.400011 8270 8 17 2564977
attack_ntmp 1.401012 9008 42 47 2592817
attack_ntmp 1.402010 8431 5 18 2598836
attack_ntmp 1.403011 8886 35 36 2598536
attack_ntmp 1.404012 8999 20 31 2568756
attack_ntmp 1.405012 8466 3 33 2607795
attack_ntmp 1.406012 8899 43 47 2592908
attack_ntmp 1.407011 8413 2 17 2606445
attack_ntmp 1.408012 8764 36 38 2561183
attack_ntmp 1.409011 8454 4 22 2604422
attack_ntmp 1.410011 9260 26 52 2596259
attack_ntmp 1.411011 8961 20 25 2595450
attack_ntmp 1.412011 8459 8 15 2580094
attack_ntmp 1.413010 8997 31 53 2591646
attack_ntmp 1.414011 8449 8 13 2606195
attack_ntmp 1.415011 9294 44 35 2592416
attack_ntmp 1.416011 9070 26 30 2565557
attack_ntmp 1.417012 8378 6 22 2611567
attack_ntmp 1.418012 9044 24 42 2599511
attack_ntmp 1.419011 8390 3 18 2598711
attack_ntmp 1.420011 8702 42 26 2557461
attack_ntmp 1.421012 8406 6 19 2615538
attack_ntmp 1.422010 9159 26 48 2587983
attack_ntmp 1.423012 8879 21 34 2596790
attack_ntmp 1.424011 8457 8 23 2586325
attack_ntmp 1.425011 8967 30 45 2586924
attack_ntmp 1.426011 8439 2 14 2611955
attack_ntmp 1.427011 8874 18 35 2593896
attack_ntmp 1.428010 8811 42 26 2565341
attack_ntmp 1.429012 8571 5 21 2613953
attack_ntmp 1.430011 8855 26 47 2594169
attack_ntmp 1.431010 8447 4 19 2564133
attack_ntmp 1.432012 8949 50 34 2579022
attack_ntmp 1.433011 8324 4 14 2602212
attack_ntmp 1.434011 8969 38 52 2597900
attack_ntmp 1.435011 8762 34 33 2595118
attack_ntmp 1.436012 8248 5 20 2592506
attack_ntmp 1.437011 9031 21 49 2587392
attack_ntmp 1.438012 8514 7 13 2611653
attack_ntmp 1.439011 8966 26 47 2591263
attack_ntmp 1.440012 8942 43 33 2572402
attack_ntmp 1.441012 8427 5 23 2613594
attack_ntmp 1.442011 8944 30 43 2591551
attack_ntmp 1.443011 8396 5 15 2610954
attack_ntmp 1.444011 8954 39 33 2570498
attack_ntmp 1.445010 8649 36 27 2601935
attack_ntmp 1.446010 8872 4 40 2596311
attack_ntmp 1.447011 8836 26 26 2597285
attack_ntmp 1.448010 8457 9 17 2588339
attack_ntmp 1.449012 9097 24 52 2596063
attack_ntmp 1.450011 8509 5 11 2606162
attack_ntmp 1.451012 8943 34 39 2597935
attack_ntmp 1.452011 8808 42 32 2565843
attack_ntmp 1.453011 8317 5 27 2608758
attack_ntmp 1.454010 8969 61 44 2583443
attack_ntmp 1.455012 8436 3 16 2614936
attack_ntmp 1.456011 9002 37 35 2567081
attack_ntmp 1.457011 8983 32 26 2595886
attack_ntmp 1.458010 8454 4 39 2601005
attack_ntmp 1.459010 9018 37 31 2597911
attack_ntmp 1.460011 8333 5 17 2590372
attack_ntmp 1.461011 9100 31 45 2596549
attack_ntmp 1.462010 8506 8 16 2607046
attack_ntmp 1.463011 8787 52 46 2597920
attack_ntmp 1.464010 8939 33 40 2572656
attack_ntmp 1.465011 8489 3 31 2610871
attack_ntmp 1.466012 8957 78 41 2600654
attack_ntmp 1.467011 8522 4 15 2603035
attack_ntmp 1.468011 8833 35 30 2567705
attack_ntmp 1.469012 8874 28 37 2596344
attack_ntmp 1.470012 8311 5 25 2609391
attack_ntmp 1.471011 9044 33 35 2592112
attack_ntmp 1.472011 8501 9 18 2584422
attack_ntmp 1.473015 9277 29 56 2604443
attack_ntmp 1.474009 8566 24 36 2583160
attack_ntmp 1.475011 9190 5 30 2603193
attack_ntmp 1.476012 9258 42 35 2571879
attack_ntmp 1.477011 8397 5 28 2603473
attack_ntmp 1.478011 9065 40 44 2595190
attack_ntmp 1.479010 8409 5 16 2604609
attack_ntmp 1.480011 8822 17 35 2576220
attack_ntmp 1.481011 9003 48 45 2592835
attack_ntmp 1.482011 8531 6 26 2607604
attack_ntmp 1.483010 8751 36 34 2591293
attack_ntmp 1.484010 8386 4 13 2585546
attack_ntmp 1.485011 9056 17 50 2595592
attack_ntmp 1.486009 8384 53 25 2594262
attack_ntmp 1.487012 8755 6 27 2608657
attack_ntmp 1.488011 9090 37 24 2569585
attack_ntmp 1.489012 8551 3 25 2611643
attack_ntmp 1.490011 8962 61 53 2593544
attack_ntmp 1.491010 8560 4 13 2610562
attack_ntmp 1.492011 8912 40 32 2577086
attack_ntmp 1.493011 9189 34 45 2595301
attack_ntmp 1.494010 8379 7 20 2606212
attack_ntmp 1.495010 8944 40 42 2588097
attack_ntmp 1.496012 8541 5 11 2589544
attack_ntmp 1.497011 9148 47 36 2596208
attack_ntmp 1.498011 8964 32 37 2595197
attack_ntmp 1.499010 8448 3 23 2607736
attack_ntmp 1.500011 9111 40 36 2566964
attack_ntmp 1.501011 8591 2 19 2614963
attack_ntmp 1.502012 9229 45 58 2592526
attack_ntmp 1.503010 8897 51 28 2595957
attack_ntmp 1.504011 8809 10 12 2587386
attack_ntmp 1.505011 9088 45 45 2595124
attack_ntmp 1.506011 8541 6 27 2604291
attack_ntmp 1.507011 9041 29 39 2593931
attack_ntmp 1.508011 8429 7 17 2586442
attack_ntmp 1.509010 8970 59 56 2591821
attack_ntmp 1.510011 9440 44 44 2597849
attack_ntmp 1.511011 8409 5 24 2606474
attack_ntmp 1.512011 9212 25 31 2568965
attack_ntmp 1.513010 8533 4 11 2601665
attack_ntmp 1.514012 9080 28 37 2606424
attack_ntmp 1.515011 8916 22 40 2589480
attack_ntmp 1.516011 8334 6 20 2588908
attack_ntmp 1.517011 9223 38 51 2592527
attack_ntmp 1.518011 8514 3 15 2611578
attack_ntmp 1.519011 8931 33 35 2596656
attack_ntmp 1.520010 8789 38 20 2572921
attack_ntmp 1.521011 8581 5 27 2611713
attack_ntmp 1.522011 9146 40 41 2592258
attack_ntmp 1.523010 8458 6 18 2610220
attack_ntmp 1.524010 8880 39 30 2566166
attack_ntmp 1.525012 8591 4 13 2619701
attack_ntmp 1.526011 8908 23 44 2591420
attack_ntmp 1.527011 8811 58 30 2593849
attack_ntmp 1.528011 8719 8 17 2571390
attack_ntmp 1.529011 9562 41 61 2597374
attack_ntmp 1.530009 9022 32 44 2600471
attack_ntmp 1.531010 9392 7 21 2607306
attack_ntmp 1.532010 9310 53 28 2573773
attack_ntmp 1.533011 8851 6 18 2608134
attack_ntmp 1.534010 9364 45 47 2596201
attack_ntmp 1.535009 9237 38 28 2596392
attack_ntmp 1.536010 8724 6 14 2592145
attack_ntmp 1.537012 9267 68 44 2596559
attack_ntmp 1.538010 8857 5 24 2609027
attack_ntmp 1.539010 9269 43 32 2601045
attack_ntmp 1.540010 9407 46 32 2574598
attack_ntmp 1.541010 8879 5 14 2611672
attack_ntmp 1.542011 9301 35 38 2593283
attack_ntmp 1.543009 9387 21 26 2594452
attack_ntmp 1.544010 8926 10 13 2596297
attack_ntmp 1.545010 9101 39 47 2653666
attack_ntmp 1.546010 8833 7 20 2590343
attack_ntmp 1.547011 9182 34 43 2598525
attack_ntmp 1.548010 9157 40 31 2628068
attack_ntmp 1.549011 8876 5 26 2590291
attack_ntmp 1.550010 9237 46 36 2591220
attack_ntmp 1.551010 8938 7 12 2613310
attack_ntmp 1.552010 9247 37 35 2572416
attack_ntmp 1.553012 9204 34 51 2660040
attack_ntmp 1.554011 8571 4 24 2590495
attack_ntmp 1.555011 9351 46 36 2602068
attack_ntmp 1.556010 8789 7 18 2585769
attack_ntmp 1.557010 9308 21 43 2590358
attack_ntmp 1.558012 9224 44 37 2665173
attack_ntmp 1.559010 8747 5 14 2581307
attack_ntmp 1.560011 9337 43 32 2578768
attack_ntmp 1.561011 9384 46 35 2598828
attack_ntmp 1.562011 9075 4 20 2609773
attack_ntmp 1.563011 9035 22 40 2650909
attack_ntmp 1.564010 8783 5 17 2566911
attack_ntmp 1.565010 9359 58 64 2592891
attack_ntmp 1.566010 9077 34 45 2660530
attack_ntmp 1.567011 8764 6 16 2588978
attack_ntmp 1.568010 9311 34 30 2572261
attack_ntmp 1.569010 8852 4 10 2615957
attack_ntmp 1.570010 9166 36 48 2592692
attack_ntmp 1.571010 9133 58 34 2591779
attack_ntmp 1.572010 8976 9 17 2590479
attack_ntmp 1.573012 9279 34 40 2605352
attack_ntmp 1.574012 9334 51 44 2587655
attack_ntmp 1.575011 8997 6 25 2613355
attack_ntmp 1.576012 9525 47 50 2638677
attack_ntmp 1.577011 8645 4 29 2579309
attack_ntmp 1.578011 9665 45 42 2593579
attack_ntmp 1.579010 9425 31 34 2657704
attack_ntmp 1.580010 8975 9 16 2678467
attack_ntmp 1.581011 9320 41 55 2572222
attack_ntmp 1.582010 8832 4 18 2610644
attack_ntmp 1.583011 9331 51 41 2660805
attack_ntmp 1.584010 9219 38 32 2549384
attack_ntmp 1.585011 8993 5 19 2612882
attack_ntmp 1.586009 9025 51 43 2590806
attack_ntmp 1.587009 9047 42 26 2655704
attack_ntmp 1.588009 8777 4 21 2561120
attack_ntmp 1.589011 9347 47 46 2659777
attack_ntmp 1.590010 8814 6 14 2580991
attack_ntmp 1.591011 9227 48 38 2597952
attack_ntmp 1.592010 9238 27 26 2630807
attack_ntmp 1.593010 8787 6 28 2583918
attack_ntmp 1.594010 9348 32 52 2596893
attack_ntmp 1.595011 8952 6 12 2611124
attack_ntmp 1.596011 9108 33 29 2571039
attack_ntmp 1.597011 9160 51 47 2592106
attack_ntmp 1.598011 8956 6 28 2607865
attack_ntmp 1.599011 9658 50 33 2655057
attack_ntmp 1.600010 8744 6 13 2567433
attack_ntmp 1.601011 9521 7 32 2598544
attack_ntmp 1.602011 9407 52 46 2601216
attack_ntmp 1.603011 8720 4 14 2604413
attack_ntmp 1.604010 9356 42 32 2580529
attack_ntmp 1.605011 9548 31 37 2596309
attack_ntmp 1.606011 8825 2 30 2665787
attack_ntmp 1.607011 9227 60 37 2575196
attack_ntmp 1.608119 9647 5 17 2853542
attack_ntmp 1.609011 8648 39 56 2394989
attack_ntmp 1.610011 9362 31 38 2574316
attack_ntmp 1.611010 8921 3 9 2611593
attack_ntmp 1.612009 9270 43 34 2570558
attack_ntmp 1.613011 8914 3 21 2615233
attack_ntmp 1.614009 9207 22 49 2650363
attack_ntmp 1.615011 9230 30 34 2577730
attack_ntmp 1.616011 8865 5 15 2645744
attack_ntmp 1.617011 9310 16 42 2571176
attack_ntmp 1.618010 9313 26 29 2594520
attack_ntmp 1.619011 8784 6 18 2612726
attack_ntmp 1.620010 9140 38 28 2572479
attack_ntmp 1.621011 8930 6 23 2608929
attack_ntmp 1.622010 9479 51 52 2597444
attack_ntmp 1.623010 9340 30 26 2594689
attack_ntmp 1.624011 8888 5 11 2585698
attack_ntmp 1.625011 9206 45 37 2588265
attack_ntmp 1.626010 9012 6 18 2605985
attack_ntmp 1.627011 9063 45 36 2657497
attack_ntmp 1.628010 9277 51 39 2553444
attack_ntmp 1.629011 8871 8 20 2615358
attack_ntmp 1.630011 9348 33 55 2654692
attack_ntmp 1.631009 9207 35 28 2567880
attack_ntmp 1.632010 8868 6 8 2590325
attack_ntmp 1.633011 9261 44 46 2657121
attack_ntmp 1.634010 8845 3 13 2590699
attack_ntmp 1.635011 9254 38 46 2653501
attack_ntmp 1.636011 9113 36 33 2675287
attack_ntmp 1.637011 8754 5 25 2582077
attack_ntmp 1.638011 9326 34 44 2594316
attack_ntmp 1.639010 8965 4 21 2615990
attack_ntmp 1.640009 9065 43 35 2633292
attack_ntmp 1.641011 9253 39 52 2574722
attack_ntmp 1.642010 8984 3 18 2608200
attack_ntmp 1.643010 9030 41 30 2653891
attack_ntmp 1.644010 8579 8 13 2566652
attack_ntmp 1.645012 9284 49 41 2604216
attack_ntmp 1.646010 9159 27 26 2646112
attack_ntmp 1.647011 8906 5 15 2594539
attack_ntmp 1.648010 9043 19 31 2552385
attack_ntmp 1.649011 9261 48 29 2659013
attack_ntmp 1.650010 9064 9 29 2580348
attack_ntmp 1.651010 9748 41 29 2600065
attack_ntmp 1.652011 9479 6 26 2586194
attack_ntmp 1.653011 9849 27 35 2594326
attack_ntmp 1.654011 10065 36 37 2593681
attack_ntmp 1.655009 9188 2 18 2605410
attack_ntmp 1.656010 9834 26 29 2575474
attack_ntmp 1.657011 9515 24 39 2656365
attack_ntmp 1.658010 9064 2 29 2579495
attack_ntmp 1.659010 9475 20 29 2597538
attack_ntmp 1.660010 9578 39 28 2582662
attack_ntmp 1.661011 9184 6 26 2612887
attack_ntmp 1.662011 9558 42 39 2599638
attack_ntmp 1.663009 9173 3 18 2607572
attack_ntmp 1.664010 9474 37 33 2577977
attack_ntmp 1.665010 9683 43 50 2596377
attack_ntmp 1.666010 9016 3 20 2615826
attack_ntmp 1.667010 9438 33 35 2595290
attack_ntmp 1.668009 9555 48 31 2568763
attack_ntmp 1.669010 9126 2 18 2618910
attack_ntmp 1.670011 9301 35 53 2597006
attack_ntmp 1.671009 9149 5 11 2610433
attack_ntmp 1.672010 9359 37 28 2574244
attack_ntmp 1.673011 9514 38 49 2598594
attack_ntmp 1.674010 9071 3 16 2604505
attack_ntmp 1.675011 9578 36 33 2596809
attack_ntmp 1.676011 9628 58 46 2579987
attack_ntmp 1.677011 9084 3 19 2602746
attack_ntmp 1.678011 9257 35 39 2605806
attack_ntmp 1.679011 9149 40 39 2586900
attack_ntmp 1.680016 8849 6 45 2604660
attack_ntmp 1.681011 10600 43 65 2565227
attack_ntmp 1.682010 8540 6 16 2603636
attack_ntmp 1.683011 9442 28 40 2587229
attack_ntmp 1.684011 8515 4 9 2576343
attack_ntmp 1.685010 9097 29 44 2595884
attack_ntmp 1.686011 9092 38 31 2591790
attack_ntmp 1.687011 8477 4 26 2608097
attack_ntmp 1.688012 9107 57 30 2572124
attack_ntmp 1.689011 8530 5 19 2607985
attack_ntmp 1.690011 9038 30 46 2593823
attack_ntmp 1.691011 8758 25 33 2588121
attack_ntmp 1.692011 8377 3 12 2589770
attack_ntmp 1.693011 9003 47 47 2588130
attack_ntmp 1.694011 8545 3 12 2605628
attack_ntmp 1.695010 9079 22 48 2588775
attack_ntmp 1.696010 8983 38 25 2573464
attack_ntmp 1.697010 8577 3 20 2602810
attack_ntmp 1.698011 9051 25 48 2602889
attack_ntmp 1.699010 8493 5 15 2603004
attack_ntmp 1.700011 9104 50 22 2574513
attack_ntmp 1.701010 8518 53 23 2604598
attack_ntmp 1.702011 8963 7 35 2600161
attack_ntmp 1.703010 8873 57 32 2591739
attack_ntmp 1.704011 8485 4 11 2586992
attack_ntmp 1.705011 9015 37 44 2596265
attack_ntmp 1.706011 8574 3 10 2603145
attack_ntmp 1.707011 8986 27 34 2596678
attack_ntmp 1.708011 8859 35 38 2565858
attack_ntmp 1.709012 8439 2 25 2610349
attack_ntmp 1.710012 9259 35 37 2586835
attack_ntmp 1.711011 8442 2 23 2600709
attack_ntmp 1.712011 9344 30 27 2569360
attack_ntmp 1.713011 8989 36 36 2592875
attack_ntmp 1.714011 8595 2 30 2607233
attack_ntmp 1.715011 8902 69 30 2597412
attack_ntmp 1.716010 8417 6 14 2583762
attack_ntmp 1.717011 9052 28 55 2590089
attack_ntmp 1.718012 8614 51 22 2609774
attack_ntmp 1.719010 8776 5 25 2594485
attack_ntmp 1.720011 8915 32 38 2563755
attack_ntmp 1.726262 74099 54 531 16557329
attack_ntmp 1.727020 15166 10 40 1934237
attack_ntmp 1.728414 16211 44 47 3602386
attack_ntmp 1.729012 4942 5 27 1509604
attack_ntmp 1.730013 10989 42 38 2594647
attack_ntmp 1.731011 8574 2 25 2570445
attack_ntmp 1.732011 9829 45 31 2566056
attack_ntmp 1.733011 8478 2 10 2596613
attack_ntmp 1.734011 9577 17 44 2586335
attack_ntmp 1.735012 9107 27 22 2592354
attack_ntmp 1.736348 11480 6 38 3479858
attack_ntmp 1.737021 9025 20 47 1729185
attack_ntmp 1.738012 8297 3 25 2573120
attack_ntmp 1.739013 10197 10 41 2591978
attack_ntmp 1.740012 8251 5 9 2566671
