1 0.001028 3787 377 497 810250
1 0.002016 6236 2 645 2613440
1 0.003015 8005 81 618 2658925
1 0.004012 6520 62 602 2487730
1 0.005014 6816 6 722 2695118
1 0.006014 7116 65 821 2662360
1 0.007013 6358 5 694 2679286
1 0.008012 6870 47 732 2641852
1 0.009014 7037 61 589 2673284
1 0.010012 6293 2 647 2675581
1 0.011012 7066 59 690 2672226
1 0.012016 70 5 34 10604
1 0.013021 0 0 0 0
1 0.014023 0 0 0 0
1 0.016491 57904 57 5010 13845263
1 0.021099 0 0 0 0
1 0.022029 0 0 0 0
1 0.023022 0 0 0 0
1 0.024022 0 0 0 0
1 0.025025 0 0 0 0
1 0.026037 0 0 0 0
1 0.027661 1321 5 112 595142
1 0.029273 18763 32 1587 0
1 0.030294 215 1 19 141430
1 0.031018 0 0 0 0
1 0.032017 0 0 0 0
1 0.033285 0 0 0 0
1 0.034023 12811 20 373 1195179
1 0.035015 5803 5 615 2319472
1 0.036013 10339 18 474 1963595
1 0.037013 6249 4 627 2578800
1 0.038014 8888 32 804 2548440
1 0.039013 6866 20 572 2573771
1 0.040013 6636 7 720 2572976
1 0.041012 7145 41 688 2562070
1 0.042013 6398 3 597 2587546
1 0.043012 6889 20 624 2562046
1 0.044012 7109 53 620 2554729
1 0.045013 6428 2 645 2585903
1 0.046013 6890 22 659 2564313
1 0.047012 6692 39 693 2571614
1 0.048014 3334 6 311 1232312
1 0.049013 6252 2 656 2574052
1 0.050014 9993 40 829 2560496
1 0.051771 11173 78 1241 4180091
1 0.053491 15250 41 1567 4192290
1 0.054291 287 1 9 189438
1 0.055017 2664 0 257 1611905
1 0.056022 12682 21 370 2483535
1 0.057015 5136 5 521 2126591
1 0.058014 12431 48 642 2562240
1 0.059013 6138 4 587 2576000
1 0.060012 8224 91 790 2538894
1 0.061013 7359 29 651 2567788
1 0.062013 6259 3 738 2583235
1 0.063013 6975 42 632 2560341
1 0.064011 4759 3 508 1990491
1 0.065018 7801 16 458 1706791
1 0.066012 6098 4 665 2530811
1 0.067012 8009 37 812 2567370
1 0.068011 7185 42 630 2540885
1 0.069012 6242 2 650 2580001
1 0.070013 7090 33 676 2566589
1 0.071012 6251 2 644 2578634
1 0.072012 6568 62 655 2457732
1 0.073016 6944 39 689 2614008
1 0.074012 6149 2 578 2538767
1 0.075012 6785 85 717 2571410
1 0.076011 6155 3 623 2561442
1 0.077012 6758 54 626 2578311
1 0.078012 6715 121 678 2563852
1 0.079011 6262 2 633 2582281
1 0.080011 6449 80 554 2481642
1 0.081012 6724 41 595 2466975
1 0.082012 6178 3 720 2581745
1 0.083012 6836 62 791 2569828
1 0.084011 6142 2 654 2545943
1 0.085013 6848 62 654 2576673
1 0.086012 6660 60 671 2568686
1 0.087012 6293 4 689 2583640
1 0.088011 6466 83 604 2550834
1 0.089012 6242 2 540 2585574
1 0.090011 6776 75 650 2570917
1 0.091013 6718 90 611 2574266
1 0.092012 6285 2 681 2565803
1 0.093013 6811 52 593 2570298
1 0.094019 6608 77 594 2584132
1 0.095011 6235 4 694 2564163
1 0.096011 6581 58 670 2483029
1 0.097012 6338 2 631 2585596
1 0.098012 6836 71 809 2580296
1 0.099012 6755 76 634 2563136
1 0.100011 6333 3 672 2567255
1 0.101012 6810 46 687 2570201
1 0.102013 6779 82 667 2573544
1 0.103011 6390 4 663 2583481
1 0.104011 6705 59 647 2548096
1 0.105013 6376 3 598 2583792
1 0.106013 6762 53 689 2571163
1 0.107012 6819 62 691 2571306
1 0.108011 6324 2 619 2563429
1 0.109012 6875 49 671 2578699
1 0.110011 6818 116 665 2565993
1 0.111012 6392 2 656 2583556
1 0.112012 5987 64 593 2166319
1 0.113013 6347 4 672 2585027
1 0.114012 6992 66 682 2567763
1 0.115012 6914 61 690 2576187
1 0.116011 6337 5 699 2532103
1 0.117012 6895 58 659 2569364
1 0.118012 6644 48 609 2572054
1 0.119013 5897 4 656 2589489
1 0.120012 6707 52 648 2551611
1 0.121013 5815 2 559 2582546
1 0.122013 6797 36 618 2564502
1 0.123013 5901 6 524 2583852
1 0.124013 6386 69 606 2552753
1 0.125013 6409 37 509 2573328
1 0.126013 5924 4 557 2582515
1 0.127017 6927 54 822 2576796
1 0.128012 5797 3 581 2544475
1 0.129013 6931 36 532 2567996
1 0.130013 5874 4 600 2576806
1 0.131012 6457 56 555 2571311
1 0.132012 6519 52 613 2547349
1 0.133014 5875 4 564 2589727
1 0.134013 6356 47 532 2563701
1 0.135012 5791 4 557 2579136
1 0.136012 6362 47 510 2555421
1 0.137013 5908 5 537 2584728
1 0.138013 6387 54 534 2566675
1 0.139013 6366 49 562 2567518
1 0.140012 5875 2 554 2569000
1 0.141012 6386 54 607 2566058
1 0.142013 5889 4 532 2586114
1 0.143012 6416 39 559 2569086
1 0.144011 5221 5 443 2316959
1 0.145014 6635 31 602 2581849
1 0.146013 5850 3 557 2583053
1 0.147013 6973 131 601 2568927
1 0.148012 6533 39 567 2551155
1 0.149012 5818 4 527 2584949
1 0.150013 6479 68 651 2566258
1 0.151012 5753 5 522 2579919
1 0.152012 6359 75 497 2547516
1 0.153013 5867 5 516 2587464
1 0.154012 6365 60 593 2560917
1 0.155012 6234 40 549 2570776
1 0.156012 5870 4 589 2565814
1 0.157013 6499 91 486 2578051
1 0.158012 5845 4 614 2585822
1 0.159012 6323 49 596 2569634
1 0.160012 5814 6 556 2562872
1 0.161012 6423 84 574 2569581
1 0.162013 6353 40 593 2566249
1 0.163013 5869 6 629 2583455
1 0.164012 6220 53 605 2551774
1 0.165013 5946 3 514 2582663
1 0.166013 6493 63 588 2561803
1 0.167012 5863 4 523 2584298
1 0.168012 6404 64 500 2546799
1 0.169014 6424 78 519 2580059
1 0.170011 5816 3 525 2579515
1 0.171011 6396 42 580 2569124
1 0.172011 5425 3 488 2421103
1 0.173012 6588 57 606 2569832
1 0.174012 5811 4 588 2589414
1 0.175012 6398 57 610 2574501
1 0.176011 6334 95 497 2517109
1 0.177012 5874 3 558 2587019
1 0.178013 6443 40 569 2567135
1 0.179012 5866 3 604 2582559
1 0.180012 6254 67 593 2522464
1 0.181013 5837 6 431 2586910
1 0.182013 6397 105 538 2564520
1 0.183011 6242 62 526 2563359
1 0.184012 5845 5 524 2567283
1 0.185013 6280 89 521 2568835
1 0.186012 5819 5 543 2578955
1 0.187013 6219 64 612 2571578
1 0.188012 5867 3 565 2562765
1 0.189013 6447 81 556 2571334
1 0.190014 6322 44 513 2569102
1 0.191012 5879 5 574 2583085
1 0.192012 6326 62 571 2553302
1 0.193012 5864 6 536 2581742
1 0.194012 6405 53 541 2571225
1 0.195012 5890 5 606 2581870
1 0.196012 6338 33 599 2549431
1 0.197012 6188 70 490 2568472
1 0.198013 5798 6 560 2586155
1 0.199012 6432 51 627 2566444
1 0.200012 5813 3 519 2561663
1 0.201014 6438 39 572 2577506
1 0.202013 5812 3 580 2575078
1 0.203013 6340 97 652 2566977
1 0.204012 6352 36 603 2554513
1 0.205013 5865 4 544 2585235
1 0.206012 6395 39 629 2561665
1 0.207012 5832 5 552 2581867
1 0.208012 6228 82 541 2548027
1 0.209013 5867 3 505 2583709
1 0.210013 6266 56 626 2561813
1 0.211013 6360 75 566 2567812
1 0.212012 4930 3 475 2133285
1 0.217489 33213 63 3362 10859358
1 0.218022 0 0 0 0
1 0.219020 0 0 0 0
1 0.220018 0 0 0 0
1 0.221356 0 0 0 0
1 0.232662 90079 87 6326 21903048
1 0.233021 0 0 0 0
1 0.234018 0 0 0 0
1 0.235018 0 0 0 0
1 0.236468 0 0 0 0
1 0.237329 3918 0 887 1876037
1 0.239382 19387 27 1501 4668663
1 0.240586 1444 0 107 1121269
1 0.241033 11896 22 239 1080656
1 0.242014 2741 5 296 2174817
1 0.243015 5605 0 485 2527822
1 0.244015 11047 18 482 1904368
1 0.245015 5700 4 471 2576604
1 0.246015 9658 33 583 2550800
1 0.247012 7286 52 616 2554679
1 0.248018 3611 3 366 1586396
1 0.249013 5687 6 505 2560488
1 0.250013 10143 22 650 2570557
1 0.251013 7489 38 640 2566355
1 0.252012 5495 5 559 2560675
1 0.253014 6925 30 481 2564703
1 0.254012 5747 5 523 2578512
1 0.255013 6479 18 550 2567484
1 0.256012 5486 3 481 2461580
1 0.257014 6687 28 599 2576531
1 0.258017 5629 5 501 2589352
1 0.259012 6345 71 550 2559902
1 0.260014 7087 54 649 2560186
1 0.261013 5835 4 606 2574473
1 0.262013 7206 40 743 2571192
1 0.263013 5891 4 538 2585951
1 0.264013 6278 41 583 2433361
1 0.265014 5911 4 505 2590876
1 0.266028 6476 5 639 2617298
1 0.267013 6308 42 639 2525592
1 0.268012 5787 5 624 2565255
1 0.269014 6277 62 554 2573410
1 0.270012 5833 5 592 2575001
1 0.271012 6321 34 502 2568859
1 0.272011 5557 5 565 2477601
1 0.273012 6401 49 662 2568351
1 0.274013 6379 21 626 2576654
1 0.275012 5713 3 696 2580294
1 0.276013 6296 34 631 2541105
1 0.277012 5842 6 528 2584138
1 0.278012 6466 88 697 2570177
1 0.279012 5686 4 564 2585081
1 0.280012 6422 34 596 2553536
1 0.281012 6471 67 455 2568871
1 0.282012 5943 3 538 2584904
1 0.283013 6456 33 569 2571139
1 0.284013 5918 5 553 2569328
1 0.285013 6523 41 616 2563744
1 0.286013 5953 5 567 2582043
1 0.287011 6518 24 641 2570547
1 0.288011 6299 93 537 2462159
1 0.289012 5919 3 633 2585955
1 0.290013 6641 21 697 2570068
1 0.291013 5981 5 601 2587308
1 0.292012 6441 27 549 2548468
1 0.293012 5948 2 483 2591968
1 0.294013 6462 38 646 2568644
1 0.295012 6738 57 667 2570334
1 0.296011 5938 4 612 2535564
1 0.297013 6994 42 623 2571593
1 0.298014 5880 5 598 2585150
1 0.299013 6949 28 657 2569439
1 0.300011 6511 51 585 2551583
1 0.301012 5940 5 611 2587663
1 0.302012 6525 24 629 2569222
1 0.303012 6021 3 523 2583475
1 0.304012 6431 36 557 2531533
1 0.305012 6481 31 502 2568517
1 0.306014 6026 4 593 2593207
1 0.307012 6488 44 677 2562211
1 0.308012 5978 4 551 2565529
1 0.309014 6495 19 619 2570464
1 0.310013 5974 4 509 2588821
1 0.311013 6454 51 533 2568293
1 0.312013 5808 55 463 2152666
1 0.313013 5955 4 635 2590592
1 0.314013 6684 75 581 2566590
1 0.315013 5954 5 588 2582273
1 0.316011 6530 64 586 2546781
1 0.317012 5988 22 549 2586121
1 0.318012 6439 4 617 2589901
1 0.319012 6430 47 509 2571166
1 0.320012 5914 3 549 2569731
1 0.321011 6492 75 608 2567797
1 0.322012 5967 3 527 2592173
1 0.323012 6426 60 534 2566222
1 0.324012 6513 61 601 2549382
1 0.325012 5896 2 542 2594574
1 0.326013 6464 43 634 2566969
1 0.327013 5904 3 508 2586674
1 0.328012 6405 49 621 2547825
1 0.329012 6456 39 512 2564959
1 0.330012 5934 5 598 2584891
1 0.331013 6248 44 610 2570886
1 0.332010 5905 5 613 2562678
1 0.333013 6498 78 554 2581315
1 0.334011 5986 3 523 2583514
1 0.335012 6430 98 563 2574790
1 0.336012 6383 29 531 2559577
1 0.337012 6017 5 510 2583431
1 0.338014 6417 32 646 2576819
1 0.339012 6020 5 570 2579953
1 0.340011 6342 69 588 2553254
1 0.341013 6487 76 578 2576614
1 0.342013 5982 6 583 2583663
1 0.343014 6399 69 611 2570957
1 0.344012 5877 3 609 2562161
1 0.345012 6492 102 620 2572079
1 0.346013 6381 75 549 2571317
1 0.347013 5889 2 569 2584745
1 0.348012 6319 73 588 2555348
1 0.349012 5878 5 478 2583280
1 0.350013 6391 100 614 2570205
1 0.351012 5985 2 506 2587737
1 0.352011 5997 28 589 2416161
1 0.353013 6564 44 546 2577209
1 0.354012 5945 4 576 2586098
1 0.355013 6540 25 670 2572251
1 0.356013 5877 4 558 2542371
1 0.357013 6541 64 599 2571850
1 0.358013 6367 29 603 2569875
1 0.359013 5912 5 575 2589880
1 0.360012 6344 48 636 2555876
1 0.361012 5964 4 597 2574159
1 0.362012 6571 45 583 2570780
1 0.363012 6509 32 524 2572800
1 0.364012 5891 4 679 2569470
1 0.365012 6461 39 540 2572174
1 0.366013 5952 3 576 2586467
1 0.367012 6274 59 618 2564993
1 0.368011 5962 5 580 2576398
1 0.369012 6497 50 527 2576415
1 0.370013 6366 29 519 2566440
1 0.371012 5937 4 605 2583025
1 0.372012 6395 39 625 2556842
1 0.373013 5955 4 587 2584462
1 0.374013 6467 69 560 2574138
1 0.375015 6658 64 666 2577182
1 0.376011 5966 5 595 2557410
1 0.377012 6759 31 587 2572542
1 0.378013 5919 3 616 2590039
1 0.379012 6396 35 595 2560256
1 0.380013 6401 80 597 2557140
1 0.381013 5882 5 507 2582903
1 0.382012 6547 34 625 2571382
1 0.383012 5941 3 501 2582222
1 0.384011 6400 67 548 2550699
1 0.385011 6193 64 575 2576482
1 0.386013 6285 4 564 2598642
1 0.387012 6404 38 560 2565835
1 0.388012 5881 2 625 2565061
1 0.389012 6456 44 601 2569801
1 0.390012 6002 5 541 2587789
1 0.391012 6428 44 613 2565640
1 0.392011 6656 60 625 2550405
1 0.393011 6307 5 544 2583740
1 0.394013 6778 30 636 2574847
1 0.395011 6249 6 606 2583607
1 0.396012 6643 52 628 2555571
1 0.397011 6669 49 578 2571171
1 0.398012 6106 3 491 2585107
1 0.399011 6687 46 633 2563427
1 0.400011 6703 75 610 2559061
1 0.401011 6210 4 579 2588505
1 0.402011 6641 65 605 2567372
1 0.403012 6257 5 647 2594605
1 0.404011 6685 54 551 2546673
1 0.405011 6685 36 538 2567294
1 0.406011 6353 6 639 2585985
1 0.407012 6693 54 655 2575958
1 0.408012 5594 3 577 2335778
1 0.409011 6683 40 586 2435654
1 0.410013 7079 73 605 2575759
1 0.411013 6277 5 640 2588824
1 0.412012 6270 93 561 2338819
1 0.413012 6144 0 598 2569836
1 0.414012 7072 46 646 2568261
1 0.415011 6705 46 641 2569984
1 0.416011 6171 3 655 2543920
1 0.417011 6779 54 658 2573094
1 0.418011 6729 37 586 2561325
1 0.419012 6278 6 674 2591432
1 0.420011 6659 95 574 2553557
1 0.421011 6318 2 566 2582486
1 0.422012 6726 56 596 2572658
1 0.423012 6684 60 592 2574314
1 0.424011 6174 4 546 2564876
1 0.425012 6790 42 581 2571342
1 0.426012 6241 3 616 2587442
1 0.427012 6774 100 579 2568749
1 0.428011 6572 47 589 2528237
1 0.429011 6301 6 613 2588552
1 0.430011 6687 33 682 2567200
1 0.431010 6451 53 678 2573500
1 0.432012 6490 6 704 2590885
1 0.433011 6794 73 516 2564923
1 0.434012 6267 5 597 2585394
1 0.435011 6748 113 629 2572435
1 0.436011 6771 69 656 2549770
1 0.437012 6282 3 603 2594506
1 0.438013 6690 48 638 2571715
1 0.439011 6299 4 529 2585764
1 0.440012 6563 67 725 2557093
1 0.441011 6667 76 616 2570613
1 0.442012 6276 2 505 2582700
1 0.443012 6711 61 643 2571406
1 0.444012 6680 45 594 2554238
1 0.445011 6240 4 663 2586449
1 0.446012 6746 78 612 2576800
1 0.447011 6225 3 562 2579611
1 0.448011 6466 114 573 2553978
1 0.449012 6702 123 580 2579793
1 0.450012 6270 7 625 2582524
1 0.451012 6705 55 605 2571985
1 0.452011 6214 6 605 2565374
1 0.453011 6693 55 567 2580405
1 0.454012 6595 68 620 2573141
1 0.455011 6266 3 569 2587334
1 0.456011 6511 159 637 2552084
1 0.457010 6405 52 581 2572017
1 0.458012 6706 7 658 2599400
1 0.459012 6677 60 630 2574691
1 0.460011 6220 3 589 2563624
1 0.461011 7038 51 700 2571350
1 0.462012 7292 28 855 2570674
1 0.463012 6493 3 830 2580847
1 0.464010 7086 69 801 2553085
1 0.465012 7027 87 736 2573735
1 0.466011 6660 2 720 2582181
1 0.467012 7007 64 784 2574914
1 0.468011 6869 66 857 2553176
1 0.469012 6536 4 722 2588478
1 0.470011 7040 64 735 2566609
1 0.471011 7034 38 827 2572937
1 0.472010 6524 4 822 2562935
1 0.473011 6997 61 749 2575927
1 0.474013 6864 59 773 2579154
1 0.475011 6561 4 831 2584151
1 0.476010 6994 50 781 2530065
1 0.477011 7032 57 775 2569326
1 0.478011 6561 4 749 2593314
1 0.479011 7120 32 735 2574165
1 0.480011 6942 62 726 2549974
1 0.481011 6522 2 751 2587405
1 0.482011 6902 26 779 2571396
1 0.483010 6968 47 748 2567706
1 0.484012 6663 2 776 2569723
1 0.485012 7236 68 759 2569469
1 0.486012 7220 33 749 2568173
1 0.487012 6625 4 836 2584313
1 0.488010 6932 28 753 2555272
1 0.489011 6836 53 814 2569127
1 0.490013 6566 2 919 2591005
1 0.491012 7352 45 732 2564674
1 0.492011 7142 84 805 2547876
1 0.493012 6617 4 766 2584236
1 0.494012 6999 47 783 2569813
1 0.495010 6831 69 752 2564733
1 0.496011 6600 3 710 2570069
1 0.497011 6977 54 807 2573164
1 0.498011 6764 41 796 2575566
1 0.499011 6679 5 767 2584134
1 0.500011 6828 87 737 2560235
1 0.501011 6807 76 722 2575572
1 0.502011 6616 3 757 2585739
1 0.503011 7007 50 753 2573576
1 0.504010 6668 52 754 2555356
1 0.505013 6753 5 891 2595723
1 0.506012 6935 77 844 2571710
1 0.507011 6604 44 768 2578811
1 0.508010 6903 6 704 2566568
1 0.509011 6919 39 810 2577396
1 0.510013 2907 2 317 1124857
1 0.511017 206 1 14 63695
1 0.512015 14307 28 688 2296762
1 0.513089 6340 2 675 2472795
1 0.514015 9880 35 691 2365751
1 0.515013 7646 36 671 2440115
1 0.516011 4638 3 515 1779778
1 0.517164 9173 29 892 2913062
1 0.519251 16785 18 2108 4911772
1 0.520030 160 3 13 87772
1 0.521013 3505 0 459 2118061
1 0.522018 16151 23 908 2566365
1 0.523014 9951 32 763 2546542
1 0.524011 6538 3 911 2552413
1 0.525013 7610 22 745 2571417
1 0.526011 7097 37 774 2566056
1 0.527011 6584 5 778 2583648
1 0.528011 6258 42 635 2215184
1 0.532225 26031 100 3129 7867284
1 0.533019 3755 1 368 1513723
1 0.535603 31963 49 2497 6153135
1 0.538016 16431 20 1010 4123941
1 0.538074 0 0 0 0
1 0.539018 1805 4 167 662043
1 0.540013 5894 4 666 2533173
1 0.541016 15046 17 722 2556406
1 0.542014 5995 5 603 2572811
1 0.543015 8648 69 842 2575141
1 0.544012 3975 6 444 1664036
1 0.545014 7630 19 712 2579284
1 0.546013 7072 65 731 2544254
1 0.547014 6076 2 650 2577711
1 0.548016 6790 30 452 1577214
1 0.549013 5946 4 767 2554695
1 0.550013 8285 51 885 2564490
1 0.551421 10287 38 1075 3295699
1 0.553080 16009 21 1471 3975483
1 0.554020 2338 1 241 991233
1 0.555013 5900 4 725 2538380
1 0.556013 14241 23 825 2524316
1 0.557020 8843 32 593 2581004
1 0.558014 6002 4 737 2565047
1 0.559012 7095 34 772 2562009
1 0.560011 5744 4 680 2421229
1 0.561014 6969 22 878 2569072
1 0.562013 6996 22 793 2571145
1 0.563012 6021 4 706 2575342
1 0.564320 5578 39 629 2095222
1 0.565029 4152 2 479 1794383
1 0.566014 10157 12 802 2506206
1 0.567014 6022 4 703 2588427
1 0.568012 7638 46 700 2537805
1 0.569013 6942 48 648 2569792
1 0.570013 6031 2 708 2582098
1 0.571011 6606 49 675 2558416
1 0.572012 5701 4 672 2477774
1 0.573012 6942 50 826 2566822
1 0.574013 6769 55 796 2566588
1 0.575012 5951 5 640 2568603
1 0.576011 6438 28 715 2534168
1 0.577013 5972 2 667 2588884
1 0.578012 6518 39 823 2566786
1 0.579011 6609 45 713 2566338
1 0.580012 6058 4 711 2562740
1 0.581013 6437 40 713 2474794
1 0.582012 6009 6 668 2576962
1 0.583012 6452 81 920 2565075
1 0.584012 6387 33 769 2549484
1 0.585012 6011 3 679 2577815
1 0.586018 6461 38 749 2590125
1 0.587012 5927 2 744 2562461
1 0.588012 6264 49 736 2468665
1 0.589013 6626 57 666 2570892
1 0.590014 6067 2 736 2586625
1 0.591013 6601 59 749 2562651
1 0.592013 6028 2 718 2568617
1 0.593012 6518 44 605 2529094
1 0.594013 6412 40 757 2564474
1 0.595013 6043 3 658 2585931
1 0.596011 6342 30 676 2522071
1 0.597011 6229 37 668 2578789
1 0.598011 6369 5 800 2557457
1 0.599012 6731 45 691 2571415
1 0.600010 6341 2 718 2556176
1 0.601014 6960 53 723 2581894
1 0.602013 6919 21 683 2563053
1 0.603011 6416 2 596 2579296
1 0.604013 6800 64 600 2557566
1 0.605011 6814 30 661 2569604
1 0.606012 6391 2 654 2588146
1 0.607011 6825 39 779 2566037
1 0.608012 6299 2 627 2565336
1 0.609012 6909 89 690 2572811
1 0.610011 6750 58 656 2566260
1 0.611012 6358 2 714 2584892
1 0.612014 6913 55 697 2565091
1 0.613014 5466 4 580 2213603
1 0.614013 7733 49 696 2569470
1 0.615012 7150 37 663 2565217
1 0.616012 6371 2 620 2569706
1 0.617014 6889 40 670 2570758
1 0.618012 6854 57 634 2567103
1 0.619012 6372 4 668 2587821
1 0.620011 6657 45 672 2551390
1 0.621013 6388 2 619 2588986
1 0.622012 6794 76 691 2567583
1 0.623013 6754 69 689 2569230
1 0.624011 6354 3 661 2565116
1 0.625012 6784 24 583 2573365
1 0.626013 6805 40 706 2568657
1 0.627013 6247 3 741 2580164
1 0.628011 6733 66 665 2548495
1 0.629012 6372 2 672 2586904
1 0.630013 6820 59 763 2568582
1 0.631012 6543 35 679 2569089
1 0.632011 6373 2 630 2569223
1 0.633012 6856 45 653 2571974
1 0.634012 6892 41 618 2565697
1 0.635012 6464 4 650 2589808
1 0.636011 6808 97 740 2555699
1 0.637013 6334 3 677 2584054
1 0.638012 6816 48 710 2566872
1 0.639011 6899 28 611 2571161
1 0.640011 6390 2 669 2563724
1 0.641012 6806 37 658 2573486
1 0.642013 6914 45 622 2570472
1 0.643012 6394 2 681 2586041
1 0.644011 6655 36 676 2545329
1 0.645012 6366 2 618 2586915
1 0.646012 6730 67 680 2575116
1 0.647017 6721 38 645 2599359
1 0.648012 6284 3 650 2528474
1 0.649012 6749 53 629 2567630
1 0.650013 6737 61 704 2568742
1 0.651013 6367 2 657 2581321
1 0.652012 6763 22 690 2547568
1 0.653012 6370 2 675 2588007
1 0.654012 6798 54 602 2564738
1 0.655013 6777 101 612 2571540
1 0.656012 6275 3 599 2530716
1 0.657012 6769 45 693 2573364
1 0.658013 6806 35 717 2568813
1 0.659012 6361 2 615 2581135
1 0.660011 6733 70 649 2553144
1 0.661012 6405 28 637 2574785
1 0.662012 6736 5 671 2586527
1 0.663013 6768 89 647 2576096
1 0.664010 6166 2 646 2554279
1 0.665012 6939 41 628 2574759
1 0.666013 6795 35 648 2572802
1 0.667012 6291 2 638 2576081
1 0.668011 6654 54 672 2552813
1 0.669012 6540 66 576 2578167
1 0.670012 6544 6 655 2591062
1 0.671012 6859 75 718 2572671
1 0.672011 5964 5 657 2437522
1 0.673012 6967 40 705 2571313
1 0.674012 6746 34 635 2569731
1 0.675013 6417 2 682 2589037
1 0.676011 6605 69 669 2518707
1 0.677011 6455 50 659 2574257
1 0.678012 6607 6 779 2593621
1 0.679012 6763 41 693 2566647
1 0.680012 6351 2 650 2572102
1 0.681010 6694 37 663 2567100
1 0.682012 6815 32 692 2574600
1 0.683011 6358 4 698 2574269
1 0.684012 6786 47 555 2556566
1 0.685012 6746 26 660 2568560
1 0.686012 6379 4 658 2583528
1 0.687012 6878 40 674 2566249
1 0.688010 6351 2 718 2563492
1 0.689013 6785 30 682 2570619
1 0.690012 6751 31 626 2564746
1 0.691012 6376 2 633 2584043
1 0.692012 6734 35 681 2548096
1 0.693012 6747 31 556 2572317
1 0.694012 6352 4 659 2586608
1 0.695012 6853 56 719 2569882
1 0.696011 6281 3 685 2571516
1 0.697016 6745 34 583 2579810
1 0.698013 6820 39 670 2564794
1 0.699012 6387 4 608 2575537
1 0.700012 6855 54 691 2552098
1 0.701014 6845 109 596 2573566
1 0.702012 6333 2 780 2580988
1 0.703013 6800 23 647 2572309
1 0.704011 6369 3 713 2561416
1 0.705013 6883 59 644 2578306
1 0.706013 6802 69 685 2567409
1 0.707011 6393 3 758 2583027
1 0.708012 6832 49 695 2561123
1 0.709013 6802 32 689 2566341
1 0.710011 6399 3 650 2583602
1 0.711012 6797 55 715 2573305
1 0.712011 6509 119 634 2562270
1 0.713013 6022 7 533 2296725
1 0.714012 7065 42 737 2568319
1 0.715012 6414 3 741 2585898
1 0.716011 6904 96 654 2521253
1 0.717012 6890 53 638 2574827
1 0.718013 6418 3 776 2589691
1 0.719013 6851 55 667 2569155
1 0.720010 6333 2 600 2562153
1 0.721012 6839 30 689 2582957
1 0.722012 6941 46 694 2571047
1 0.723011 6403 2 611 2580312
1 0.724011 6853 98 662 2552714
1 0.725012 6724 80 579 2574611
1 0.726012 6377 3 688 2582666
1 0.727013 6970 107 775 2571677
1 0.728012 6996 46 713 2550329
1 0.729011 6312 4 619 2577354
1 0.730013 6908 99 660 2571976
1 0.732697 18290 54 2486 6545190
1 0.734291 15933 12 1150 3467488
1 0.735021 6922 7 312 711399
1 0.736013 6245 2 675 2531645
1 0.737014 10332 31 763 2560327
1 0.738014 7398 48 661 2568230
1 0.739013 6371 3 662 2572671
1 0.740011 7000 58 694 2542073
1 0.741012 6463 2 586 2585638
1 0.742013 6622 65 619 2576368
1 0.743014 6863 33 577 2560364
1 0.744013 5785 5 496 2561167
1 0.745012 6792 39 504 2570970
1 0.746014 5889 4 536 2582430
1 0.747013 6449 88 574 2564345
1 0.748011 6062 49 588 2552586
1 0.749014 6023 4 535 2597381
1 0.750013 6284 42 620 2557773
1 0.751012 5908 4 495 2583706
1 0.752012 6383 16 580 2551126
1 0.753012 5808 5 545 2581752
1 0.754013 6438 36 524 2572059
1 0.755013 5840 4 524 2581814
1 0.756012 6052 21 572 2457953
1 0.757013 6541 25 569 2567814
1 0.758013 5860 3 577 2583088
1 0.759013 6617 63 617 2563570
1 0.760012 5786 6 600 2558158
1 0.761012 6505 46 598 2569165
1 0.762012 5916 2 555 2587174
1 0.763013 6387 40 527 2572527
1 0.764013 6276 86 543 2547630
1 0.765014 5829 3 504 2584184
1 0.766013 6542 54 531 2569961
1 0.767013 5876 5 559 2579220
1 0.768012 6300 43 605 2545316
1 0.769012 5814 5 544 2578392
1 0.770013 6346 84 597 2576056
1 0.771014 6389 72 569 2571599
1 0.772011 5841 5 528 2553237
1 0.773013 6375 66 476 2569018
1 0.774012 5895 4 500 2581289
1 0.775012 6330 54 645 2567512
1 0.776012 5732 5 550 2534189
1 0.777013 5939 32 530 2375867
1 0.778012 6573 50 506 2575040
1 0.779012 5826 3 568 2573971
1 0.780012 6422 41 576 2553071
1 0.781013 5770 5 521 2586487
1 0.782013 6312 38 576 2572014
1 0.783012 5866 2 552 2580963
1 0.784012 6321 69 569 2553329
1 0.785013 6469 91 529 2567683
1 0.786012 5811 2 559 2585518
1 0.787012 6350 38 626 2568135
1 0.788012 5835 3 559 2566737
1 0.789012 6435 50 593 2566541
1 0.790012 5891 5 470 2579749
1 0.791012 6343 55 551 2569920
1 0.792012 6400 31 586 2549116
1 0.793013 5840 4 533 2587556
1 0.794013 6448 92 580 2569131
1 0.795012 5809 3 595 2577822
1 0.796012 6306 79 594 2554176
1 0.797012 5734 3 508 2585273
1 0.798013 6254 55 585 2572404
1 0.799012 6355 34 515 2565684
1 0.800013 5652 4 532 2552074
1 0.801013 7120 21 617 2550283
1 0.802013 5795 5 579 2577024
1 0.803013 6597 52 542 2566168
1 0.804012 5815 3 582 2561219
1 0.805013 6421 73 539 2567468
1 0.806012 5919 21 506 2574362
1 0.807013 6268 6 558 2586291
1 0.808013 6446 29 506 2552701
1 0.809012 5827 5 523 2579625
1 0.810013 6371 35 544 2566149
1 0.811013 5845 4 533 2585892
1 0.812011 6335 44 651 2541166
1 0.813012 5073 5 419 2226277
1 0.814013 6587 34 563 2575703
1 0.815012 6463 42 590 2563201
1 0.816012 5859 2 675 2567748
1 0.817014 6396 67 512 2571120
1 0.818013 5813 2 475 2589812
1 0.819012 6317 70 611 2566760
1 0.820012 5799 4 551 2567339
1 0.821013 6305 93 556 2574711
1 0.822011 6231 63 550 2561184
1 0.823013 5925 5 553 2589316
1 0.824012 6309 100 561 2549898
1 0.825012 5862 4 598 2579159
1 0.826014 6274 89 534 2570569
1 0.827014 5838 4 557 2591886
1 0.828012 6517 60 648 2544191
1 0.829013 6582 39 537 2568710
1 0.830011 5912 4 622 2580935
1 0.831013 6242 57 530 2570093
1 0.832011 5800 5 572 2556640
1 0.833012 6336 31 594 2572245
1 0.834012 5886 3 536 2590611
1 0.835012 6275 39 537 2563910
1 0.836011 5941 41 599 2517871
1 0.837013 6054 4 606 2596746
1 0.838012 6376 21 672 2566492
1 0.839012 5841 4 512 2583121
1 0.840012 6354 39 595 2557110
1 0.841013 5884 5 492 2588660
1 0.842013 6366 67 594 2570511
1 0.843012 6281 45 507 2567540
1 0.844014 5849 4 784 2579411
1 0.845012 7165 34 608 2552908
1 0.846013 5801 4 601 2581847
1 0.847013 6541 96 608 2567790
1 0.848012 5556 3 512 2465402
1 0.849013 6616 44 491 2574948
1 0.850013 5970 36 504 2575113
1 0.851012 6394 5 673 2581807
1 0.852012 6410 96 596 2550987
1 0.853012 5867 7 463 2582734
1 0.854012 6376 59 593 2565282
1 0.855012 5841 5 558 2585679
1 0.856012 6288 36 570 2541132
1 0.857012 6069 48 494 2574810
1 0.858013 6327 6 596 2593644
1 0.859011 6335 57 597 2565491
1 0.860012 5910 3 543 2567045
1 0.861013 6415 29 477 2574573
1 0.862012 5868 3 523 2585007
1 0.863013 6316 96 553 2566256
1 0.864011 5801 5 616 2568705
1 0.865012 6363 39 594 2570796
1 0.866013 6338 69 574 2574403
1 0.867012 5886 5 536 2577601
1 0.868011 6244 27 555 2553614
1 0.869012 5831 4 533 2582490
1 0.870013 6236 19 628 2569753
1 0.871013 5882 5 599 2577291
1 0.872011 6285 61 583 2545684
1 0.873012 6345 60 495 2570388
1 0.874011 5868 5 510 2587259
1 0.875013 6212 74 641 2569185
1 0.876011 5836 3 611 2562201
1 0.877013 6520 35 623 2575327
1 0.878012 5959 4 609 2588696
1 0.879012 6513 61 694 2566516
1 0.880012 6602 59 597 2554052
1 0.881013 5850 4 563 2584756
1 0.882013 6531 56 593 2571186
1 0.883011 5865 8 544 2574786
1 0.884011 6518 39 577 2552719
1 0.885012 6386 35 554 2572504
1 0.886012 6002 5 562 2585581
1 0.887011 6334 50 684 2567170
1 0.888012 5883 6 626 2574292
1 0.889012 6441 46 635 2572438
1 0.890011 5939 3 604 2585843
1 0.891012 6456 43 608 2566516
1 0.892011 6324 58 666 2557743
1 0.893012 5896 5 579 2587040
1 0.894012 6415 60 565 2565499
1 0.895012 5942 5 523 2582363
1 0.896012 6308 36 579 2536487
1 0.897012 5836 4 545 2584402
1 0.898012 6470 41 619 2573353
1 0.899013 6393 52 552 2573455
1 0.900011 5939 4 543 2562707
1 0.901013 6422 84 543 2572691
1 0.902012 5872 4 537 2577245
1 0.903012 6424 36 609 2567438
1 0.904011 5853 5 537 2567700
1 0.905013 6339 60 591 2587935
1 0.906013 6411 63 595 2569057
1 0.907012 5845 3 571 2585959
1 0.908012 6324 46 557 2553524
1 0.909012 5901 4 585 2592042
1 0.910013 6475 33 616 2567631
1 0.911012 6292 77 564 2526702
1 0.912013 5810 4 602 2492595
1 0.913013 6778 45 590 2300466
1 0.914012 5801 0 520 2595246
1 0.915013 7511 78 673 2577257
1 0.916012 5952 3 552 2567267
1 0.917013 6792 55 519 2573547
1 0.918012 6518 46 598 2562667
1 0.919013 5989 4 640 2584657
1 0.920011 6473 111 626 2533467
1 0.921012 5890 4 520 2584981
1 0.922012 6520 55 566 2568134
1 0.923011 6085 74 588 2573883
1 0.924011 6033 5 663 2544488
1 0.925013 6529 65 626 2573877
1 0.926013 5975 4 560 2579200
1 0.927013 6341 59 630 2571503
1 0.928011 5662 3 552 2475997
1 0.929014 6547 35 663 2574945
1 0.930013 6698 77 611 2567055
1 0.931013 5898 4 620 2584987
1 0.932013 6354 92 531 2548208
1 0.933013 5923 4 556 2589306
1 0.934012 6363 68 592 2570376
1 0.935011 6415 46 633 2564107
1 0.936011 5886 3 525 2567873
1 0.937012 6438 65 632 2573570
1 0.938012 5910 3 587 2578948
1 0.939012 6430 25 670 2568930
1 0.940011 6397 28 584 2553887
1 0.941012 6042 3 619 2595580
1 0.942012 6596 67 605 2571576
1 0.943013 5892 4 553 2585534
1 0.944012 6440 46 599 2551244
1 0.945013 5984 5 534 2587529
1 0.946013 6627 32 653 2568520
1 0.947012 6453 26 649 2567545
1 0.948013 5744 5 638 2494855
1 0.949013 6717 41 674 2570054
1 0.950012 6042 3 580 2583260
1 0.951012 6512 79 563 2570893
1 0.952011 6474 25 586 2555474
1 0.953012 5932 5 569 2584710
1 0.954013 6526 98 566 2572984
1 0.955012 5962 4 591 2585313
1 0.956012 6327 59 555 2537556
1 0.957011 6510 31 532 2573382
1 0.958013 5906 4 600 2583112
1 0.959014 6750 36 725 2575407
1 0.960013 5865 4 600 2556248
1 0.961013 6829 42 576 2569572
1 0.962012 5966 3 562 2579364
1 0.963013 6530 47 634 2571984
1 0.964012 6376 47 577 2552650
1 0.965011 6009 5 557 2581214
1 0.966013 6554 65 598 2580231
1 0.967012 5966 2 516 2586302
1 0.968012 6317 47 609 2550765
1 0.969012 6350 55 559 2572021
1 0.970012 5945 3 599 2581342
1 0.971011 6335 46 620 2569175
1 0.972012 6037 2 602 2568983
1 0.973013 6588 81 511 2576466
1 0.974012 6397 48 525 2560023
1 0.975013 5911 2 601 2598722
1 0.976011 6437 42 554 2552199
1 0.977012 5905 3 582 2587055
1 0.978012 6399 55 564 2572039
1 0.979013 5991 4 536 2593736
1 0.980011 6350 30 605 2546744
1 0.981012 6459 54 585 2567469
1 0.982013 5976 5 559 2589079
1 0.983013 6430 44 532 2571379
1 0.984012 5965 2 603 2566241
1 0.985013 6377 60 609 2565194
1 0.986012 6377 41 634 2569192
1 0.987012 5952 3 600 2581764
1 0.988012 6442 55 573 2558469
1 0.989012 5946 5 578 2587225
1 0.990012 6450 47 700 2568593
1 0.991012 4251 3 409 1847357
1 0.992013 7048 28 591 2467630
1 0.993012 6763 28 562 2568542
1 0.994013 6373 5 722 2596876
1 0.995013 6644 86 668 2570149
1 0.996011 5843 4 645 2555768
1 0.997013 6663 80 546 2585307
1 0.998012 5872 3 479 2582865
1 0.999012 6545 61 593 2565152
1 1.000011 6325 51 545 2488568
1 1.001013 5954 4 588 2595221
1 1.002012 6483 40 591 2561597
1 1.003012 5935 4 615 2585076
1 1.004012 6423 38 615 2544003
1 1.005012 6415 42 515 2568633
1 1.006012 5951 4 620 2582423
1 1.007012 6440 77 631 2569321
1 1.008011 5930 5 487 2565624
1 1.009011 6808 57 635 2577557
1 1.010012 6727 155 587 2572275
1 1.011011 6368 2 619 2587180
1 1.012011 6610 83 589 2557553
1 1.013012 6218 6 604 2590313
1 1.014013 5855 33 578 2233685
1 1.015011 6672 46 494 2561224
1 1.016010 6548 5 669 2551478
1 1.017012 6838 33 609 2577748
1 1.018012 6255 5 597 2582885
1 1.019012 6719 41 620 2575166
1 1.020012 6656 38 584 2557791
1 1.021012 6315 6 565 2587018
1 1.022011 6657 42 599 2567669
1 1.023012 6262 2 603 2590578
1 1.024011 6593 46 549 2557185
1 1.025011 6609 142 594 2567786
1 1.026012 6199 3 561 2588057
1 1.027011 6614 80 679 2573457
1 1.028011 6709 33 617 2554353
1 1.029011 6301 5 546 2589235
1 1.030011 6650 104 549 2571869
1 1.031011 6156 3 576 2584123
1 1.032649 10657 64 1130 4256046
1 1.033013 3961 48 353 860813
1 1.034012 6193 4 661 2585727
1 1.035012 7649 61 643 2574991
1 1.036011 6236 3 593 2559594
1 1.037012 6966 6 488 2584722
1 1.038013 6792 58 642 2569797
1 1.039012 6342 4 543 2585341
1 1.040012 6492 120 553 2472911
1 1.041011 6927 41 658 2573075
1 1.042012 6237 3 633 2586649
1 1.043012 6831 47 684 2569066
1 1.044011 6182 4 550 2563150
1 1.045012 6634 63 608 2578577
1 1.046012 6758 51 606 2572150
1 1.047012 6183 3 576 2588489
1 1.048012 6662 68 600 2537502
1 1.049011 6990 33 623 2567526
1 1.050012 6284 3 626 2587288
1 1.051011 6682 89 608 2572338
1 1.052011 6306 5 665 2566104
1 1.053011 6785 52 568 2571183
1 1.054013 6661 64 552 2575861
1 1.055012 6289 4 594 2581520
1 1.056012 6629 73 638 2561953
1 1.057012 6251 5 588 2584275
1 1.058012 6640 68 694 2565590
1 1.059013 6756 32 619 2574814
1 1.060012 6191 2 556 2565656
1 1.061012 6842 40 650 2570368
1 1.062013 6749 24 588 2577365
1 1.063011 6242 3 565 2583847
1 1.064011 6579 32 612 2551216
1 1.065011 6212 3 583 2587009
1 1.066013 6675 36 648 2577805
1 1.067011 6565 25 611 2567031
1 1.068011 6225 3 637 2574958
1 1.069012 6716 29 596 2574567
1 1.070011 6338 110 567 2581686
1 1.071011 6721 5 651 2587781
1 1.072011 6594 48 619 2556529
1 1.073012 6356 5 599 2588578
1 1.074014 6797 30 709 2583966
1 1.075013 6945 72 591 2570125
1 1.076011 6102 5 608 2542153
1 1.077013 6863 47 600 2575424
1 1.078011 6414 5 670 2576875
1 1.079011 7227 58 956 2575850
1 1.080010 7317 95 831 2545203
1 1.081012 6486 5 822 2588294
1 1.082011 7194 48 756 2571400
1 1.083012 7147 26 695 2576979
1 1.084010 6635 3 694 2560610
1 1.085012 6924 43 793 2578365
1 1.086012 7079 32 753 2575451
1 1.087012 6584 2 771 2576422
1 1.088011 6873 43 804 2557099
1 1.089012 6976 48 758 2570668
1 1.090011 6586 3 705 2586527
1 1.091010 6956 96 834 2567718
1 1.092012 6916 40 731 2555169
1 1.093011 6635 4 705 2578197
1 1.094011 7023 70 813 2578882
1 1.095011 6965 88 810 2573544
1 1.096010 6560 4 780 2564662
1 1.097011 6842 29 698 2578270
1 1.098011 6894 42 818 2563603
1 1.099011 6580 4 778 2583579
1 1.100011 6842 48 754 2555925
1 1.101011 6924 45 757 2571105
1 1.102011 6588 3 687 2583500
1 1.103011 6903 45 726 2575073
1 1.104010 6786 23 782 2551967
1 1.105011 6534 2 827 2585484
1 1.106011 6913 48 763 2574866
1 1.107010 6889 35 732 2575363
1 1.108011 6628 3 880 2563116
1 1.109011 7092 31 743 2582430
1 1.110011 6945 72 774 2569818
1 1.111011 6116 4 736 2385146
1 1.112307 0 0 0 0
1 1.113017 12412 20 455 1617110
1 1.114014 5713 3 671 2235030
1 1.115012 10583 30 767 2569637
1 1.116012 7976 49 782 2546044
1 1.117140 6131 3 866 2551269
1 1.118454 12992 26 1497 3166373
1 1.119062 165 1 23 61622
1 1.120015 14200 17 658 2111077
1 1.121012 6542 4 803 2550589
1 1.122013 9322 24 861 2570378
1 1.123013 7297 19 788 2567788
1 1.124011 6564 3 734 2556846
1 1.125012 7159 19 729 2580248
1 1.126012 6990 11 767 2567483
1 1.127012 6502 3 783 2590590
1 1.128013 7113 21 836 2549951
1 1.129012 6931 30 693 2561476
1 1.130012 6615 4 689 2589561
1 1.131015 6122 49 393 1369978
1 1.132012 6384 5 841 2538473
1 1.133011 8193 13 695 2570236
1 1.134022 6610 2 651 2636936
1 1.135011 7009 5 802 2524952
1 1.136011 6790 27 830 2527942
1 1.137011 6457 2 766 2577246
1 1.138012 6965 9 805 2570329
1 1.139013 6961 28 692 2570803
1 1.140010 6463 2 723 2557574
1 1.141012 6711 29 642 2575178
1 1.142011 6866 46 780 2569008
1 1.143011 6473 3 787 2588828
1 1.144010 6449 35 735 2463364
1 1.145012 7016 51 783 2571758
1 1.146012 6420 3 818 2584780
1 1.147012 6681 46 699 2492052
1 1.148011 6381 3 687 2499502
1 1.149012 6940 59 783 2572865
1 1.150011 7038 35 786 2577630
1 1.151011 6480 3 757 2586163
1 1.152012 6797 24 751 2554167
1 1.153012 6478 33 609 2573609
1 1.154012 6019 3 694 2588921
1 1.155022 6441 37 699 2597216
1 1.156011 5963 31 659 2534133
1 1.157012 6393 6 678 2590083
1 1.158011 6454 34 646 2567030
1 1.159012 6000 5 683 2581852
1 1.160012 6305 21 676 2483395
1 1.161011 6129 48 655 2570397
1 1.162013 6379 4 802 2588099
1 1.163013 6501 20 798 2569983
1 1.164012 5756 7 628 2484234
1 1.165012 6731 40 775 2571373
1 1.166013 6779 26 795 2564356
1 1.167013 6201 3 742 2579139
1 1.168012 6614 56 715 2551049
1 1.169012 6117 2 656 2582692
1 1.170012 6626 34 713 2570652
1 1.171012 6585 43 686 2563754
1 1.172012 6093 4 674 2546376
1 1.173014 6666 19 706 2574402
1 1.174012 6407 19 775 2579463
1 1.175013 6543 5 802 2586187
1 1.176011 6640 41 801 2547659
1 1.177013 6091 3 720 2579843
1 1.178012 6699 55 699 2564105
1 1.179012 6512 32 744 2568521
1 1.180012 6054 5 637 2562950
1 1.181012 6473 79 792 2569621
1 1.182012 6059 3 672 2579718
1 1.183012 6536 34 690 2567507
1 1.184012 6548 96 780 2550862
1 1.185012 6168 4 678 2580968
1 1.186013 6590 31 715 2569940
1 1.187011 6607 64 725 2562751
1 1.188011 6129 4 754 2567487
1 1.194335 40296 155 4754 16661387
1 1.195014 4041 5 648 1708896
1 1.196012 7644 47 742 2525990
1 1.197013 7312 52 690 2564928
1 1.198013 6160 2 716 2579076
1 1.199013 6936 32 784 2559836
1 1.200011 6133 4 686 2556515
1 1.201013 6713 30 687 2566509
1 1.202013 6642 39 761 2561124
1 1.203012 6163 5 723 2580993
1 1.204012 6628 20 711 2550181
1 1.205013 6648 31 657 2568216
1 1.206013 6126 4 665 2581160
1 1.207012 6571 35 783 2566093
1 1.208011 6087 2 681 2556155
1 1.209012 6674 34 735 2570648
1 1.210014 6721 51 722 2570540
1 1.211012 6139 4 617 2569120
1 1.212011 6551 39 751 2554782
1 1.213012 7048 48 702 2571202
1 1.214013 5240 4 646 2193193
1 1.215013 7458 77 739 2563206
1 1.216012 6334 2 680 2565261
1 1.217014 7110 33 696 2568714
1 1.218013 6933 36 644 2574296
1 1.219012 6412 3 655 2581120
1 1.220012 6708 31 611 2553390
1 1.221012 6395 2 602 2579670
1 1.222012 6766 55 640 2572045
1 1.223012 6719 86 684 2568753
1 1.224012 6280 3 676 2569259
1 1.225012 6884 45 670 2567206
1 1.226014 7001 28 780 2574587
1 1.227011 6294 2 654 2578843
1 1.228011 6437 50 624 2429767
1 1.229012 6446 4 612 2585346
1 1.230011 6904 34 664 2569257
1 1.231012 6796 51 755 2572461
1 1.232011 6066 4 620 2484097
1 1.233012 7011 33 751 2566353
1 1.234012 6868 15 667 2573526
1 1.235011 6355 3 684 2583441
1 1.236011 6739 101 758 2553419
1 1.237011 6547 40 708 2575031
1 1.238012 6614 5 600 2587461
1 1.239011 6671 63 669 2570375
1 1.240011 6322 2 672 2569040
1 1.241012 6842 51 678 2572733
1 1.242012 6697 84 745 2573997
1 1.243012 6360 3 678 2586724
1 1.244012 6678 66 648 2550734
1 1.245011 6510 22 627 2571180
1 1.246011 6583 6 636 2587344
1 1.247011 6630 83 667 2570234
1 1.248011 6223 2 606 2565162
1 1.249012 6837 42 678 2574573
1 1.250012 6736 50 643 2567443
1 1.251011 6336 3 522 2578356
1 1.252011 6656 36 686 2556766
1 1.253011 6332 2 560 2585073
1 1.254012 6770 69 652 2570622
1 1.255012 6874 33 702 2570177
1 1.256012 6255 3 612 2545781
1 1.257013 6872 29 676 2574132
1 1.258013 6849 38 677 2579926
1 1.259012 6398 2 622 2578726
1 1.260011 6715 35 568 2549736
1 1.261011 6466 25 612 2579460
1 1.262012 6633 5 635 2593285
1 1.263013 6816 106 658 2570362
1 1.264011 6284 2 658 2569470
1 1.265013 6740 45 658 2574807
1 1.266012 6714 62 566 2567790
1 1.267011 6362 3 616 2580739
1 1.268012 6493 38 556 2451585
1 1.269013 6420 3 625 2588347
1 1.270011 6908 22 825 2568383
1 1.271012 6834 49 680 2567655
1 1.272012 6347 2 662 2574783
1 1.273011 6873 58 668 2565097
1 1.274012 6791 76 725 2572483
1 1.275012 6354 2 596 2579963
1 1.276011 6680 64 652 2553507
1 1.277011 6606 33 580 2565922
1 1.278012 6392 6 774 2595667
1 1.279011 6795 37 663 2572316
1 1.280010 6357 2 661 2566282
1 1.281011 6705 30 701 2575532
1 1.282012 6681 32 626 2570361
1 1.283011 6352 2 624 2580359
1 1.284011 6744 26 729 2557449
1 1.285011 6737 65 619 2563920
1 1.286012 6361 2 680 2587704
1 1.287011 6721 37 711 2570197
1 1.288011 6334 2 633 2563481
1 1.289012 6733 56 679 2572391
1 1.290012 6681 43 655 2568062
1 1.291012 6378 3 654 2580423
1 1.292011 6667 76 727 2557266
1 1.293011 6794 52 643 2566376
1 1.294012 6312 6 673 2592143
1 1.295013 6742 40 731 2570468
1 1.296012 6274 2 654 2549025
1 1.297012 6911 51 669 2570385
1 1.298013 6943 63 629 2569103
1 1.299012 6323 2 638 2580777
1 1.300011 6794 30 665 2547145
1 1.301013 6833 49 630 2575745
1 1.302012 6373 2 639 2581897
1 1.303013 6774 78 730 2574938
1 1.304012 6391 4 603 2556367
1 1.305013 6685 55 703 2575188
1 1.306015 6827 59 695 2575679
1 1.307012 6319 2 644 2581901
1 1.308011 6902 69 670 2551576
1 1.309014 7164 48 769 2580529
1 1.310013 6403 4 697 2571729
1 1.311011 7089 72 767 2559626
1 1.312011 6699 41 731 2555385
1 1.313011 6669 5 606 2589907
1 1.314013 5977 34 615 2265222
1 1.315011 6286 5 687 2580922
1 1.316011 7062 73 645 2539291
1 1.317011 6993 56 678 2564909
1 1.318012 6428 2 717 2585977
1 1.319012 6899 87 674 2570395
1 1.320012 6405 3 648 2568942
1 1.321012 6841 80 697 2574065
1 1.322012 6876 53 694 2570346
1 1.323011 6398 3 634 2580582
1 1.324011 6739 57 800 2553195
1 1.325012 6905 62 630 2581068
1 1.326011 6375 3 658 2580696
1 1.327011 6816 98 634 2568215
1 1.328012 6412 4 661 2569532
1 1.329012 7038 12 666 2576213
1 1.330011 6911 38 733 2565918
1 1.331012 6355 2 646 2562067
1 1.332011 6888 49 704 2553890
1 1.333013 6893 36 677 2574040
1 1.334012 6392 3 682 2589431
1 1.335011 6774 31 700 2565384
1 1.336011 6930 61 638 2551873
1 1.337012 6401 4 624 2590045
1 1.338012 6822 103 715 2572324
1 1.339011 6339 4 667 2573338
1 1.340012 6731 96 659 2552512
1 1.341012 6735 60 651 2573284
1 1.342012 6351 2 663 2584172
1 1.343012 6725 62 733 2566929
1 1.344011 6754 38 599 2550442
1 1.345012 6421 3 599 2587041
1 1.346012 6787 84 711 2567474
1 1.347011 6484 27 679 2567959
1 1.348010 6525 7 629 2576007
1 1.349011 6818 47 722 2570009
1 1.350011 6392 2 635 2586525
1 1.351012 6751 54 720 2566561
1 1.352014 6749 39 693 2561686
1 1.353013 6452 2 729 2574510
1 1.354013 7725 56 681 2566035
1 1.355012 6862 52 664 2564830
1 1.356012 5868 4 727 2556743
1 1.357014 6979 61 586 2570204
1 1.358012 5824 4 634 2570701
1 1.359013 6836 46 577 2567796
1 1.360012 5771 5 639 2563197
1 1.361013 6645 37 486 2570804
1 1.362012 6503 43 486 2560884
1 1.363013 5868 5 577 2587667
1 1.364013 6196 34 476 2556673
1 1.365013 5812 4 522 2577936
1 1.366013 6410 44 567 2573783
1 1.367012 5751 4 625 2577944
1 1.368012 6298 24 599 2547797
1 1.369011 6312 61 543 2568984
1 1.370013 5806 4 523 2589165
1 1.371013 6340 29 495 2566941
1 1.372012 5817 6 530 2559313
1 1.373012 6425 61 561 2568623
1 1.374013 5817 5 562 2581107
1 1.375012 6267 60 613 2573695
1 1.376011 6228 64 548 2533279
1 1.377013 5856 6 520 2578211
1 1.378011 6391 31 485 2565958
1 1.379011 5911 5 553 2581928
1 1.380014 6278 62 552 2582588
1 1.381013 5741 3 473 2552002
1 1.382013 6276 25 634 2567736
1 1.383012 5992 30 524 2574511
1 1.384011 6215 6 566 2568296
1 1.385012 6396 61 519 2570113
1 1.386013 5821 5 584 2578744
1 1.387013 6384 44 601 2570698
1 1.388011 5741 4 496 2560781
1 1.389012 6391 41 555 2572240
1 1.390013 5899 4 447 2583306
1 1.391012 6243 28 535 2571095
1 1.392013 6266 33 510 2550600
1 1.393012 5864 6 548 2581392
1 1.394013 6402 27 536 2569311
1 1.395012 5913 5 478 2582884
1 1.396013 6201 80 605 2559546
1 1.397013 5764 4 535 2581574
1 1.398012 6194 54 561 2573320
1 1.399012 6229 80 514 2568109
1 1.400011 5800 3 567 2565670
1 1.401013 6284 36 502 2574306
1 1.402013 5913 4 515 2584406
1 1.403013 6268 35 614 2567859
1 1.404012 5884 6 643 2570851
1 1.405012 6379 63 550 2563139
1 1.406012 6390 21 536 2567082
1 1.407013 5810 4 666 2586948
1 1.408013 6355 32 607 2554246
1 1.409013 5864 3 531 2587178
1 1.410012 6555 29 630 2561523
1 1.411012 5883 3 539 2582818
1 1.412013 6377 33 615 2547347
1 1.413012 6363 60 505 2570010
1 1.414012 5166 4 504 2332836
1 1.415013 6633 36 545 2563684
1 1.416012 5888 3 603 2561717
1 1.417013 6438 54 553 2577848
1 1.418013 5875 4 570 2580372
1 1.419013 6322 59 683 2563499
1 1.420012 5815 4 544 2543242
1 1.421012 6459 54 545 2574144
1 1.422012 6290 78 538 2568935
1 1.423012 5758 4 593 2582045
1 1.424015 6547 58 675 2566507
1 1.425013 5791 4 508 2574433
1 1.426014 6666 149 617 2566044
1 1.427012 5864 2 535 2579899
1 1.428012 6379 89 574 2547073
1 1.429013 6318 41 565 2575943
1 1.430017 5780 5 512 2593782
1 1.431013 6201 54 564 2554903
1 1.432013 5802 4 516 2574676
1 1.433014 6311 69 525 2574858
1 1.434013 5841 3 484 2585748
1 1.435015 6229 54 613 2574443
1 1.436012 6330 56 533 2514674
1 1.437012 5817 4 522 2587286
1 1.438013 6368 53 537 2574167
1 1.439013 5812 4 548 2581178
1 1.440013 6318 102 572 2555824
1 1.441013 5901 3 468 2583924
1 1.442012 6361 74 577 2572832
1 1.443012 6240 76 618 2569882
1 1.444011 5775 3 568 2563709
1 1.445013 6443 78 583 2573993
1 1.446013 5823 4 519 2576648
1 1.447014 6018 62 573 2570294
1 1.448012 5837 3 559 2558567
1 1.449013 6318 93 518 2577708
1 1.450013 6334 48 550 2574631
1 1.451012 5773 4 506 2580707
1 1.452013 6271 77 482 2552369
1 1.453014 5835 2 578 2588280
1 1.454013 6217 59 553 2565625
1 1.455013 5772 4 609 2583806
1 1.456012 6300 81 627 2554582
1 1.457012 6343 54 467 2567450
1 1.458012 5905 5 622 2582835
1 1.459012 6321 71 632 2567834
1 1.460012 4743 6 401 2101088
1 1.461013 6775 88 540 2568760
1 1.462012 5830 5 592 2577384
1 1.463013 6418 91 580 2575341
1 1.464012 5764 3 576 2564425
1 1.465013 6353 57 568 2577861
1 1.466012 6365 62 570 2560898
1 1.467013 5777 5 540 2587572
1 1.468012 6295 84 555 2555879
1 1.469012 5865 3 520 2583988
1 1.470012 6272 75 652 2563747
1 1.471014 5857 5 533 2596683
1 1.472012 6280 43 528 2553608
1 1.473012 6390 112 571 2569715
1 1.474012 5816 5 501 2586161
1 1.475013 6241 60 542 2576241
1 1.476012 5835 4 568 2556725
1 1.477013 6430 59 594 2572342
1 1.478012 5790 4 574 2578031
1 1.479012 6346 85 502 2569776
1 1.480012 6193 54 558 2551847
1 1.481012 5835 2 502 2587534
1 1.482013 6416 88 594 2572379
1 1.483013 5840 4 531 2575420
1 1.484012 6364 56 540 2552263
1 1.485013 5862 4 499 2583339
1 1.486013 6386 76 626 2573934
1 1.487013 6352 68 505 2566180
1 1.488013 5774 4 590 2559836
1 1.489012 6535 77 549 2573582
1 1.490012 5920 4 601 2583003
1 1.491012 6375 68 638 2575263
1 1.492013 5950 4 704 2565762
1 1.493013 6565 45 617 2572312
1 1.494013 6365 71 597 2561652
1 1.495012 5980 7 538 2587691
1 1.496012 6254 51 520 2535458
1 1.497013 5871 2 519 2588098
1 1.498013 6488 53 628 2571285
1 1.499012 5878 3 570 2581270
1 1.500011 6255 99 688 2555056
1 1.501012 6385 46 493 2570413
1 1.502011 5902 4 624 2587929
1 1.503012 6260 75 575 2574477
1 1.504011 5966 3 636 2565339
1 1.505012 6435 51 605 2581772
1 1.506012 6341 69 574 2573747
1 1.507012 5972 2 592 2594150
1 1.508012 6333 66 533 2551930
1 1.509012 5911 5 541 2586348
1 1.510013 6341 77 585 2566957
1 1.511012 5838 5 668 2578967
1 1.512011 6208 78 584 2550593
1 1.513011 6374 74 562 2567813
1 1.514137 6511 4 573 2872928
1 1.515013 5685 34 592 2082117
1 1.516012 5854 5 584 2562310
1 1.517012 6632 81 506 2565588
1 1.518012 5917 5 592 2585831
1 1.519013 6407 51 669 2572056
1 1.520012 6516 86 612 2550444
1 1.521012 5930 3 555 2583338
1 1.522012 6464 83 543 2566371
1 1.523012 5965 5 540 2586823
1 1.524012 6393 52 699 2556749
1 1.525011 6219 42 593 2570744
1 1.526013 6577 6 712 2593997
1 1.527013 6836 65 696 2563848
1 1.528012 5873 6 633 2561492
1 1.529013 6623 98 541 2576841
1 1.530013 5828 3 550 2586280
1 1.531013 6495 57 703 2572648
1 1.532012 6284 148 597 2552690
1 1.533013 5948 6 514 2585353
1 1.534013 6557 55 586 2563649
1 1.535012 5896 2 566 2583084
1 1.536011 6340 41 596 2552865
1 1.537012 6415 55 526 2574544
1 1.538013 5941 3 583 2585099
1 1.539015 6708 88 710 2578340
1 1.540011 5904 5 588 2558608
1 1.541013 6704 75 612 2567596
1 1.542012 6539 70 616 2569873
1 1.543012 5997 3 595 2587978
1 1.544012 6266 79 529 2524581
1 1.545012 5973 3 533 2587734
1 1.546013 6405 52 640 2577994
1 1.547011 5809 4 576 2573714
1 1.548011 6408 36 663 2561542
1 1.549012 6454 82 537 2572366
1 1.550012 5975 3 501 2587107
1 1.551012 6328 105 608 2570350
1 1.552013 5894 4 547 2571751
1 1.553013 6490 69 636 2569336
1 1.554013 6415 56 523 2573180
1 1.555011 5983 3 534 2582180
1 1.556011 6313 48 566 2539014
1 1.557013 5899 5 574 2591417
1 1.558012 6561 66 595 2563261
1 1.559012 6482 45 534 2568077
1 1.560012 5897 6 573 2565839
1 1.561014 6365 118 569 2580240
1 1.562013 5912 2 574 2584251
1 1.563014 6328 66 596 2575547
1 1.564013 5872 5 595 2566590
1 1.565013 6480 57 590 2572550
1 1.566012 6408 65 593 2561747
1 1.567012 5926 4 599 2585873
1 1.568011 6334 79 531 2555597
1 1.569012 5891 4 576 2582946
1 1.570012 6420 60 604 2568733
1 1.571013 6454 98 517 2572998
1 1.572011 5926 6 665 2558359
1 1.573012 6395 41 533 2575865
1 1.574012 5963 4 627 2582564
1 1.575012 6518 30 684 2576013
1 1.576012 6472 62 548 2550406
1 1.577012 5990 2 592 2584427
1 1.578013 6452 64 625 2576971
1 1.579013 5861 5 614 2581107
1 1.580012 6286 54 544 2554086
1 1.581013 5934 3 533 2586421
1 1.582012 6439 47 600 2569162
1 1.583013 6322 86 582 2567304
1 1.584011 5873 5 602 2559690
1 1.585012 6445 56 669 2574713
1 1.586012 5967 4 583 2581290
1 1.587012 6343 68 609 2571728
1 1.588011 6357 57 575 2553499
1 1.589012 5983 3 547 2589305
1 1.590013 6409 83 633 2576240
1 1.591012 5943 4 574 2580181
1 1.592010 6243 52 566 2552429
1 1.593012 6103 81 552 2575943
1 1.594012 6235 6 614 2591558
1 1.595014 6381 94 560 2576026
1 1.596013 5953 4 579 2564526
1 1.597013 6421 79 554 2574199
1 1.598012 5979 3 575 2584610
1 1.599013 6357 86 625 2575102
1 1.600011 6437 58 492 2549321
1 1.601014 5925 2 635 2592127
1 1.602013 6990 44 663 2561806
1 1.603013 5976 2 567 2588915
1 1.604012 6648 68 632 2551787
1 1.605013 6595 56 545 2567697
1 1.606012 5994 3 563 2581376
1 1.607012 6559 70 597 2574531
1 1.608012 5918 3 500 2569723
1 1.609011 6471 53 519 2568747
1 1.610012 6146 65 606 2579143
1 1.611013 6415 6 511 2591181
1 1.612013 6405 60 597 2554530
1 1.613013 5842 6 485 2579398
1 1.614013 6303 83 588 2570650
1 1.615013 5250 4 546 2278349
1 1.616013 6493 81 691 2530696
1 1.617013 6451 76 513 2572588
1 1.618012 5973 4 499 2582296
1 1.619012 6487 32 598 2574609
1 1.620012 5870 5 571 2572783
1 1.621012 6865 70 581 2568080
1 1.622012 6761 46 566 2568737
1 1.623011 6312 5 623 2591494
1 1.624011 6723 92 561 2554488
1 1.625012 6373 3 539 2587091
1 1.626011 6846 117 652 2561824
1 1.627012 6653 65 570 2579442
1 1.628010 6166 4 590 2558975
1 1.629011 6630 51 559 2578423
1 1.630011 6257 5 551 2582549
1 1.631013 6663 92 601 2581852
1 1.632012 6450 52 623 2549353
1 1.633012 6306 5 568 2592366
1 1.634012 6715 50 594 2566573
1 1.635011 6384 63 581 2570328
1 1.636012 6226 3 629 2575979
1 1.637011 6707 53 529 2572755
1 1.638011 6268 3 626 2586533
1 1.639012 6541 72 647 2572213
1 1.640011 6683 74 594 2551624
1 1.641012 6279 3 553 2591208
1 1.642012 6687 43 639 2563023
1 1.643013 6264 4 576 2594157
1 1.644011 6608 80 605 2550623
1 1.645012 5629 82 387 2163623
1 1.646013 6230 6 635 2574851
1 1.647012 7085 54 697 2567511
1 1.648010 5921 2 620 2470691
1 1.649012 7077 77 594 2579728
1 1.650011 6783 72 609 2575332
1 1.651011 6232 4 608 2587703
1 1.652012 6607 87 628 2551351
1 1.653012 6240 6 524 2588227
1 1.654015 6887 55 711 2575079
1 1.655012 7733 46 604 2558890
1 1.656012 5347 5 499 2200200
1 1.657013 7787 84 602 2581244
1 1.658012 6298 5 574 2582722
1 1.659013 7094 62 726 2570501
1 1.660011 6640 68 687 2509501
1 1.661013 6336 3 564 2586061
1 1.662013 7080 41 774 2568466
1 1.663012 6676 69 531 2562008
1 1.664011 5936 4 623 2484289
1 1.665012 6837 43 610 2579300
1 1.666012 6262 6 597 2582762
1 1.667012 6721 46 661 2574673
1 1.668012 6591 52 633 2527265
1 1.669013 6301 4 529 2584375
1 1.670012 6826 72 609 2576106
1 1.671011 6447 91 545 2568841
1 1.672011 6156 6 583 2517544
1 1.673011 6655 108 587 2569689
1 1.674012 6345 6 555 2581508
1 1.675012 6684 59 676 2572820
1 1.676012 6590 55 590 2519945
1 1.677012 6344 4 599 2586438
1 1.678013 6728 54 643 2573363
1 1.679012 6273 5 617 2585982
1 1.680012 6490 105 554 2556218
1 1.681013 6662 41 568 2572139
1 1.682012 6291 3 589 2581889
1 1.683012 6595 49 614 2570517
1 1.684011 6206 52 508 2564952
1 1.685013 6473 4 531 2587437
1 1.686012 6602 48 567 2566308
1 1.687012 6235 4 618 2585108
1 1.688011 6595 51 657 2553367
1 1.689012 6620 61 577 2569980
1 1.690011 6254 5 569 2582618
1 1.691012 6948 49 790 2570148
1 1.692011 6837 108 986 2562150
1 1.693011 6922 5 789 2588664
1 1.694012 7087 65 764 2571876
1 1.695011 6639 4 759 2586552
1 1.696010 7010 9 801 2564157
1 1.697012 6823 65 694 2579774
1 1.698012 6623 4 702 2584558
1 1.699013 7034 60 772 2573081
1 1.700011 6901 110 735 2551406
1 1.701011 6639 3 644 2581760
1 1.702011 6945 33 761 2574106
1 1.703011 6997 104 730 2575096
1 1.704011 6566 2 815 2568968
1 1.705011 6992 90 870 2571998
1 1.706011 7055 63 777 2570842
1 1.707010 6577 4 713 2581666
