2 0.005027 15551 524 4279742 4470790
2 0.005100 0 0 0 0
2 0.006021 0 0 0 0
2 0.007019 0 0 0 0
2 0.008016 0 0 0 0
2 0.009017 0 0 0 0
2 0.010028 0 0 0 0
2 0.011040 0 0 0 0
2 0.013637 10775 16 2504038 2355245
2 0.014019 0 0 0 0
2 0.015021 0 0 0 0
2 0.016026 112 1 732775 648164
2 0.017018 12 13 1100377 953722
2 0.018013 34 8 1102936 966775
2 0.019014 10246 33 1034015 1095499
2 0.020015 10 6 1088272 976365
2 0.021013 23 22 1112818 970412
2 0.022013 4946 36 1047816 1067944
2 0.023013 6 3 1126128 970308
2 0.028521 19736 186 5414606 5572488
2 0.029047 74 10 544745 452056
2 0.030038 96 12 1115512 941983
2 0.031018 35 6 1099397 837160
2 0.032558 10436 49 1368055 1429910
2 0.033012 9 7 476765 440566
2 0.034013 16 16 1083950 1013175
2 0.035012 7874 56 1015239 1097684
2 0.036014 29 22 1077743 1004352
2 0.037012 10 12 1079183 1009353
2 0.038014 3634 40 1030580 1081927
2 0.039012 13 12 1088086 1001951
2 0.040012 22 11 934913 873139
2 0.041012 31 20 1099771 992046
2 0.042012 2639 62 1023357 1073463
2 0.043013 3 10 1092489 1004343
2 0.044012 17 10 1083227 983489
2 0.045012 1946 33 1040148 1063999
2 0.046012 13 11 1088795 1002898
2 0.047013 13 18 1104225 1003164
2 0.048013 1453 63 1016302 1044174
2 0.049012 15 9 1058619 990109
2 0.050012 34 15 1088798 1003590
2 0.051012 1374 54 1039813 1071891
2 0.052012 10 7 1079270 1003385
2 0.053012 15 7 1089121 1002534
2 0.054011 1311 64 1040922 1067099
2 0.055012 2 7 1094611 1003214
2 0.056013 2 12 1062073 989699
2 0.057012 1359 58 1021309 1088120
2 0.058011 11 16 1096524 995039
2 0.059011 6 11 1092563 1002475
2 0.060013 1193 55 1033805 1066024
2 0.061012 7 7 1088344 1005164
2 0.062011 20 8 1094145 997924
2 0.063012 471 36 1073062 1028845
2 0.064011 563 14 1050967 1031886
2 0.065011 12 8 1090616 1006520
2 0.066011 15 11 1091111 1006545
2 0.067012 1179 59 1032979 1076644
2 0.068013 13 11 1037746 962714
2 0.069011 8 8 1090003 998522
2 0.070013 1238 52 1037274 1076685
2 0.071012 7 8 1079513 1013772
2 0.072013 16 19 1054335 977725
2 0.073013 1579 95 1030078 1077452
2 0.074012 14 12 1084841 1008234
2 0.075012 8 11 1087169 1008205
2 0.076013 1379 63 1029989 1068218
2 0.077012 7 13 1080253 1011203
2 0.078012 6 17 1085047 1009187
2 0.079014 1242 57 1041006 1063648
2 0.080012 8 15 1072204 1006250
2 0.081012 15 12 1085793 1009150
2 0.082011 1136 16 1041726 1060024
2 0.083012 28 13 1087279 1009453
2 0.084012 33 13 1077901 1003276
2 0.085012 14 12 1085180 1008839
2 0.086012 1154 72 1036354 1074388
2 0.087012 39 15 1120249 1026488
2 0.088012 4 20 1128174 1033058
2 0.089012 1112 29 1083328 1101055
2 0.090012 7 12 1135447 1035370
2 0.091011 15 16 1136618 1031076
2 0.092012 1082 71 1079230 1094256
2 0.093012 16 18 1134372 1038198
2 0.094012 10 8 1131807 1037719
2 0.095011 1065 55 1077051 1101943
2 0.096012 14 10 1124827 1037264
2 0.097012 14 8 1134614 1036537
2 0.098012 1045 75 1090529 1092544
2 0.099012 11 9 1143895 1027382
2 0.100012 8 6 979587 894590
2 0.101012 1571 46 1077581 1098653
2 0.102012 17 13 1132260 1038470
2 0.103014 7 13 1141212 1036283
2 0.104013 2786 53 1062940 1107569
2 0.105013 8 13 1135292 1034904
2 0.106012 8 13 1130997 1037834
2 0.107013 2058 55 1077008 1111266
2 0.108012 22 14 1117199 1037239
2 0.109012 4 9 1128648 1036317
2 0.110012 1532 61 1086787 1097459
2 0.111012 4 8 1133518 1037917
2 0.112012 9 12 1128287 1030908
2 0.113012 1177 22 1082010 1100015
2 0.114012 0 11 1133333 1039334
2 0.115011 17 11 1133758 1037308
2 0.116013 1077 30 1082226 1092280
2 0.117012 16 12 1132525 1038298
2 0.118012 16 9 1131752 1035191
2 0.119012 1136 28 1083886 1101162
2 0.120013 12 13 1131633 1029089
2 0.121012 12 11 1135688 1029233
2 0.122011 971 41 1091006 1093485
2 0.123011 20 11 1133780 1036510
2 0.124012 14 13 1135317 1022341
2 0.125012 1004 27 1079361 1105836
2 0.126012 8 12 1125307 1040819
2 0.127011 5 15 1131047 1037722
2 0.128012 1084 40 1072033 1081098
2 0.129012 10 13 1134548 1033673
2 0.130011 12 14 1134506 1034610
2 0.131011 1010 74 1088885 1094409
2 0.132012 20 8 1136697 1021100
2 0.133011 8 12 1135919 1033824
2 0.134012 1049 40 1078242 1108830
2 0.135012 12 9 1141298 1027700
2 0.136012 15 5 1181378 990850
2 0.137011 1191 34 1156581 1035170
2 0.138012 2 2 1193223 989379
2 0.139012 8 2 1198561 981001
2 0.140012 1132 22 1146597 1032398
2 0.141012 18 2 1181039 994429
2 0.142013 4 3 1203896 981267
2 0.143011 911 65 1142247 1046270
2 0.144011 6 4 1188552 982281
2 0.145013 843 56 1145005 1049441
2 0.146011 4 2 1189888 988485
2 0.147012 4 2 1195033 990298
2 0.148013 888 21 1078015 986779
2 0.149012 0 2 1200797 979498
2 0.150012 6 4 1195692 984908
2 0.151012 895 54 1133743 1053913
2 0.152012 8 3 1176660 996119
2 0.153012 10 4 1187094 987474
2 0.154012 829 19 1149182 1045674
2 0.155011 5 3 1181846 997536
2 0.156011 6 7 1180687 991812
2 0.157012 850 22 1149897 1044153
2 0.158011 6 2 1215401 958192
2 0.159012 3 2 1193398 987643
2 0.160011 807 29 1145484 1031993
2 0.161012 14 6 1199937 978075
2 0.162012 0 2 1196438 983556
2 0.163012 760 40 1134823 1062862
2 0.164012 4 16 1182478 981797
2 0.165012 808 42 1165872 1024601
2 0.166012 13 3 1189734 1000350
2 0.167012 4 3 1206484 980692
2 0.168013 757 58 1128610 1052521
2 0.169012 7 3 1203276 977189
2 0.170012 4 2 1207458 955723
2 0.171012 932 51 1131513 1053973
2 0.172012 4 6 1215927 952197
2 0.173012 27 4 1217067 963769
2 0.174012 1038 17 1142871 1046985
2 0.175012 21 2 1207210 969743
2 0.176013 8 3 1203321 962428
2 0.177012 1089 8 1147636 1048157
2 0.178012 2 3 1206430 973430
2 0.179012 16 2 1196807 982384
2 0.180014 1227 44 1048383 967410
2 0.181012 25 3 1203542 972595
2 0.182012 0 2 1200225 967035
2 0.183012 2303 36 1136920 1052194
2 0.184012 6 6 1179979 988074
2 0.185011 1812 43 1146998 1046487
2 0.186012 8 2 1201007 981288
2 0.187013 1 3 1196393 990779
2 0.188013 1381 46 1126334 1040151
2 0.189012 6 2 1204252 975194
2 0.190013 13 2 1208180 973291
2 0.205325 42564 154 17527996 15639616
2 0.206021 10207 35 666737 780380
2 0.207015 4 6 1138515 945959
2 0.208014 18 5 1148287 932279
2 0.209013 5096 29 1077308 1045682
2 0.222227 41389 90 14076047 12679696
2 0.223021 71 6 895582 736575
2 0.224014 46 13 1112364 892675
2 0.225014 10085 15 1039081 1107142
2 0.226013 9 3 1155884 944062
2 0.227013 21 4 1150718 948911
2 0.230441 7245 46 3510445 3095313
2 0.231023 7734 11 371214 513427
2 0.232441 60 6 1494778 1254034
2 0.233014 18 5 645422 531302
2 0.234015 8810 32 1067576 1070293
2 0.235014 17 5 1147724 957191
2 0.236014 4 3 1148883 932336
2 0.237013 4480 30 1071591 1055819
2 0.238012 44 4 1160110 939122
2 0.239012 13 2 1168975 928761
2 0.240029 2829 37 938337 898826
2 0.241013 33 5 1147616 917056
2 0.242014 6 7 1161295 935404
2 0.243013 1965 59 1093189 1025553
2 0.244013 4 4 1113239 907764
2 0.245014 13 2 1163467 938937
2 0.246014 1813 38 1091405 1030775
2 0.247014 28 4 1162616 942008
2 0.248012 21 3 1119973 886138
2 0.249014 1820 48 1093275 973940
2 0.250013 0 3 1164299 940825
2 0.251013 5 4 1149027 951624
2 0.252013 1647 50 1071240 975939
2 0.253013 12 4 1165448 931289
2 0.254012 8 2 1166543 935676
2 0.255012 1455 66 1083756 1042458
2 0.256013 4 6 1120652 916567
2 0.257013 2 4 1158373 943099
2 0.258013 1536 46 1096594 1028223
2 0.259013 6 2 1171896 926735
2 0.260014 2 2 1151643 940057
2 0.261012 1439 54 1093545 1021622
2 0.262013 15 4 1147667 960058
2 0.263012 9 3 1164281 939242
2 0.264013 1374 50 1062044 1001801
2 0.265012 13 3 1159339 939607
2 0.266013 8 4 1171326 933822
2 0.267013 1343 41 1124110 1044507
2 0.268012 3 6 1196952 970112
2 0.269012 14 3 1180274 974406
2 0.270012 1553 13 1126656 1052751
2 0.271012 41 6 1180396 982062
2 0.272011 30 8 1139482 951366
2 0.273013 1508 29 1130398 1049671
2 0.274012 24 2 1182451 979341
2 0.275012 24 6 1179702 982644
2 0.276013 1281 57 1118128 1044977
2 0.277012 7 4 1173072 973308
2 0.278012 22 5 1174639 981592
2 0.279012 1254 17 1109934 1055233
2 0.280012 14 6 1171132 977509
2 0.281012 25 5 1177167 983752
2 0.282024 1168 97 1073966 1004730
2 0.283013 9 7 1170332 963703
2 0.284012 978 17 1120889 1039052
2 0.285013 8 5 1181627 979736
2 0.286012 10 2 1175627 984487
2 0.287012 1022 32 1128321 1048254
2 0.288013 5 2 1166018 987566
2 0.289011 22 2 1180680 977154
2 0.290013 1081 44 1127215 1049240
2 0.291013 31 4 1183692 980861
2 0.292012 21 5 1173053 972153
2 0.293012 1128 67 1133991 1042560
2 0.294012 23 5 1182978 981046
2 0.295013 19 5 1179590 984237
2 0.296012 1082 64 1122066 1037909
2 0.297012 28 5 1182624 984307
2 0.298012 32 5 1179678 978906
2 0.299012 968 22 1119592 1065293
2 0.300012 22 8 1170803 978297
2 0.301012 35 4 1007718 849622
2 0.302012 1486 61 1121358 1058937
2 0.303013 36 5 1179966 982587
2 0.304012 19 5 1166304 978336
2 0.305013 1377 50 1121311 1061071
2 0.306012 19 5 1177858 978868
2 0.307012 15 4 1181322 981509
2 0.308012 1169 16 1114092 1032076
2 0.309012 30 3 1182767 976442
2 0.310012 18 5 1177238 982418
2 0.311012 1336 52 1122322 1053110
2 0.312012 12 6 1170085 976218
2 0.313012 12 5 1182601 976533
2 0.314013 1246 52 1134739 1042508
2 0.315012 22 6 1179165 979442
2 0.316015 1696 70 1137672 1041506
2 0.317013 34 6 1169953 984651
2 0.318012 41 7 1174309 990046
2 0.319012 1595 31 1114583 1058097
2 0.320013 15 5 1163897 988127
2 0.321012 1 4 1179840 978605
2 0.322012 1285 58 1129873 1047347
2 0.323013 11 1 1184856 979053
2 0.324012 13 4 1170096 977707
2 0.325012 1079 40 1130832 1040378
2 0.326012 31 4 1184493 974709
2 0.327011 23 5 1178686 979666
2 0.328012 1087 71 1125384 1039119
2 0.329011 16 4 1178665 979307
2 0.330012 24 5 1131747 960594
2 0.331012 1066 76 1085272 1033304
2 0.332012 31 9 1172429 978716
2 0.333011 18 6 1123940 963015
2 0.334012 939 44 1093802 1024902
2 0.335011 16 5 1176984 986516
2 0.336012 18 5 1172280 979612
2 0.337012 1020 54 1085361 1020280
2 0.338012 18 4 1139519 968812
2 0.339012 26 4 1177316 980802
2 0.340012 899 65 1079479 1016824
2 0.341011 28 5 1140231 964272
2 0.342012 27 3 1178713 985621
2 0.343013 938 57 1126948 1052065
2 0.344011 6 4 1134400 944982
2 0.345011 18 3 1139764 964172
2 0.346012 873 29 1120259 1054819
2 0.347012 37 8 1178677 982254
2 0.348012 27 4 1015865 957872
2 0.349012 1197 59 1058606 1062698
2 0.350013 19 4 1174085 991382
2 0.351011 16 5 1171734 984827
2 0.352011 1138 58 1118526 1044035
2 0.353013 14 6 1134346 965177
2 0.354012 5 6 1138453 958046
2 0.355011 1094 48 1120856 1053904
2 0.356012 25 8 1174153 976598
2 0.357012 20 6 1178653 985773
2 0.358012 939 69 1128409 1046373
2 0.359011 20 6 1128968 965288
2 0.360011 5 7 1130219 968680
2 0.361013 998 27 1128602 1051488
2 0.362012 13 2 1175114 981943
2 0.363012 15 3 1179139 980233
2 0.364012 864 123 1116505 1046505
2 0.365012 22 5 1178013 983070
2 0.366012 871 14 1136756 1037187
2 0.367012 26 4 1175465 989417
2 0.368012 19 4 1116597 952093
2 0.369012 910 33 1076440 1015342
2 0.370012 12 5 1120694 970396
2 0.371012 39 7 1126003 958383
2 0.372011 953 61 1069236 1014223
2 0.373012 13 5 1124771 964528
2 0.374012 25 7 1126096 961058
2 0.375012 892 55 1076322 1018609
2 0.376012 6 5 1062673 914911
2 0.377012 8 5 1172767 984799
2 0.378012 1161 68 1128898 1052435
2 0.379012 24 4 1172203 989984
2 0.380012 19 5 1170481 974824
2 0.381012 1090 30 1126261 1048408
2 0.382012 14 4 1178642 985619
2 0.383011 13 6 1176675 984862
2 0.384013 1067 57 1123396 1046338
2 0.385012 41 5 1178695 981391
2 0.386012 16 3 1178700 984136
2 0.387012 926 40 1120472 1058016
2 0.388011 17 7 1167428 982675
2 0.389012 5 4 1176483 985037
2 0.390012 978 32 1134664 1042141
2 0.391012 18 5 1133013 960614
2 0.392012 13 5 1117569 955216
2 0.393011 975 66 1079116 1019281
2 0.394012 16 5 1126138 959799
2 0.395012 21 6 1123243 959099
2 0.396012 927 22 1068669 1019060
2 0.397012 26 5 1126006 960159
2 0.398012 35 9 1127256 957481
2 0.399012 936 30 1082055 1019020
2 0.400013 9 7 1126758 954195
2 0.401011 24 4 985853 839768
2 0.402012 1347 54 1083647 1017866
2 0.403012 33 5 1119991 962933
2 0.404012 18 7 1124421 961370
2 0.405012 1248 56 1121872 1046306
2 0.406012 111 91 1182942 983123
2 0.407012 67 70 1176825 980748
2 0.408013 1925 122 1082938 1028026
2 0.409013 22 5 1177764 990492
2 0.410012 17 6 1169605 981132
2 0.411014 2108 80 1144085 1048138
2 0.412013 111 191 1214286 928707
2 0.413013 117 226 1220941 935254
2 0.414013 2310 265 1136573 1043880
2 0.415012 37 232 1211698 949775
2 0.416013 20 224 1223068 932497
2 0.417013 1715 98 1143614 1027032
2 0.418013 8 11 1215855 948682
2 0.419013 14 15 1212047 947370
2 0.420013 1424 51 1147134 1017334
2 0.421012 13 10 1214831 943830
2 0.422012 1215 63 1156204 1020809
2 0.423013 9 13 1205421 961118
2 0.424013 10 18 1202176 948675
2 0.425013 1128 61 1155963 1022701
2 0.426013 12 11 1208466 953072
2 0.427012 9 9 1210084 949487
2 0.428013 1152 85 1134281 1018096
2 0.429012 7 11 1205828 952997
2 0.430013 9 7 1210828 952165
2 0.431013 1044 45 1149421 1026482
2 0.432012 19 17 1214119 936829
2 0.433013 19 15 1211678 949889
2 0.434013 1121 66 1150997 1028890
2 0.435012 12 16 1216857 945288
2 0.436012 904 72 1161671 1000135
2 0.437012 143 15 1201240 956923
2 0.438013 5 7 1211787 954603
2 0.439012 1138 44 1145318 1027176
2 0.440013 5 12 1218178 934777
2 0.441013 10 11 1216390 945268
2 0.442013 1014 30 1077806 992368
2 0.443012 4 16 1117194 909345
2 0.444012 5 15 1152270 923124
2 0.445013 1070 48 1100677 1001147
2 0.446013 6 9 1166088 929994
2 0.447012 12 21 1203807 943942
2 0.448013 1067 78 1150364 1019519
2 0.449013 12 14 1141391 910958
2 0.450013 15 13 1122219 909137
2 0.451013 1035 43 1101749 1003369
2 0.452012 12 19 1149534 923819
2 0.453012 9 14 1212521 951905
2 0.454012 1108 73 1142881 1018663
2 0.455012 5 5 1209538 955483
2 0.456013 17 12 1207226 941201
2 0.457013 1129 40 1154722 1020266
2 0.458012 28 24 1210621 951602
2 0.459012 14 9 1208424 954946
2 0.460013 1064 62 1140086 1025201
2 0.461013 23 7 1215976 945353
2 0.462013 1033 73 1153952 1023830
2 0.463013 17 15 1212568 948439
2 0.464012 11 13 1209009 934653
2 0.465012 1073 43 1156603 1023633
2 0.466012 14 8 1193189 931375
2 0.467013 14 18 1167144 931276
2 0.468013 1051 71 1098454 992933
2 0.469012 16 10 1153059 930210
2 0.470014 5 12 1165594 919710
2 0.471012 974 80 1098515 1000635
2 0.472013 15 18 1172245 898279
2 0.473012 2 8 1155499 928786
2 0.474013 1064 51 1111762 998636
2 0.475013 4 12 1219929 941463
2 0.476013 4 10 1202005 936027
2 0.477012 1098 39 1156748 1016002
2 0.478012 7 21 1220525 939523
2 0.479011 16 21 1204712 952238
2 0.480012 970 34 1162559 1002591
2 0.481012 16 11 1213753 945593
2 0.482012 1011 39 1158894 1019979
2 0.483012 7 8 1213197 949974
2 0.484012 9 14 1202550 951338
2 0.485013 1116 69 1157688 1018047
2 0.486013 16 16 1215615 948091
2 0.487012 14 12 1216015 948689
2 0.488013 1086 82 1100329 990347
2 0.489013 9 15 1177835 925651
2 0.490012 14 11 1169801 927011
2 0.491013 1112 68 1107881 1004060
2 0.492012 20 13 1152458 918425
2 0.493013 17 28 1170848 919910
2 0.494012 1594 61 1102575 1002393
2 0.495013 18 9 1166406 925438
2 0.496013 15 12 1156229 923122
2 0.497012 1431 70 1115061 998365
2 0.498013 4 6 1209266 949236
2 0.499012 19 16 1223693 939270
2 0.500013 1180 68 1147649 1014044
2 0.501013 43 14 1075829 825400
2 0.502012 18 9 1217874 949842
2 0.503012 1935 63 1154749 1032924
2 0.504013 18 12 1205506 949621
2 0.510838 13551 140 7882983 6730923
2 0.511018 6952 6 111234 217461
2 0.512015 7 14 1143404 911254
2 0.513013 8 17 1162035 917029
2 0.514015 5180 32 1096176 1020915
2 0.515020 8 14 1172030 922398
2 0.516016 9 9 750308 601880
2 0.517013 9 13 1153918 923011
2 0.524108 23350 141 7874198 6638587
2 0.525022 24 8 1050435 830956
2 0.526014 12 13 1147379 910046
2 0.527014 9351 21 1063539 1059560
2 0.528015 9 15 1151635 917137
2 0.529013 8 15 1160816 915187
2 0.530013 4277 24 1096353 1016140
2 0.531013 8 19 1165414 921114
2 0.532465 57 15 1193019 940921
2 0.533015 5664 41 545748 600837
2 0.534013 46 15 1157589 922842
2 0.537721 7947 39 4287832 3496868
2 0.538034 24 7 352264 230605
2 0.539035 10107 35 942258 888935
2 0.540014 20 19 1130496 882987
2 0.541014 24 9 1167975 922145
2 0.542013 5344 37 1097110 1014183
2 0.543013 24 20 1170587 916180
2 0.544013 15 15 1160285 911931
2 0.545013 2050 30 1112092 996530
2 0.546013 12 6 1176388 908540
2 0.547012 12 9 1173859 914406
2 0.548015 2076 49 946776 864363
2 0.549014 56 13 1050626 815215
2 0.550014 15 20 1154268 912285
2 0.551015 5227 46 1061354 1066307
2 0.552013 15 8 1123809 883407
2 0.553013 0 13 1168306 919812
2 0.554014 3182 46 1108298 1006001
2 0.555013 5 7 1167402 916741
2 0.556012 21 18 1155422 918270
2 0.557012 1914 76 1117645 991481
2 0.558012 7 13 1166344 925120
2 0.559012 11 12 1168817 922316
2 0.560019 1559 50 1087470 994607
2 0.561013 22 22 1165172 906753
2 0.562013 17 12 1173495 918456
2 0.563013 1469 83 1105285 999069
2 0.564013 6 10 1157565 905295
2 0.565013 27 11 1149447 894331
2 0.566013 1486 98 1114119 991678
2 0.567014 9 7 1165535 926282
2 0.568018 18 12 1158023 912671
2 0.569013 1464 94 1108507 984720
2 0.570013 13 19 1163498 928239
2 0.571013 4 11 1167626 923540
2 0.572013 1237 80 1076122 954903
2 0.573013 9 17 1169281 918592
2 0.574013 119 69 1165728 927586
2 0.575013 1163 9 1106016 1002975
2 0.576013 17 7 1152924 910200
2 0.577012 1407 79 1107201 996158
2 0.578013 15 17 1162827 930496
2 0.579012 8 9 1170044 917735
2 0.580013 1452 92 1087986 1007032
2 0.581012 9 10 1122773 972122
2 0.582014 20 6 1120335 976870
2 0.583013 2037 77 1060522 1044171
2 0.584013 14 10 1111946 968044
2 0.585012 12 13 1121666 972763
2 0.586012 214 79 1107661 990666
2 0.587012 1073 8 1076494 1022383
2 0.588012 21 15 1110629 967014
2 0.589012 21 6 1116713 977653
2 0.590012 1381 54 1067223 1041873
2 0.591012 10 9 1110939 980147
2 0.592012 5 16 1106435 975080
2 0.593012 1291 59 1065601 1040244
2 0.594013 43 16 1117500 977525
2 0.595012 10 11 1119171 973834
2 0.596013 1245 49 1050575 1045281
2 0.597013 0 12 1118927 974877
2 0.598012 9 11 1119504 974791
2 0.599012 1190 40 1063396 1046175
2 0.600013 16 15 1105216 981571
2 0.601013 10 9 986868 864527
2 0.602013 1615 66 1058892 1035657
2 0.603014 9 10 1113371 982079
2 0.604013 16 14 1139001 986463
2 0.605012 1579 22 1102585 1082218
2 0.606014 10 7 1168050 1004299
2 0.607013 17 15 1157932 1010591
2 0.608013 2087 79 1100438 1064158
2 0.609025 10 10 1101963 964969
2 0.610012 4 6 1141673 989381
2 0.611013 1614 45 1103641 1082940
2 0.612014 14 11 1092081 966100
2 0.613012 23 10 1108069 971821
2 0.614013 1386 39 1088806 1063929
2 0.615012 23 9 1100705 973992
2 0.616012 18 10 1142834 993839
2 0.617012 1498 94 1075852 1092661
2 0.618012 17 14 1120663 1044171
2 0.619025 14 9 1132756 1038256
2 0.620012 1443 48 1008151 1046904
2 0.621012 18 13 1113433 1018601
2 0.622012 21 19 1119990 1042761
2 0.623011 1237 59 1020390 1057334
2 0.624012 14 13 1075951 997754
2 0.625011 9 13 1074986 1008621
2 0.626011 1249 67 1068104 1076305
2 0.627011 11 10 1129774 1044060
2 0.628012 22 10 1064377 997278
2 0.629012 1116 34 1028865 1079132
2 0.630012 8 9 1079619 1006583
2 0.631012 14 22 1109221 1020086
2 0.632012 1136 43 1072575 1096855
2 0.633012 20 16 1067223 1006942
2 0.634011 9 7 1089049 1004353
2 0.635012 6 10 1081151 1011235
2 0.636012 1170 55 1058909 1086421
2 0.637012 10 7 1067470 993499
2 0.638011 5 5 1114611 1025019
2 0.639012 1132 41 1020706 1066375
2 0.640011 26 21 1072822 1008466
2 0.641011 27 18 1080086 1006102
2 0.642012 1071 60 1077368 1078060
2 0.643012 6 13 1122355 1034074
2 0.644012 4 17 1125579 1033142
2 0.645012 1058 65 1101441 1087476
2 0.646012 5 9 1130618 1034817
2 0.647012 4 17 1136614 1033981
2 0.648012 1063 53 1082337 1089948
2 0.649012 8 15 1141284 1025901
2 0.650012 7 11 1134521 1035920
2 0.651012 1045 42 1086111 1097598
2 0.652012 13 15 1123263 1030888
2 0.653012 17 14 1131506 1036631
2 0.654013 1144 81 1086391 1094981
2 0.655012 5 7 1137512 1033794
2 0.656012 27 5 1073475 978943
2 0.657012 1313 62 1084762 1097040
2 0.658011 17 10 1127839 1042724
2 0.659013 32 13 1137001 1036921
2 0.660012 1138 47 1075128 1094036
2 0.661012 14 10 1133653 1035976
2 0.662012 11 5 1133983 1040546
2 0.663012 1100 75 1084001 1101485
2 0.664012 2 9 1134109 1025593
2 0.665012 4 6 1141786 1027464
2 0.666012 1099 79 1079108 1105735
2 0.667012 0 8 1133279 1037852
2 0.668012 18 15 1084026 993093
2 0.669012 1102 73 1049737 1071277
2 0.670012 11 7 1138995 1033374
2 0.671012 1 11 1133751 1037467
2 0.672012 1018 73 1079899 1092209
2 0.673011 14 9 1134575 1034731
2 0.674011 24 16 1131296 1040934
2 0.675012 1001 34 1041259 1075346
2 0.676012 13 12 1089830 1015377
2 0.677012 23 16 1128799 1042469
2 0.678012 1012 87 1084177 1096809
2 0.679011 12 6 1135603 1038777
2 0.680013 9 12 1126035 1038644
2 0.681012 1094 42 1080323 1100194
2 0.682013 15 15 1151204 1023527
2 0.683012 11 13 1137776 1035293
2 0.684012 1035 74 1079825 1088388
2 0.685012 10 9 1136726 1035476
2 0.686012 6 13 1133965 1035536
2 0.687011 1062 63 1042556 1071482
2 0.688012 9 17 1089698 1007175
2 0.689011 14 15 1136053 1031140
2 0.690012 1097 31 1045887 1070942
2 0.691012 18 15 1098007 1012121
2 0.692012 4 13 1085295 1009731
2 0.693012 998 35 1048439 1075682
2 0.694012 5 5 1137451 1035263
2 0.695012 9 11 1087742 1010340
2 0.696011 636 67 1054256 1053849
2 0.697012 370 11 1122885 1051537
2 0.698012 3 12 1134554 1032694
2 0.699012 1045 259 1105088 1079165
2 0.700012 424 15 1118451 1036198
2 0.701013 2 11 1089148 1012883
2 0.702011 30 9 962864 893712
2 0.703012 1668 74 1074836 1111543
2 0.704012 14 11 1130127 1031031
2 0.705013 22 7 1137286 1037326
2 0.706011 1492 75 1037326 1076310
2 0.707013 19 6 1098540 1023420
2 0.708519 5671 34 1645020 1659602
2 0.709017 15 10 513486 476435
2 0.710014 12 13 1082848 1007793
2 0.713358 7658 62 3666072 3471087
2 0.714016 16 11 680472 651412
2 0.715027 8641 36 1027997 1130261
2 0.716013 48 18 1059700 979497
2 0.717013 5 15 1080694 1001480
2 0.718013 4688 29 1022410 1090649
2 0.719012 28 16 1080565 1013544
2 0.720013 10 19 1080772 997665
2 0.721012 2175 42 1024636 1079126
2 0.722012 21 17 1082417 1009377
2 0.723012 14 9 1079197 1008102
2 0.724012 329 32 1089728 1024257
2 0.725022 1134 10 1103410 1070504
2 0.726012 26 8 1079243 994650
2 0.727012 12 7 1084126 1009238
2 0.728011 1325 47 1021125 1050172
2 0.729011 10 14 1109328 1024607
2 0.730012 17 7 1135897 1035995
2 0.731012 1175 28 1084949 1096064
2 0.732011 19 10 1127237 1028795
2 0.733012 15 12 1137267 1032078
2 0.734012 1096 28 1080030 1102735
2 0.735012 15 13 1136969 1034727
2 0.736012 21 13 1175032 984782
2 0.737012 1235 41 1136515 1059658
2 0.738012 34 4 1210086 970185
2 0.739012 463 28 1176381 1003760
2 0.740012 551 18 1167473 998159
2 0.741011 41 14 1189006 992376
2 0.742012 912 28 1151008 1047013
2 0.743012 11 2 1146425 962491
2 0.744012 17 3 1146559 957404
2 0.745012 824 53 1152341 1038142
2 0.746011 17 5 1209432 970772
2 0.747012 23 3 1182525 999093
2 0.748011 766 15 1143770 1011286
2 0.749013 21 3 1202228 983325
2 0.750012 14 5 1206602 973145
2 0.751011 721 33 1142831 1045816
2 0.752012 13 3 1200069 967741
2 0.753012 8 5 1197507 982070
2 0.754011 714 23 1153276 1033309
2 0.755011 18 24 1207496 971852
2 0.756011 18 13 1177720 984001
2 0.757013 861 19 1059960 968492
2 0.758014 8 2 1214638 966474
2 0.759012 12 3 1205876 973172
2 0.760012 1049 48 1155951 1023888
2 0.761013 9 3 1206209 974927
2 0.762012 1120 55 1163704 1024882
2 0.763012 9 4 1204993 982796
2 0.764013 6 1 1140570 959815
2 0.765012 1160 30 1105699 1020404
2 0.766012 11 3 1210627 972131
2 0.767012 8 3 1205416 975945
2 0.768012 1188 61 1144782 1037322
2 0.769012 11 2 1208278 972423
2 0.770013 1 2 1208175 979118
2 0.771013 1127 37 1139648 1060362
2 0.772012 5 4 1189791 973444
2 0.773013 4 2 1206603 978889
2 0.774013 1227 55 1144487 1054570
2 0.775012 11 5 1203497 979919
2 0.776013 4 8 1167545 927352
2 0.777012 1212 14 1102111 1012134
2 0.778012 16 2 1151733 954268
2 0.779012 15 3 1158077 942291
2 0.780012 1209 36 1096801 1001757
2 0.781013 7 10 1151172 956631
2 0.782013 9 5 1154582 953108
2 0.783012 1181 16 1102543 1007268
2 0.784013 9 2 1159420 928291
2 0.785013 9 4 1158417 953665
2 0.786013 1214 65 1151893 1028888
2 0.787013 16 2 1193474 988457
2 0.788013 1115 27 1148113 1026411
2 0.789012 14 3 1201049 972561
2 0.790014 18 3 1208846 979690
2 0.791014 2433 23 1140101 1066161
2 0.792013 9 4 1176684 982442
2 0.793013 32 2 1204110 971652
2 0.794013 1899 31 1153812 1040549
2 0.795012 23 3 1203657 974066
2 0.796013 12 6 1204085 967708
2 0.797012 1414 38 1148834 1042251
2 0.798012 24 3 1208724 970543
2 0.799012 27 4 1210804 974605
2 0.800012 1215 46 1139730 1046780
2 0.801013 7 2 1206927 976163
2 0.802013 17 4 1045805 855972
2 0.803014 1482 27 1070818 1017665
2 0.804013 6 3 1114697 914859
2 0.805012 28 2 1146993 955866
2 0.806014 1664 62 1106864 1016158
2 0.807012 0 2 1163237 946788
2 0.808012 7 2 1187881 973064
2 0.809013 1309 49 1148012 1047000
2 0.810012 23 5 1214479 959615
2 0.811013 1141 51 1152284 1043423
2 0.812013 4 4 1203064 966740
2 0.813012 18 2 1205788 971864
2 0.814013 1213 67 1146243 1053518
2 0.815013 28 3 1200615 979971
2 0.816196 9 5 1433815 1143822
2 0.817015 1613 34 917943 877864
2 0.818012 20 3 1200742 975976
2 0.819013 33 3 1207170 973781
2 0.820013 1564 28 1069111 994738
2 0.821012 37 3 1118069 918061
2 0.822014 4 3 1164895 940578
2 0.823013 1311 52 1102595 1013488
2 0.824013 3 2 1145269 946993
2 0.825013 8 5 1146409 960728
2 0.826013 1238 42 1091135 1026712
2 0.827013 6 4 1161149 941450
2 0.828012 11 6 1152405 937033
2 0.829012 1305 32 1118242 993899
2 0.830012 2 2 1153890 946370
2 0.831012 3 4 1163258 944259
2 0.832012 1216 23 1140393 1033272
2 0.833012 34 3 1199164 982780
2 0.834014 28 3 1206087 974417
2 0.835012 1144 17 1155354 1037677
2 0.836012 8 4 1191475 973792
2 0.837012 846 26 1188683 1001007
2 0.838012 300 5 1183686 994362
2 0.839013 10 5 1144424 925222
2 0.840012 1312 29 1068100 973857
2 0.841013 9 5 1162070 938983
2 0.842013 24 1 1160445 948317
2 0.843012 1214 31 1095400 1021019
2 0.844012 8 4 1156371 935574
2 0.845013 22 2 1157134 943968
2 0.846012 1117 26 1098489 1018317
2 0.847013 19 2 1155468 951071
2 0.848013 16 3 1138628 944387
2 0.849013 1217 46 1146420 1041808
2 0.850013 9 4 1208444 971307
2 0.851012 8 5 1210565 969558
2 0.852013 1204 44 1140326 1045998
2 0.853012 9 5 1210510 961647
2 0.854013 8 2 1206366 976356
2 0.855012 1178 28 1153230 1045779
2 0.856012 2 6 1196583 968021
2 0.857012 9 2 1211416 970147
2 0.858012 1168 14 1150784 1048490
2 0.859012 6 2 1209704 969844
2 0.860012 7 4 1206083 959409
2 0.861013 1123 63 1147590 1045808
2 0.862013 2 2 1121430 947075
2 0.863012 9 3 1114342 929420
2 0.864011 1086 67 1083656 1010270
2 0.865012 12 3 1141555 942820
2 0.866012 27 5 1130813 957344
2 0.867012 1471 73 1069830 1027865
2 0.868012 10 6 1121161 955071
2 0.869012 10 6 1128581 955273
2 0.870012 1182 33 1073384 1026139
2 0.871012 1 2 1129350 953830
2 0.872012 2 2 1121487 942086
2 0.873012 996 14 1078521 1020381
2 0.874012 12 4 1127653 959072
2 0.875012 8 4 1129823 952207
2 0.876012 1001 28 1073590 1012203
2 0.877012 20 6 1128921 957951
2 0.878012 12 5 1134412 954821
2 0.879012 998 69 1078016 1017702
2 0.880012 3 6 1121349 949050
2 0.881011 7 6 1129217 954221
2 0.882012 1012 61 1080187 1024533
2 0.883012 9 5 1126204 957721
2 0.884015 12 6 1087751 925006
2 0.885013 1936 57 1071122 1024919
2 0.886012 42 5 1126347 960872
2 0.887012 10 4 1134783 957305
2 0.888013 1406 55 1113396 1039368
2 0.889014 17 5 1179711 982695
2 0.890012 6 4 1180278 980798
2 0.891012 1150 61 1126127 1046257
2 0.892013 22 10 1087870 939475
2 0.893012 15 3 1091128 936397
2 0.894012 1087 40 1079687 1016841
2 0.895013 15 4 1128366 958988
2 0.896012 6 4 1120980 950226
2 0.897013 1106 41 1071958 1028467
2 0.898012 13 9 1138063 953509
2 0.899012 21 4 1178457 972653
2 0.900013 1185 44 1075916 1017464
2 0.915172 15 4 1764528 1468880
2 0.916020 0 0 0 0
2 0.917018 0 0 0 0
2 0.918016 0 0 0 0
2 0.919017 0 0 0 0
2 0.920017 10246 20 876728 962107
2 0.921014 39 3 1101535 960400
2 0.922015 44 2 1124248 956141
2 0.923013 4624 31 1051025 1046096
2 0.931166 7426 36 4599490 4076396
2 0.932021 0 0 0 0
2 0.933017 0 0 0 0
2 0.934015 0 0 0 0
2 0.935014 0 0 0 0
2 0.936014 134 3 968936 840149
2 0.937014 2611 31 1102209 982318
2 0.938014 7107 6 1055718 1042805
2 0.939013 15 5 1124261 955559
2 0.940014 12 8 95082 79274
2 0.941012 0 0 0 0
2 0.942014 0 0 0 0
2 0.943013 0 0 0 0
2 0.944013 0 0 0 0
2 0.945014 0 0 0 0
2 0.946013 0 0 0 0
2 0.947012 0 0 0 0
2 0.948013 65 0 976024 831230
2 0.949013 9881 21 1013861 1116743
2 0.950013 59 6 1118977 961703
2 0.951012 19 5 1124842 958603
2 0.952013 4327 34 950565 943378
2 0.953013 10 4 1124404 957030
2 0.954013 14 4 1123890 962381
2 0.955012 1857 33 1067338 1034738
2 0.956015 19 7 103373 91247
2 0.957014 0 0 0 0
2 0.958014 0 0 0 0
2 0.959011 0 0 0 0
2 0.960013 72 1 916064 785396
2 0.961013 7 5 1125274 950491
2 0.962013 7439 36 1048455 1067286
2 0.963012 13 7 482908 413163
2 0.964013 0 0 0 0
2 0.965015 0 0 0 0
2 0.966015 0 0 0 0
2 0.967013 0 0 0 0
2 0.968016 0 0 0 0
2 0.969014 0 0 0 0
2 0.970014 0 0 0 0
2 0.971013 0 0 0 0
2 0.972013 62 0 926483 792070
2 0.973013 37 6 1120657 960675
2 0.974012 9696 22 1025520 1090954
2 0.975012 15 5 1125068 959491
2 0.976012 6 8 1113176 954491
2 0.977012 3764 40 1064099 1043355
2 0.978012 19 3 1127718 959346
2 0.979011 30 6 1124845 954019
2 0.980012 21 6 96597 83144
2 0.981012 0 0 0 0
2 0.982012 0 0 0 0
2 0.983014 0 0 0 0
2 0.984015 0 0 0 0
2 0.985013 0 0 0 0
2 0.986012 0 0 0 0
2 0.987013 0 0 0 0
2 0.988014 0 0 0 0
2 0.989013 0 0 0 0
2 0.990012 0 0 0 0
2 0.991013 0 0 0 0
2 0.992014 0 0 0 0
2 0.993013 0 0 0 0
2 0.994012 0 0 0 0
2 0.995013 0 0 0 0
2 0.996015 9967 26 876668 985896
2 0.997014 19 4 1116675 952732
2 0.998014 17 6 1117920 968687
2 0.999013 4435 29 1056953 1052330
2 1.000012 19 5 1060539 900713
2 1.001013 22 4 1127395 955347
2 1.002013 2053 53 1072360 1029251
2 1.003013 9 5 1122608 960724
2 1.004014 4 4 98411 84022
2 1.005015 0 0 0 0
2 1.006013 0 0 0 0
2 1.007014 0 0 0 0
2 1.008013 0 0 0 0
2 1.009650 0 0 0 0
2 1.010014 0 0 0 0
2 1.011014 0 0 0 0
2 1.012016 75 1 872478 762456
2 1.013015 10005 27 1063891 1042949
2 1.014014 20 13 1158671 919364
2 1.015013 9 13 1167760 913831
2 1.016014 5031 27 1083671 1009639
2 1.017013 5 8 1165803 905362
2 1.018014 5 15 1162570 919429
2 1.019014 1737 24 1091818 1010233
2 1.020015 3 5 95311 74013
2 1.021016 0 0 0 0
2 1.022014 19 15 1147938 907005
2 1.023014 11 10 1162317 916231
2 1.024015 6924 51 937550 924788
2 1.025013 15 24 1156117 923581
2 1.026014 13 9 1159851 926391
2 1.027013 2996 65 1086851 1015774
2 1.028015 10 14 1150373 909434
2 1.029013 9 12 1171696 909251
2 1.030014 1793 53 1096240 1004524
2 1.031014 4 22 1178656 904561
2 1.032014 11 11 1144605 928293
2 1.033013 1425 29 1105607 998362
2 1.034013 5 11 1161381 921835
2 1.035014 12 11 1154520 930656
2 1.036013 1420 24 1075661 991721
2 1.037015 16 17 1166871 921194
2 1.038014 12 15 1157275 920280
2 1.039013 1416 74 1096615 1004938
2 1.040013 13 17 1157985 908011
2 1.041013 2 17 1162127 928024
2 1.042014 1238 37 1103361 1000385
2 1.043012 9 10 1157348 925080
2 1.044013 12 19 1153472 922774
2 1.045013 1177 30 1108444 994844
2 1.046013 15 13 1170342 915877
2 1.047011 17 12 1194451 934782
2 1.048013 1355 23 1098706 983197
2 1.049013 7 12 1215937 944876
2 1.050012 6 17 1214323 944952
2 1.051013 1163 77 1163312 1019153
2 1.052013 2 7 1195836 950540
2 1.053012 1136 60 1152148 1022474
2 1.054013 4 11 1212157 951583
2 1.055013 14 11 1216147 942405
2 1.056013 1129 60 1074027 991871
2 1.057012 3 20 1190755 942260
2 1.058013 4 11 1215692 947880
2 1.059012 1071 75 1151651 1025958
2 1.060012 29 27 1208514 939513
2 1.061013 8 7 1222462 937630
2 1.062013 1125 66 1150933 1026376
2 1.063012 7 18 1206222 937495
2 1.064013 8 12 1196209 945643
2 1.065013 1014 78 1168307 1009803
2 1.066014 10 9 1211154 951093
2 1.067013 14 12 1200143 949553
2 1.068013 917 75 1156404 1008498
2 1.069013 10 16 1219972 939979
2 1.070013 915 21 1154077 1025833
2 1.071013 14 7 1212957 944835
2 1.072013 6 11 1210450 940752
2 1.073013 1025 48 1154999 1025378
2 1.074012 8 9 1212410 951604
2 1.075012 4 17 1209928 954253
2 1.076013 1173 86 1148550 1023940
2 1.077013 7 15 1216365 948223
2 1.078012 16 11 1205257 947577
2 1.079012 1147 64 1154997 1019740
2 1.080013 10 21 1204968 946411
2 1.081013 15 17 1221385 941711
2 1.082013 1040 54 1163273 1020431
2 1.083013 8 20 1215491 947335
2 1.084013 1040 38 1150998 1014152
2 1.085012 23 10 1216664 948123
2 1.086011 12 4 1216635 948255
2 1.087012 1014 63 1153153 1024495
2 1.088013 6 13 1208469 933580
2 1.089013 2 14 1219433 945999
2 1.090013 1111 55 1150611 1029331
2 1.091012 8 14 1212438 947119
2 1.092011 10 15 1207406 941266
2 1.093012 1132 70 1153709 1030610
2 1.094012 6 11 1217589 950234
2 1.095012 6 14 1218876 944537
2 1.096012 1041 49 1146375 1026575
2 1.097013 23 15 1217428 947474
2 1.098013 4 16 1216807 947604
2 1.099012 1059 75 1128724 1057682
2 1.100013 15 16 1204101 951843
2 1.101012 1068 95 1159984 1017306
2 1.102012 7 16 1214103 952141
2 1.103012 0 10 1216277 949715
2 1.104013 1046 69 1088807 982282
2 1.105014 6 19 1197116 944871
2 1.106012 20 7 1206140 954472
2 1.107012 1465 36 1148132 1028391
2 1.108013 49 18 1019330 799619
2 1.109013 15 19 1214804 954802
2 1.111841 2417 97 3289129 2723005
2 1.112017 22 9 180221 140567
2 1.113016 9689 31 1042587 1055795
2 1.114013 7 11 1152753 929324
2 1.115014 5 7 1174861 914207
2 1.116013 4078 79 1078581 1015516
2 1.117012 16 8 1163200 924554
2 1.121848 7561 89 5023374 4307725
2 1.122020 6515 7 103515 202479
2 1.123016 31 12 1148164 939231
2 1.124015 9 19 1152839 913536
2 1.125013 5482 26 1083241 1022361
2 1.126013 15 17 1159217 933799
2 1.127013 3 21 1172221 913245
2 1.128014 2322 52 1095390 997598
2 1.129012 8 18 1168071 915193
2 1.130013 16 12 1165336 922635
2 1.131013 1557 49 1095718 1009568
2 1.132091 28 9 779770 620333
2 1.133013 14 14 1066190 844398
2 1.134013 22 10 1162917 909131
2 1.135013 5945 64 1078616 1037993
2 1.136013 7 12 1164181 909622
2 1.137026 573 41 1170964 954947
2 1.138013 2327 13 1105927 959837
2 1.139012 10 22 1166030 919894
2 1.140013 1892 29 1105459 989573
2 1.141013 12 10 1173763 913813
2 1.142012 15 12 1167556 919037
2 1.143013 1414 76 1113378 995490
2 1.144014 20 16 1172088 908876
2 1.145013 9 12 1171312 913814
2 1.146012 1409 50 1109871 991771
2 1.147012 2 5 1173483 912927
2 1.148013 15 7 1157414 905372
2 1.149012 1838 48 1058220 967955
2 1.150012 14 17 1173340 915229
2 1.151012 8 14 1163706 924793
2 1.152013 1439 17 1115425 977752
2 1.153012 27 14 1165646 922013
2 1.154012 6 4 1167645 918523
2 1.155012 1282 24 1108397 998908
2 1.156013 13 11 1153849 930900
2 1.157012 29 17 1171880 913736
2 1.158017 1385 43 1122561 993413
2 1.159012 12 11 1162656 916657
2 1.160012 11 11 1164928 913841
2 1.161014 1418 19 1113435 994630
2 1.162013 2 11 1172116 919787
2 1.163012 5 10 1167819 914478
2 1.164013 1286 48 1107522 986962
2 1.165012 13 12 1173821 910806
2 1.166013 18 20 1168477 922239
2 1.167012 1222 64 1099389 1005185
2 1.168013 8 12 1160026 916960
2 1.169012 10 14 1164527 921191
2 1.170012 1386 32 1141791 1011469
2 1.171012 11 11 1218469 945171
2 1.172013 30 20 1214052 938112
2 1.173013 1324 28 1161178 1022451
2 1.174012 0 4 1212425 949034
2 1.175013 1197 33 1148385 1020823
2 1.176013 42 19 1201130 944749
2 1.177012 2 19 1205089 943158
2 1.178012 1205 16 1155425 1027179
2 1.179012 18 10 1215056 947365
2 1.180012 14 12 1205966 949932
2 1.181014 1361 27 1112706 1073276
2 1.182012 8 12 1164896 1001660
2 1.183012 2 11 1161439 1007807
2 1.184014 1884 25 1102933 1072061
2 1.185013 11 7 1160616 1007789
2 1.186013 13 12 1168287 1003305
2 1.187013 1194 30 1111014 1071745
2 1.188012 16 13 1152484 1002311
2 1.189012 14 11 1153435 1013560
2 1.190012 1110 24 1116762 1070579
2 1.191012 23 12 1165676 1003998
2 1.192013 23 11 1152587 1012783
2 1.193013 1086 65 1110224 1072233
2 1.194012 9 9 1162750 1009773
2 1.195011 8 10 1159812 1006921
2 1.196012 1066 30 1105996 1065871
2 1.197012 5 12 1163164 1006741
2 1.198011 17 11 1162755 1009419
2 1.199012 980 30 1100187 1058534
2 1.200012 16 11 1148241 1004039
2 1.201013 28 9 1135871 1038651
2 1.202012 1655 44 1020926 1058849
2 1.203013 17 25 1113996 1029863
2 1.204012 22 12 1057950 991555
2 1.205012 1851 32 1032473 1078554
2 1.206012 12 13 1112723 1029966
2 1.207012 10 17 1066373 999789
2 1.208012 1294 64 905402 935846
2 1.209012 17 12 1131251 1041370
2 1.210012 11 9 1131746 1041446
2 1.211025 1975 66 1080126 1112317
2 1.212012 18 15 1063929 995084
2 1.213012 2 8 1122363 1014425
2 1.214012 1781 64 1016110 1065213
2 1.215013 18 9 1084963 1015412
2 1.216012 14 7 1072095 1006249
2 1.217012 1440 78 1075309 1079322
2 1.218011 23 14 1140499 1028333
2 1.219012 19 16 1136217 1036248
2 1.220012 1218 52 1075079 1092866
2 1.221012 22 15 1071008 996913
2 1.222012 2 13 1121734 1020120
2 1.223011 1038 29 1086661 1095942
2 1.224012 37 14 1129329 1032474
2 1.225011 1 11 1133772 1031666
2 1.226012 1107 30 1085637 1094796
2 1.227011 7 13 1125985 1041250
2 1.228012 11 12 1130750 1030583
2 1.229012 988 30 1089857 1093804
2 1.230012 18 17 1129332 1043624
2 1.231012 13 11 1137359 1028901
2 1.232012 911 53 1087898 1082389
2 1.233011 12 8 1138844 1027256
2 1.234012 8 10 1139219 1030770
2 1.235012 937 24 1089523 1085955
2 1.236011 34 27 1129659 1027150
2 1.237011 8 10 1137648 1030062
2 1.238012 979 68 1023977 1052302
2 1.239012 14 8 1049067 991682
2 1.240012 36 25 1038471 958703
2 1.241012 12 17 1132496 1034821
2 1.242012 1252 31 1082608 1101780
2 1.243012 23 16 1139281 1033363
2 1.244012 15 10 1116417 1025837
2 1.245013 1143 57 1041577 1074276
2 1.246012 9 15 1097363 1016227
2 1.247012 17 8 1096069 1008078
2 1.248020 1036 30 1049178 1079352
2 1.249013 17 9 1121815 1027244
2 1.250013 31 18 1140599 1031596
2 1.251014 891 73 1084461 1098489
2 1.252011 17 13 1125539 1025837
2 1.253012 23 11 1138526 1031847
2 1.254012 981 28 1040096 1076820
2 1.255012 7 10 1099337 1012464
2 1.256011 17 16 1123717 1029953
2 1.257012 1045 42 1089901 1088480
2 1.258012 16 9 1133804 1033534
2 1.259011 10 19 1088659 1010782
2 1.260012 910 45 1043458 1068893
2 1.261011 39 17 1128418 1039495
2 1.262012 13 9 1136903 1029414
2 1.263013 980 38 1045446 1075041
2 1.264012 21 20 1086271 1013646
2 1.265012 33 12 1140720 1027523
2 1.266011 961 87 1048417 1063988
2 1.267012 15 17 1101842 1013662
2 1.268012 23 9 1117585 1026560
2 1.269012 1079 79 1095396 1090635
2 1.270012 17 13 1128528 1037729
2 1.271011 14 9 1135820 1032002
2 1.272012 932 61 1072092 1101814
2 1.273012 12 10 1131359 1035579
2 1.274012 4 15 1139085 1033514
2 1.275013 1006 52 1050012 1065136
2 1.276012 24 20 1070608 1009918
2 1.277011 8 10 1083705 1008616
2 1.278013 1048 77 1043197 1067057
2 1.279011 12 9 1076281 1012263
2 1.280011 8 10 1070941 1012125
2 1.281012 1034 45 1038914 1068311
2 1.282012 17 15 1085931 1011162
2 1.283011 4 14 1087450 1005582
2 1.284012 6 15 1078414 1003363
2 1.285011 996 57 1040388 1063063
2 1.286012 15 11 1087697 1007942
2 1.287012 17 19 1085323 1008857
2 1.288012 1147 65 1031182 1066006
2 1.289012 24 14 1095983 1006536
2 1.290012 14 16 1121774 1030644
2 1.291013 1230 98 1084700 1106987
2 1.292012 29 19 1127857 1024962
2 1.293012 10 18 1141217 1023996
2 1.294012 1388 58 1088084 1094284
2 1.295012 16 8 1140438 1030449
2 1.296012 12 6 1130748 1032391
2 1.297012 1140 57 1084916 1094509
2 1.298013 6 11 1139506 1035171
2 1.299011 25 5 1127336 1038985
2 1.300012 1176 64 1068903 1106986
2 1.301013 23 15 1125051 1045395
2 1.302012 20 9 1136196 1033516
2 1.303011 1138 72 1035436 1079684
2 1.304012 9 10 1084180 1000516
2 1.305012 11 13 1088738 1002405
2 1.306013 1476 55 1037935 1071090
2 1.307012 10 9 1085590 1007944
2 1.308012 6 14 1045421 971643
2 1.309013 1512 58 950677 1011003
2 1.310012 3 12 1083712 1011210
2 1.311012 2 10 1085223 1006430
2 1.312012 1513 65 1038344 1060061
2 1.313013 19 11 1083915 1009076
2 1.314012 9 9 1095051 996660
2 1.315011 636 67 1070814 1026161
2 1.316012 886 14 1049638 1039500
2 1.317012 2 7 1086193 1003876
2 1.318012 14 11 1091926 1008054
2 1.319012 1265 58 1074022 1100155
2 1.320012 20 11 1123538 1033320
2 1.321013 12 12 1132982 1038622
2 1.322012 1106 64 1078794 1108208
2 1.323011 21 12 1129900 1041134
2 1.324013 7 11 1129506 1030954
2 1.325012 1114 51 1089722 1091462
2 1.326012 6 21 1095711 1008519
2 1.327012 2 15 1082121 1009636
2 1.328012 1002 51 1024143 1055974
2 1.329012 2 4 1083707 1005204
2 1.330012 5 10 1093685 999710
2 1.331013 1002 41 1032427 1075733
2 1.332016 8 12 1052151 1037491
2 1.333012 3 9 1077468 1007348
2 1.334012 2563 55 1064109 1051623
2 1.335012 6 3 1133514 973192
2 1.336012 13 2 1127712 960234
2 1.337013 1920 72 1094918 1021663
2 1.338011 9 2 1139122 957624
2 1.339012 2 3 1158088 958517
2 1.340011 1180 37 1122464 1043681
2 1.341012 18 3 1214916 972549
2 1.342012 11 3 1215637 968050
2 1.343013 970 37 1149303 1046727
2 1.344013 11 3 1197927 967250
2 1.345012 8 3 1214727 963688
2 1.346013 1124 14 1137887 1059102
2 1.347012 14 5 1202438 973065
2 1.348012 6 4 1199559 963708
2 1.349013 1145 56 1165959 1033632
2 1.350013 13 2 1212534 968940
2 1.351013 1102 91 1147788 1046917
2 1.352013 6 4 1183040 985105
2 1.353013 0 3 1227953 947940
2 1.354013 1095 17 1154737 1037130
2 1.355011 6 3 1209371 971450
2 1.356012 9 5 1192746 977167
2 1.357013 1142 16 1165916 1026479
2 1.358012 8 3 1184041 994678
2 1.359011 19 3 1197858 979876
2 1.360012 1033 63 1151911 1029854
2 1.361013 13 3 1203163 977413
2 1.362012 5 4 1158658 947972
2 1.363012 1027 65 1089198 1026733
2 1.364012 15 4 1141281 944202
2 1.365013 10 17 1160121 946310
2 1.366013 1212 53 1094193 1028808
2 1.367012 22 12 1156662 944428
2 1.368014 9 18 1142040 933500
2 1.369012 1387 85 1095472 1022500
2 1.370013 38 22 1145396 958756
2 1.371013 11 22 1154591 947508
2 1.372012 1294 49 1100237 1016211
2 1.373012 4 3 1196444 972221
2 1.374013 181 33 1201274 982486
2 1.375013 942 6 1180238 1003701
2 1.376011 4 3 1189912 976281
2 1.377012 1057 15 1147246 1050920
2 1.378012 2 3 1215489 965962
2 1.379012 13 3 1190763 988207
2 1.380013 1000 40 1136203 1051339
2 1.381013 12 3 1202659 980604
2 1.382012 7 2 1166265 946505
2 1.383014 1226 40 1097724 1024576
2 1.384013 2 6 1141838 944695
2 1.385013 15 4 1156670 943768
2 1.386012 1581 44 1092274 1022357
2 1.387012 5 2 1153077 957133
2 1.388012 5 3 1155933 924814
2 1.389013 1319 34 1110518 1007696
2 1.390013 28 2 1156064 943711
2 1.391013 20 2 1156278 945058
2 1.392012 1258 140 1097738 1013804
2 1.393013 19 27 1196091 987159
2 1.394012 41 20 1189723 977127
2 1.395011 1172 85 1141721 1055854
2 1.396013 6 2 1200163 966816
2 1.397012 18 2 1207091 972954
2 1.398012 1183 15 1165748 1027274
2 1.399012 13 4 1210536 970022
2 1.400012 388 43 1140559 925316
2 1.401013 793 6 1176801 1014629
2 1.402012 5 2 1202666 976176
2 1.403012 1239 83 1103622 1022901
2 1.404013 4 3 1170135 936313
2 1.405013 9 3 1208053 964789
2 1.406012 1129 84 1150535 1043082
2 1.407012 4 3 1144542 974931
2 1.408013 1 5 1144179 945256
2 1.409013 1421 58 955395 899930
2 1.410013 27 2 1152136 955206
2 1.411013 14 11 1162789 940238
2 1.412014 1397 63 1101237 1005454
2 1.413013 8 3 1145700 956755
2 1.414013 24 2 1159157 941360
2 1.415013 1721 54 1101081 1024469
2 1.416013 2 6 1146512 945025
2 1.417013 24 2 1153860 950336
2 1.418013 1420 65 1092712 1019639
2 1.419012 4 2 1153948 954388
2 1.420012 0 5 1196228 972219
2 1.421013 1360 70 1142297 1037175
2 1.422012 13 3 1198619 980446
2 1.423011 5 4 1212522 965638
2 1.424012 1144 60 1141467 1043075
2 1.425012 7 2 1203239 972619
2 1.426014 1 2 1156061 961470
2 1.427012 1102 75 1114012 1022263
2 1.428013 4 5 1196608 972461
2 1.429012 12 3 1205171 973443
2 1.430012 1086 80 1138802 1060058
2 1.431012 0 2 1200971 976506
2 1.432013 19 4 1140615 941958
2 1.433012 1179 32 1157095 1034224
2 1.434013 2 3 1199190 977760
2 1.435011 1092 56 1143786 1051128
2 1.436013 4 2 1201780 968306
2 1.437013 24 2 1200665 979450
2 1.438012 1048 36 1152122 1043456
2 1.439013 8 3 1206443 977201
2 1.440012 0 5 1201074 961988
2 1.441012 1188 67 1155220 1037997
2 1.442012 8 3 1199323 984644
2 1.443012 5 2 1199422 983716
2 1.444014 1208 53 1089949 1023289
2 1.445013 8 2 1161596 935448
2 1.446012 2 3 1155372 943046
2 1.447013 1126 72 1103063 1015930
2 1.448013 8 3 1148402 932775
2 1.449011 4 3 1158863 935614
2 1.450012 1104 45 1100961 1018839
2 1.451013 21 3 1147797 955372
2 1.452012 3 5 1144574 946838
2 1.453012 1217 36 1102174 1015245
2 1.454012 6 3 1155376 960142
2 1.455013 6 3 1217947 951708
2 1.456013 1116 23 1137629 1051220
2 1.457012 16 2 1199290 977620
2 1.458012 553 43 1206856 976383
2 1.459012 509 5 1171088 1011051
2 1.460013 0 3 1184827 988636
2 1.461012 1089 28 1149119 1043002
2 1.462013 28 5 1207942 971529
2 1.463012 23 4 1143436 955119
2 1.464013 1157 60 1078757 1010200
2 1.465013 20 6 1142804 942906
2 1.466012 12 7 1129071 952236
2 1.467012 1192 25 1075377 1026039
2 1.468012 14 6 1114815 957799
2 1.469013 26 4 1129643 955173
2 1.470012 938 52 1083181 1010805
2 1.471011 2 4 1130592 957557
2 1.472012 8 6 1121464 954398
2 1.473011 997 34 1083894 1015899
2 1.474012 14 4 1128371 959473
2 1.475012 12 5 1127510 957932
2 1.476014 1233 32 1076478 1015084
2 1.477012 22 6 1123382 961930
2 1.478012 8 2 1128588 958343
2 1.479012 1143 21 1080839 1019646
2 1.480012 14 7 1121624 954349
2 1.481012 5 3 1132148 959295
2 1.482011 1120 75 1087813 1006403
2 1.483012 20 6 1125907 962869
2 1.484012 9 5 1123927 951265
2 1.485012 996 26 1078782 1016654
2 1.486013 14 5 1127192 960085
2 1.487012 30 6 1125087 958928
2 1.488012 960 89 1075172 1011200
2 1.489012 5 4 1127980 959125
2 1.490012 6 10 1126974 955994
2 1.491012 1037 58 1083924 1021106
2 1.492127 8 5 1247801 1062918
2 1.493013 36 5 997007 841559
2 1.494013 982 46 1089165 1004497
2 1.495012 352 6 1106186 976670
2 1.496012 16 6 1114446 954261
2 1.497013 7 5 1131442 957539
2 1.498013 1316 99 1087726 1018366
2 1.499012 6 2 1169040 980700
2 1.500011 1108 60 1122681 1035735
2 1.501012 6 5 1183032 979400
2 1.502012 12 5 1177317 982163
2 1.503012 965 37 1055819 1008735
2 1.504012 12 5 1077691 938387
2 1.505013 11 7 1136256 949268
2 1.506012 1014 41 1077688 1018053
2 1.507013 1 3 1130682 957515
2 1.508013 21 7 1116035 947980
2 1.509012 30 8 986609 851014
2 1.510012 1138 79 1072971 1030061
2 1.511012 10 4 1127698 957229
2 1.512105 7 5 1223405 1045781
2 1.513013 1297 79 969165 934976
2 1.514012 32 4 1128150 956614
2 1.515012 20 6 1129133 956737
2 1.516013 1461 54 1070704 1023160
2 1.517012 13 4 1128093 959462
2 1.518012 31 5 1126462 963135
2 1.519013 1120 51 1073931 1029239
2 1.520012 2 4 1115609 958195
2 1.521012 7 6 1130712 957702
2 1.522013 1036 64 1079920 1022660
2 1.523011 34 5 1127903 960884
2 1.524013 20 3 1120832 954787
2 1.525012 1119 48 1085215 1016117
2 1.526011 28 5 1124763 962717
2 1.527012 10 5 1126223 960473
2 1.528012 1041 81 1070313 1015241
2 1.529011 17 7 1129957 955230
2 1.530012 9 4 1127823 956237
2 1.531012 1027 80 1076861 1021249
2 1.532012 13 5 1124108 953502
2 1.533012 8 5 1127634 956902
2 1.534012 948 92 1081447 1017559
2 1.535012 11 3 1126395 957009
2 1.536011 8 1 1118756 957747
2 1.537012 974 34 1085850 1014548
2 1.538012 11 6 1124321 960233
2 1.539013 6 5 1130607 954831
2 1.540012 880 18 1069074 1017402
2 1.541011 8 5 1127577 954729
2 1.542012 14 5 1125091 963447
2 1.543012 945 74 1079670 1022404
2 1.544012 17 7 1119243 958971
2 1.545012 11 5 1127477 952657
2 1.546012 990 75 1075678 1025494
2 1.547013 35 5 1125917 962099
2 1.548011 12 6 1120176 953731
2 1.549012 1050 67 1074897 1025010
2 1.550011 18 8 1133808 948611
2 1.551012 10 4 1137201 961225
2 1.552013 950 44 1110036 1043588
2 1.553012 10 5 1176378 984050
2 1.554012 11 5 1185145 975497
2 1.555012 884 20 1121509 1053973
2 1.556012 21 5 1170470 976692
2 1.557012 23 4 1106072 946209
2 1.558013 985 74 1037586 1009245
2 1.559011 10 6 1132141 945887
2 1.560012 10 7 1121834 956334
2 1.561012 975 20 1078162 1018150
2 1.562013 6 4 1129741 955960
2 1.563012 11 5 1123526 961159
2 1.564013 890 27 1063923 1027078
2 1.565012 31 5 1131048 957474
2 1.566012 16 5 1127137 954788
2 1.567012 967 65 1078235 1016956
2 1.568012 20 5 1115114 950936
2 1.569014 13 6 1141119 956427
2 1.570013 1331 55 1113218 1048999
2 1.571011 19 4 1172271 986476
2 1.572013 10 5 1169708 982893
2 1.573012 1189 79 1126007 1049542
2 1.574012 36 7 1179483 981331
2 1.575012 20 4 1104094 949488
2 1.576012 1064 56 1030199 1006698
2 1.577012 16 6 1133229 951456
2 1.578012 20 5 1130200 957721
2 1.579011 924 73 1072751 1028858
2 1.580012 8 7 1117559 953611
2 1.581012 16 5 1133500 955268
2 1.582012 988 51 1089305 1009440
2 1.583012 13 4 1126933 959833
2 1.584012 8 8 1117250 959104
2 1.585012 948 23 1077150 1021165
2 1.586012 18 5 1128914 956538
2 1.587012 15 6 1126075 958208
2 1.588012 1035 36 1072375 1018571
2 1.589012 21 5 1126931 959435
2 1.590011 12 4 1126765 959478
2 1.591015 1131 37 1082043 1040155
2 1.592012 16 4 1158203 970599
2 1.593013 18 6 1181458 980600
2 1.594013 1689 70 1125662 1052635
2 1.595012 20 2 1175699 982324
2 1.596012 5 5 1170761 978806
2 1.597012 1129 61 1134304 1041935
2 1.598012 34 7 1118735 934833
2 1.599012 22 5 1095246 937295
2 1.600012 1089 33 1073696 1016655
2 1.601012 25 5 1123013 962614
2 1.602012 24 4 1127328 955599
2 1.603013 901 58 1075070 1028658
2 1.604013 14 7 1116102 961375
2 1.605012 18 5 1125494 958226
2 1.606013 981 60 1093616 1009973
2 1.607014 13 13 1166002 925240
2 1.608013 29 18 1153733 913081
2 1.609014 1584 69 956474 884790
2 1.610013 15 14 1169729 930759
2 1.611013 4 11 1216195 943271
2 1.612013 1737 81 1139551 1012434
2 1.613014 0 10 1213558 944980
2 1.614013 6 10 1219530 941190
2 1.615013 1445 66 1152418 1028868
2 1.616012 11 11 1188730 936157
2 1.617012 566 51 1189022 979926
2 1.618013 653 18 1188066 976929
2 1.619012 9 7 1206473 950991
2 1.620012 1051 69 1154076 1010147
2 1.621012 12 15 1206301 954639
2 1.622012 5 18 1167206 923172
2 1.623013 1156 48 1107358 995658
2 1.624013 8 17 1147898 925608
2 1.625013 14 10 1159333 920784
2 1.626014 1124 52 1099605 1000584
2 1.627012 11 10 1158909 922770
2 1.628013 24 11 1157550 912046
2 1.629013 1172 74 1100746 997777
2 1.630012 6 15 1158104 924986
2 1.631012 15 11 1179137 917197
2 1.632013 1256 84 1140892 1014008
2 1.633012 8 15 1208870 951235
2 1.634013 12 8 1210755 950988
2 1.635013 989 26 1148209 1031933
2 1.636013 13 14 1200884 948404
2 1.637013 13 10 1210042 945587
2 1.638012 1223 55 1157088 1023833
2 1.639012 13 13 1208836 947761
2 1.640013 751 74 1173625 988891
2 1.641012 348 13 1190992 964644
2 1.642013 20 12 1215980 947794
2 1.643012 954 77 1152388 1022294
2 1.644012 31 8 1204282 943427
2 1.645014 8 9 1217639 945334
2 1.646013 1114 33 1158144 1022354
2 1.647013 22 8 1213195 942702
2 1.648013 12 7 1165254 914646
2 1.649012 994 29 1098583 1001695
2 1.650013 7 12 1161783 921863
2 1.651013 12 18 1153323 929452
2 1.652012 950 60 1095515 990171
2 1.653014 4 8 1167709 924878
2 1.654013 13 17 1162827 925211
2 1.655012 1091 69 1102766 1003000
2 1.656013 15 10 1152883 925564
2 1.657012 24 17 1157859 928162
2 1.658013 1290 24 1106651 999736
2 1.659012 11 14 1165226 918363
2 1.660013 14 15 1160701 926840
2 1.661012 1098 42 1150622 1016979
2 1.662014 24 15 1217614 953546
2 1.663012 6 10 1208484 949953
2 1.664012 1700 31 1149724 1018734
2 1.665012 12 12 1216146 952423
2 1.666012 1564 60 1154406 1027346
2 1.667012 18 15 1215146 954456
2 1.668012 4 12 1206388 944203
2 1.669013 1158 88 1161963 1019653
2 1.670012 26 15 1212678 945273
2 1.671012 3 12 1175948 923991
2 1.672012 1116 27 1102092 989022
2 1.673013 4 9 1163188 926008
2 1.674013 7 12 1164341 925361
2 1.675012 1163 81 1103755 1000694
2 1.676012 8 15 1159437 915164
2 1.677012 26 19 1166290 922773
2 1.678013 1069 133 1109383 997692
2 1.679012 5 12 1161922 924669
2 1.680013 7 15 1160102 922582
2 1.681013 1095 112 1111568 990379
2 1.682012 28 18 1172684 910712
2 1.683013 12 7 1166475 921836
2 1.684014 1147 59 1093241 1009306
2 1.685013 6 11 1163745 922057
2 1.686012 16 10 1163307 924002
2 1.687011 1219 77 1100521 1002625
2 1.688012 18 6 1124519 888895
2 1.689012 12 16 1209028 947645
2 1.690013 1373 68 1159111 1028299
2 1.691012 13 13 1213428 946024
2 1.692012 663 73 1181237 985187
2 1.693013 445 13 1195678 965689
2 1.694012 16 6 1214128 949070
2 1.695012 1077 74 1157685 1023331
2 1.696013 5 15 1211452 941587
2 1.697012 26 21 1216060 947861
2 1.698013 1056 48 1161971 1024699
2 1.699012 8 17 1219144 945824
2 1.700012 28 16 1210566 947397
2 1.701013 1090 74 1161081 1018675
2 1.702013 28 17 1141263 912624
2 1.703013 14 11 1129731 902418
2 1.704013 1133 57 1104483 989189
2 1.705013 8 13 1173268 915253
2 1.706012 16 10 1162921 927457
2 1.707013 1109 24 1112139 994319
2 1.708013 16 16 1157075 917613
2 1.709012 34 14 1008913 793805
2 1.710012 1380 32 1104960 1006753
2 1.712563 8627 31 2901565 2501462
2 1.713016 3 13 526986 403771
2 1.714014 25 14 1154254 908086
2 1.715013 6 11 1174569 907195
2 1.716014 6913 101 1067693 1035053
2 1.717012 9 15 1145013 927489
2 1.720886 6487 64 4337975 3646438
2 1.721019 4 7 119251 95151
2 1.722019 10039 21 1057979 1058261
2 1.723014 15 11 1145027 909378
2 1.724013 27 13 1007102 791826
2 1.725014 5234 35 1091660 1024475
2 1.726014 28 11 1157612 916539
2 1.727013 12 15 1166240 924048
2 1.728012 2498 33 1092768 987950
2 1.729013 18 11 1158375 920573
2 1.730013 18 23 1162884 924189
2 1.731012 1566 14 1097123 1010188
2 1.732015 56 18 1031857 816493
2 1.733013 15 13 1157606 915517
2 1.734013 5069 63 1084836 1032532
2 1.735024 13 10 1181173 933574
2 1.736013 10 19 1148091 899314
2 1.737013 2863 54 1109163 992866
2 1.738012 2 8 1166118 921489
2 1.739012 3 11 1172153 922843
2 1.740013 1777 52 1091344 987695
2 1.741013 5 6 1170936 916531
2 1.742013 23 10 1177389 912959
2 1.743013 1598 66 1101696 1004757
2 1.744012 10 14 1163001 911255
2 1.745012 13 9 1168931 925467
2 1.746013 1273 70 1103905 1006205
2 1.747012 9 10 1169409 920090
2 1.748013 23 15 1098420 862675
2 1.749012 1485 71 1104471 1000207
2 1.750012 0 16 1171402 917442
2 1.751012 896 45 1139326 962923
2 1.752013 404 18 1136620 924079
2 1.753012 0 12 1177379 909397
2 1.754013 1436 47 1116908 990817
2 1.755013 8 17 1168672 924004
2 1.756013 10 20 1151266 896151
2 1.757015 1975 55 1105971 1016264
2 1.758012 22 11 1082065 857591
2 1.759013 3 12 1168022 923492
2 1.760014 2171 55 1099767 992997
2 1.761013 17 22 1171325 917436
2 1.762014 47 16 1174611 915461
2 1.763013 1937 64 1102702 988035
2 1.764013 16 7 1127887 887649
2 1.765013 8 9 1170896 913489
2 1.766011 1791 86 1105281 998111
2 1.767013 5 8 1163928 928677
2 1.768013 39 22 1153382 922416
2 1.769013 1549 66 1111294 990532
2 1.770013 15 10 1160888 928125
2 1.771012 9 14 1168946 919920
2 1.772014 1488 86 1129957 1014612
2 1.773012 4 6 1216661 940972
2 1.774012 4 7 1163309 1005848
2 1.775012 1608 65 1105513 1083067
2 1.776012 30 16 1142674 997713
2 1.777012 8 16 1166330 1003759
2 1.778012 1789 74 1107243 1079917
2 1.779012 10 7 1162195 1008018
2 1.780012 21 11 1146219 1013589
2 1.781012 1477 28 1085892 1098925
2 1.782011 11 17 1139055 1030836
2 1.783011 2 9 1137861 1033599
2 1.784013 1222 38 1049281 1053595
2 1.785011 0 12 1134066 1035430
2 1.786012 15 14 1132413 1039139
2 1.787012 1127 44 1086157 1096853
2 1.788012 13 11 1124702 1030612
2 1.789012 23 8 1135870 1033740
2 1.790011 1012 75 1077619 1105763
2 1.791012 13 9 1135390 1037299
2 1.792012 12 18 1127656 1030817
2 1.793012 1119 57 1083525 1104352
2 1.794012 11 9 1134982 1034632
2 1.795013 21 12 1133668 1037494
2 1.796012 1117 73 1072859 1093822
2 1.797014 8 15 1092552 1011640
2 1.798012 6 13 1093244 997925
2 1.799012 1129 25 1039854 1084492
2 1.800012 18 16 1128654 1030843
2 1.801012 4 18 1141518 1028085
2 1.802011 1059 75 1043988 1070991
2 1.803012 12 15 1102097 1014709
2 1.804012 21 19 1079396 1012231
2 1.805012 1015 75 1054430 1071364
2 1.806012 14 12 1095377 1010066
2 1.807012 5 9 1096442 1010751
2 1.808013 1000 59 1069318 1088552
2 1.809011 8 8 1067875 969729
2 1.810012 47 6 1071870 991192
2 1.811011 1587 42 1084127 1096453
2 1.812013 20 19 1083868 1007858
2 1.813012 5 16 1090030 999278
2 1.814011 28 16 1097473 1011272
2 1.815012 1258 81 1085662 1099624
2 1.816012 21 11 1126026 1034134
2 1.817012 15 17 1092129 1008856
2 1.818011 1059 54 1032654 1075994
2 1.819011 20 16 1078434 1017329
2 1.820012 22 15 1079345 1004281
2 1.821012 1060 63 1036271 1072003
2 1.822012 0 7 1084116 1009969
2 1.823012 16 10 1086393 1006391
2 1.824013 1012 31 1033291 1066642
2 1.825012 20 6 1088669 1005747
2 1.826011 4 13 1087794 1003004
2 1.827012 975 84 1037873 1071064
2 1.828012 40 15 1073212 1008064
2 1.829012 39 10 1084387 1008333
2 1.830011 895 41 1033754 1070755
2 1.831012 19 14 1096135 1007403
2 1.832012 24 10 1068229 980216
2 1.833012 1201 82 1079341 1104569
2 1.834012 20 14 1140166 1033099
2 1.835012 23 23 1133750 1037110
2 1.836012 1017 60 1076235 1092209
2 1.837012 19 10 1133073 1038703
2 1.838012 19 12 1138410 1033719
2 1.839012 958 76 1085290 1098799
2 1.840012 7 16 1123599 1034677
2 1.841012 25 13 1133208 1037396
2 1.842012 1071 80 1088916 1098993
2 1.843012 1 5 1090017 1014471
2 1.844012 11 9 1077804 1004176
2 1.845013 1044 95 1035368 1073314
2 1.846012 27 13 1085311 1013241
2 1.847012 26 14 1087596 1005647
2 1.848015 20 23 1090602 1000515
2 1.849013 1447 64 1030864 1070968
2 1.850011 24 20 1087103 1005433
2 1.851012 18 14 1090046 1005402
2 1.852011 1275 80 1022699 1072515
2 1.853012 10 17 1084763 1007846
2 1.854012 8 15 1084606 1014350
2 1.855011 1054 73 1031843 1074538
2 1.856012 17 14 1079782 1016017
2 1.857012 12 12 1125128 1030021
2 1.858012 1143 59 1083131 1100781
2 1.859012 14 14 1136254 1038976
2 1.860012 24 18 1085979 1006539
2 1.861012 1049 83 1040471 1068503
2 1.862013 12 12 1089842 1005266
2 1.863013 2 13 1084118 1011304
2 1.864012 1477 71 1018934 1061877
2 1.865012 9 8 1088807 1003549
2 1.866012 26 16 1088913 1009038
2 1.867012 1279 97 1030611 1079062
2 1.868011 22 11 1076288 995909
2 1.869012 22 16 1097375 995891
2 1.870011 1211 58 1036188 1073472
2 1.871012 7 9 1080182 1016604
2 1.872011 24 15 1081970 996536
2 1.873012 4 6 1085608 1010712
2 1.874012 1131 52 1036063 1071023
2 1.875012 2 11 1081335 1011355
2 1.876012 18 18 1076486 1006658
2 1.877012 1147 57 1039093 1067478
2 1.878012 0 10 1087006 1003916
2 1.879011 6 16 1088308 1011456
2 1.880012 1231 40 1002394 1021857
2 1.881012 1 5 1133025 1034919
2 1.882011 22 16 1132773 1021595
2 1.883011 1140 76 1082622 1101086
2 1.884011 16 16 1126194 1034661
2 1.885012 9 6 1132440 1037956
2 1.886012 1064 59 1086320 1100085
2 1.887011 14 12 1130977 1038078
2 1.888012 2 7 1086915 1005003
2 1.889012 1043 46 1054597 1067900
2 1.890012 2 11 1138542 1034370
2 1.891011 8 8 1088968 1010308
2 1.892012 1086 74 1036038 1059847
2 1.893012 2 4 1085991 1013242
2 1.894012 17 14 1086615 1008221
2 1.895013 1015 63 1038253 1070315
2 1.896013 33 10 1079302 1000999
2 1.897012 23 11 1094579 996942
2 1.898012 1212 88 1038708 1071023
2 1.899012 23 18 1083472 1009933
2 1.900013 4 20 1076280 1006892
2 1.901227 1447 59 1284899 1287921
2 1.902014 21 12 879356 813844
2 1.903011 14 14 1122922 1031010
2 1.904013 24 13 1094535 993988
2 1.905012 3392 65 1075004 1109237
2 1.906012 11 8 1141260 1030949
2 1.907012 22 15 1091299 1009561
2 1.908012 1637 46 1043113 1071538
2 1.909011 26 16 1122452 1022733
2 1.910012 40 10 994066 904155
2 1.911012 1597 77 1091374 1093183
2 1.912013 18 12 1113661 1049354
2 1.913011 4 11 1094061 1005540
2 1.914012 1914 99 1035938 1072695
2 1.915012 7 8 1088987 1003521
2 1.916012 5 20 1073441 1008335
2 1.917012 1316 49 1037865 1066365
2 1.918012 2 10 1085287 1008613
2 1.919012 2 4 1083438 1010524
2 1.920012 1142 67 1023261 1076976
2 1.921012 27 19 1090580 1007140
2 1.922013 10 11 1107478 988804
2 1.923013 1176 75 1087120 1084732
2 1.924013 15 9 1146998 1008409
2 1.925012 3 9 1145022 1014366
2 1.926012 1211 31 1135411 1061700
2 1.927012 32 6 1157177 954311
2 1.928013 8 5 1144015 928947
2 1.929013 1414 53 1099087 1020423
2 1.930013 4 5 1167106 929341
2 1.931012 4 8 1162142 939944
2 1.932013 1286 70 1075087 1006899
2 1.933012 19 25 1150528 950363
2 1.934012 39 24 1160705 940936
2 1.935013 1085 49 1098660 1035649
2 1.936012 20 9 1185071 970677
2 1.937012 14 25 1194351 986288
2 1.938013 1174 73 1159691 1032178
2 1.939014 14 2 1206694 983955
2 1.940013 22 2 1195009 968043
2 1.941013 1786 56 1155245 1038661
2 1.942013 47 4 1213604 961657
2 1.943012 9 3 1159013 956460
2 1.944013 1432 83 1066660 961627
2 1.945012 4 4 1161299 940219
2 1.946013 12 2 1156725 952877
2 1.947013 1352 71 1091116 1030092
2 1.948013 8 3 1139842 956125
2 1.949013 10 5 1160194 937915
2 1.950012 1338 86 1097927 1016685
2 1.951011 6 5 1153653 947820
2 1.952012 4 6 1142568 948756
2 1.953012 1349 18 1111627 1002227
2 1.954012 4 3 1160632 951182
2 1.955012 1158 43 1150035 1029378
2 1.956013 11 5 1190590 978691
2 1.957012 2 2 1218324 959883
2 1.958013 1120 38 1157982 1041329
2 1.959013 7 4 1209645 972598
2 1.960011 10 5 1196435 972701
2 1.961068 1228 39 1224130 1102840
2 1.962013 35 2 1134997 921171
2 1.963013 30 7 1201299 974874
2 1.964015 3043 38 1064584 999008
2 1.965012 23 4 1211033 962534
2 1.966014 36 3 1211171 970400
2 1.967014 2247 55 1139783 1056463
2 1.968013 8 8 1193492 970378
2 1.969013 20 2 1131859 933101
2 1.970013 1600 43 1065457 990988
2 1.971013 15 3 1155956 947493
2 1.972014 8 4 1142518 950616
2 1.973013 1535 65 1095777 1019836
2 1.974012 21 7 1155571 945632
2 1.975013 23 2 1163004 940314
2 1.976013 1294 68 1098235 1006546
2 1.977013 15 3 1159480 943305
2 1.978012 9 2 1160948 940277
2 1.979013 1203 56 1103692 1026131
2 1.980013 14 5 1178901 975462
2 1.981019 730 53 1180968 1026687
2 1.982011 449 8 1190378 965850
2 1.983012 26 3 1207443 971296
2 1.984012 1253 60 1137540 1041116
2 1.985013 14 4 1203184 975685
2 1.986013 25 2 1203653 976893
2 1.987012 1050 45 1144669 1052277
2 1.988013 6 3 1188247 959349
2 1.989012 20 2 1208844 964014
2 1.990012 1183 109 1148389 1043736
2 1.991012 18 2 1200940 980589
2 1.992012 4 5 1189052 979634
2 1.993012 1068 22 1140224 1053754
2 1.994012 30 4 1199207 994747
2 1.995012 22 3 1193483 984857
2 1.996012 1684 75 1159479 1015630
2 1.997014 10 4 1146694 920803
2 1.998013 13 2 1117939 923932
2 1.999013 1227 36 1102609 1013080
2 2.000013 6 5 1142762 946456
2 2.001012 7 3 1157525 940473
2 2.002012 1295 36 1108935 1005792
2 2.003012 12 2 1163603 936942
2 2.004013 10 3 1138329 949879
2 2.005012 1157 82 1111300 1005262
2 2.006012 4 3 1156200 956220
2 2.007013 1076 47 1141118 1038942
2 2.008013 70 5 1151755 941698
2 2.009013 4 2 1212344 963293
2 2.010013 1690 50 1013095 916431
2 2.011013 21 2 1209560 975210
2 2.012013 5 3 1210690 954287
2 2.013013 1449 102 1143868 1052915
2 2.014013 7 2 1210407 975514
2 2.015012 8 3 1207075 967762
2 2.016012 1221 69 1080515 987928
2 2.017013 19 3 1120485 921257
2 2.018012 3 2 1148200 951612
2 2.019012 1157 55 1105088 1008505
2 2.020012 0 2 1156440 934817
2 2.021012 12 2 1156561 945792
2 2.022012 1115 50 1104844 1012428
2 2.023012 19 3 1158755 946135
2 2.024012 15 5 1146461 941047
2 2.025013 1192 70 1112616 1008299
2 2.026012 21 3 1160042 939501
2 2.027012 21 2 1151930 954972
2 2.028013 1039 48 1090798 1019333
2 2.029012 37 3 1156479 944678
2 2.030013 18 3 1158323 948764
2 2.031013 1085 45 1099565 1018468
2 2.032013 8 5 1155499 947857
2 2.033013 3 2 1194917 967006
2 2.034013 1805 51 1146014 1054725
2 2.035012 5 2 1208439 974215
2 2.036013 12 5 1071370 863483
2 2.037013 1671 48 1153166 1043100
2 2.038013 35 5 1193204 992685
2 2.039013 12 14 1131766 937301
2 2.040014 1553 47 1066185 980077
2 2.041012 25 4 1159455 937911
2 2.042013 5 4 1169952 938017
2 2.043012 1395 46 1088532 1027003
2 2.044012 4 6 1145594 947440
2 2.045012 0 3 1167770 943404
2 2.046012 1217 50 1143015 1045461
2 2.047012 25 6 1213089 964166
2 2.048012 1178 51 1143450 1023528
2 2.049012 19 3 1208424 969931
2 2.050012 9 3 1206552 970756
2 2.051013 1030 23 1083076 996084
2 2.052012 5 3 1110397 919309
2 2.053013 44 4 1169009 930043
2 2.054012 1153 60 1105829 1006939
2 2.055013 18 4 1154245 949712
2 2.056013 9 4 1125982 948181
2 2.057012 1529 70 1080069 1016906
2 2.058012 23 5 1130528 955236
2 2.059012 26 7 1127349 956255
2 2.060013 1147 75 1070017 1023298
2 2.061012 17 6 1128585 955666
2 2.062111 10 11 1244721 1053429
2 2.063013 1338 70 960269 927299
2 2.064012 17 6 1111257 962795
2 2.065011 33 5 1132653 949984
2 2.066013 1320 57 1082827 1021185
2 2.067011 13 7 1115413 963917
2 2.068013 16 6 1120167 955839
2 2.069012 1098 49 1081246 1018339
2 2.070013 21 7 1128055 959066
2 2.071012 35 4 1130254 952467
2 2.072013 1099 63 1045669 987619
2 2.073013 15 4 1124883 960915
2 2.074013 18 4 1128671 955650
2 2.075013 1125 26 1077781 1022759
2 2.076013 11 7 1107494 965093
2 2.077012 14 5 1132542 950483
2 2.078012 666 38 1103018 990583
2 2.079012 443 9 1108854 977204
2 2.080012 15 6 1129210 945953
2 2.081012 79 43 1125257 965521
2 2.082012 931 7 1092824 1006998
2 2.083013 15 7 1181943 977446
2 2.084012 991 23 1123866 1038688
2 2.085012 3 3 1177560 981332
2 2.086011 44 8 1099746 949206
2 2.087011 924 58 1043198 998139
2 2.088012 20 4 1122000 952115
2 2.089012 14 3 1138022 950270
2 2.090012 603 48 1100874 991433
2 2.091012 328 5 1118046 966736
2 2.092012 16 7 1112631 958190
2 2.093012 22 5 1131480 955502
2 2.094012 977 9 1084898 1010168
2 2.095011 19 5 1126503 959847
2 2.096012 12 7 1119921 952795
2 2.097012 930 54 1079872 1018711
2 2.098012 26 7 1131399 956942
2 2.099012 19 6 1129163 959181
2 2.100012 950 74 1066898 1018563
2 2.101013 23 6 1125905 959653
2 2.102012 13 6 1126943 956671
2 2.103011 975 67 1075633 1024697
2 2.104012 11 7 1121959 958767
2 2.105013 22 4 1127764 955255
2 2.106012 952 69 1079182 1021493
2 2.107012 39 5 1124032 961187
2 2.108013 10 9 1114375 947453
2 2.109012 1046 74 1078127 1018185
2 2.110012 27 7 987717 828858
2 2.111012 12 6 1136995 958110
2 2.112013 1500 59 1110976 1037130
2 2.113012 29 4 1183047 980056
2 2.114011 13 5 1185994 969750
2 2.115012 1198 42 1135208 1041376
2 2.116012 16 6 1166034 984128
2 2.117012 2 5 1108665 941314
2 2.118012 1035 55 1040965 1001504
2 2.119012 15 4 1128920 955192
2 2.120012 9 6 1124592 951261
2 2.121012 992 78 1073323 1024967
2 2.122012 29 5 1126084 963993
2 2.123012 20 5 1124979 955975
2 2.124011 1071 75 1065738 1021597
2 2.125013 29 4 1127855 960444
2 2.126013 17 5 1124535 961092
2 2.127012 1395 47 1072815 1025670
2 2.128011 18 6 1115999 959625
2 2.129013 11 5 1136852 953598
2 2.130012 1083 68 1073491 1024671
2 2.131012 8 5 1135344 954262
2 2.132012 18 6 1119251 951140
2 2.133012 1099 52 1082330 1020203
2 2.134012 8 5 1123750 956690
2 2.135012 0 7 1125951 961393
2 2.136012 952 55 1072241 1012841
2 2.137011 17 5 1123003 961597
2 2.138012 12 4 1128366 961662
2 2.139013 1082 72 1072792 1032095
2 2.140012 16 8 1116250 952976
2 2.141012 14 5 1134020 952565
2 2.142012 964 44 1078260 1021211
2 2.143012 14 6 1121052 961397
2 2.144012 13 6 1117494 955742
2 2.145011 910 46 1077302 1018735
2 2.146012 26 5 1126502 963239
2 2.147011 8 8 1128508 955709
2 2.148012 999 74 1088858 1013985
2 2.149012 16 5 1168878 978328
2 2.150012 22 5 1176568 988594
2 2.151012 925 87 1127707 1049960
2 2.152013 12 4 1174648 973425
2 2.153012 20 8 1182803 976560
2 2.154012 1013 68 1127355 1046165
2 2.155013 20 4 1104531 950116
2 2.156012 10 5 1074409 939460
2 2.157012 965 67 1079220 1021117
2 2.158012 12 5 1129472 959001
2 2.159012 8 5 1125672 960502
2 2.160012 1027 30 1068889 1017861
2 2.161013 14 4 1122402 966841
2 2.162012 18 4 1128281 954206
2 2.163014 1027 63 1081975 1027584
2 2.164012 20 5 1115954 951370
2 2.165012 23 6 1133347 955120
2 2.166011 1196 65 1072191 1020748
2 2.167012 18 5 1126458 964406
2 2.168012 10 8 1119083 941062
2 2.169012 1109 61 1074719 1020874
2 2.170011 21 4 1125680 963698
2 2.171012 2 6 1130851 956039
2 2.172013 1160 48 1071598 1017890
2 2.173012 18 8 1128394 956750
2 2.174012 11 6 1128318 958997
2 2.175013 1036 84 1075809 1030451
2 2.176013 4 5 1114958 955562
2 2.177012 16 5 1124869 963298
2 2.178011 1065 69 1077055 1017345
2 2.179012 19 5 1123322 964790
2 2.180012 10 8 1117142 956009
2 2.181011 933 25 1081979 1016401
2 2.182013 7 3 1127067 963132
2 2.183012 20 7 1124412 959166
2 2.184012 1049 36 1068452 1018740
2 2.185011 12 5 1132369 963793
2 2.186012 14 5 1171582 976132
2 2.187011 921 20 1124917 1052629
2 2.188012 14 6 1175884 982686
2 2.189012 12 5 1179810 979339
2 2.190012 1009 65 1128989 1041921
2 2.191012 10 4 1187009 973071
2 2.192013 10 6 1097536 946702
2 2.193013 964 18 1045306 994704
2 2.194012 16 8 1126883 958749
2 2.195012 11 6 1121152 963936
2 2.196012 909 63 1065259 1022295
2 2.197012 11 4 1125657 962675
2 2.198013 13 6 1137829 949993
2 2.199012 969 85 1108591 991359
2 2.200014 27 12 1161762 917935
2 2.201013 0 14 1158537 926538
2 2.202014 2605 61 1095880 999572
2 2.203013 8 14 1157299 925369
2 2.204013 16 10 1156688 915363
2 2.205012 1696 80 1106748 1001108
2 2.206012 14 17 1205368 945486
2 2.207013 19 16 1218946 938407
2 2.208014 1358 31 1142142 1019254
2 2.209013 28 12 1212187 950091
2 2.210013 30 11 1047012 827239
2 2.211012 1475 50 1149682 1026734
2 2.212013 10 12 1200541 953490
2 2.213012 1170 72 1167057 1003126
2 2.214013 162 18 1199350 961161
2 2.215012 16 11 1219572 938374
2 2.216012 1106 79 1148177 1017007
2 2.217014 9 8 1206312 961660
2 2.218013 29 18 1131304 915712
2 2.219012 1529 69 1054371 990277
2 2.220014 29 18 1151012 916212
2 2.221013 16 25 1155556 924756
2 2.222013 1386 83 1099646 1000229
2 2.223014 33 16 1162273 925919
2 2.224013 17 15 1151722 920984
2 2.225014 1063 59 1095708 1006119
2 2.226012 16 13 1157690 926684
2 2.227012 16 19 1160107 921453
2 2.228013 1170 63 1094319 980659
2 2.229013 5 10 1157588 929232
2 2.230013 11 11 1158207 927030
2 2.231013 1206 59 1105239 995583
2 2.232013 15 14 1108380 882343
2 2.233013 12 16 1173197 911845
2 2.234013 1298 69 1110387 1000656
2 2.235012 6 14 1209619 945775
2 2.236012 4 13 1203757 941598
2 2.237013 1226 58 1160693 1017820
2 2.238012 6 8 1216731 950576
2 2.239012 16 8 1221313 942269
2 2.240013 1066 87 1149545 1019300
2 2.241011 13 10 1217576 946145
2 2.242012 534 68 1191783 980958
2 2.243012 430 18 1186892 980883
2 2.244012 9 15 1204912 948159
2 2.245013 1032 109 1087240 983742
2 2.246012 12 20 1124171 909091
2 2.247012 11 11 1166294 923608
2 2.248013 1043 74 1099681 996562
2 2.249013 12 15 1171956 918010
2 2.250013 12 14 1176809 921508
2 2.251012 1040 86 1148430 1019431
2 2.252013 12 6 1211063 942136
2 2.253012 22 13 1218426 943678
2 2.254012 1049 75 1154467 1028753
2 2.255012 17 14 1220584 948922
2 2.256012 8 15 1214637 939478
2 2.257012 1069 71 1160078 1019754
2 2.258012 8 16 1211755 953810
2 2.259012 21 14 1215097 950189
2 2.260012 1020 41 1145214 1021185
2 2.261012 9 14 1219300 944990
2 2.262012 4 6 1139180 909126
2 2.263013 979 65 1071987 983204
2 2.264012 13 14 1149182 918591
2 2.265013 177 89 1165825 928151
2 2.266013 1154 15 1114516 979375
2 2.267012 10 14 1164799 923898
2 2.268012 1291 29 1100825 989330
2 2.269012 7 21 1171861 928912
2 2.270012 4 17 1204812 949163
2 2.271012 1124 93 1163523 1016294
2 2.272013 12 20 1206820 947886
2 2.273012 12 10 1219250 946033
2 2.274013 1109 53 1155552 1029860
2 2.275013 22 11 1212705 954386
2 2.276013 9 17 1207569 946151
2 2.277012 1205 45 1152822 1025832
2 2.278012 17 17 1215398 952727
2 2.279013 9 7 1144809 914946
2 2.280013 1136 27 1049754 966697
2 2.281013 3 5 1134902 896464
2 2.282012 12 19 1167624 922890
2 2.283012 997 29 1106549 1009768
2 2.284012 6 15 1201827 938030
2 2.285011 6 16 1216130 946804
2 2.286012 1033 31 1155208 1028309
2 2.287012 9 13 1212494 951799
2 2.288013 291 38 1184688 959906
2 2.289012 713 24 1184141 979362
2 2.290014 2 15 1140368 918071
2 2.291012 1069 72 1068275 975776
2 2.292012 2 20 1154386 918988
2 2.293013 3 8 1168089 923544
2 2.294012 1146 39 1109960 993071
2 2.295011 16 14 1166035 930030
2 2.296012 17 11 1201794 943964
2 2.297013 1108 24 1158947 1021270
2 2.298013 23 8 1223992 942773
2 2.299012 11 16 1215101 945921
2 2.300012 1060 26 1153777 1014908
2 2.301012 13 15 1212306 949025
2 2.302012 8 16 1216122 947035
2 2.303013 1055 64 1147233 1037876
2 2.304013 9 9 1205512 945126
2 2.305012 0 12 1219848 941665
2 2.306013 1025 82 1162304 1022721
2 2.307013 19 13 1215544 949699
2 2.308013 656 29 1172327 990308
2 2.309013 357 7 1121781 927563
2 2.310013 6 12 1039788 832543
2 2.311013 21 7 1130809 906389
2 2.314486 11646 92 3816391 3421407
2 2.315017 16 6 587754 479298
2 2.316014 21 7 1154877 905728
2 2.317013 11 14 1168529 920728
2 2.322146 15800 186 5380623 4675191
2 2.323018 20 18 993249 795387
2 2.324015 8400 25 1061924 1033971
2 2.325014 12 17 1146440 916855
2 2.326013 19 20 1155081 922738
2 2.327013 4265 54 1084405 1019086
2 2.328013 19 13 1147815 913215
2 2.329013 6 13 1161325 917455
2 2.330014 1983 42 1103782 1003548
2 2.331523 30 11 1256638 998345
2 2.332015 6 6 557770 436961
2 2.333025 5642 37 1112897 1032966
2 2.334015 30 21 1146124 908070
2 2.335013 14 21 1163763 921409
2 2.336013 3517 72 1094090 996626
2 2.337013 3 14 1171101 918016
2 2.338013 28 11 1173956 918004
2 2.339013 1916 47 1096438 1012062
2 2.340012 27 17 1164396 909399
2 2.341012 5 5 1168886 921898
2 2.342013 1459 71 1105072 999471
2 2.343012 13 11 1178000 911139
2 2.344013 20 22 1160542 918149
2 2.345012 1332 61 1104156 1000207
2 2.346013 11 15 1173882 920361
2 2.347012 17 17 1170888 918262
2 2.348013 1241 75 1073612 954038
2 2.349013 10 14 1165515 919524
2 2.350012 16 17 1175981 916680
2 2.351012 1212 50 1107131 995223
2 2.352013 11 11 1163234 917364
2 2.353012 5 8 1170459 919651
2 2.354015 1218 25 1119631 988165
2 2.355012 13 10 1167561 921779
2 2.356013 14 23 1158231 922168
2 2.357014 1428 60 1117602 985857
2 2.358012 4 9 1167949 920807
2 2.359011 11 14 1169507 917245
2 2.360014 1311 56 1103975 983055
2 2.361012 17 14 1168120 915239
2 2.362013 16 15 1140786 947911
2 2.363012 1269 71 1086752 1021073
2 2.364012 13 15 1151565 959902
2 2.365012 17 17 1124050 942071
2 2.366012 1718 72 1077677 1071525
2 2.367012 15 13 1128631 1029229
2 2.368013 30 13 1123988 1033641
2 2.369012 2373 59 1082444 1104457
2 2.370013 7 14 1136271 1037410
2 2.371012 15 8 1132904 1032270
2 2.372014 1436 88 1083903 1086995
2 2.373012 16 11 1130529 1034834
2 2.374012 13 16 1135323 1037733
2 2.375012 1373 82 1076031 1113360
2 2.376012 13 9 1133335 1023528
2 2.377012 6 13 1132621 1038768
2 2.378012 1236 70 1082321 1103570
2 2.379012 11 8 1133741 1036068
2 2.380012 11 13 1127460 1032233
2 2.381012 1106 79 1049202 1064324
2 2.382012 4 9 1088738 1006721
2 2.383012 6 17 1095042 1015137
2 2.384013 1106 56 1040762 1067108
2 2.385012 9 12 1093378 1015191
2 2.386012 8 4 1133955 1037068
2 2.387011 1111 60 1078733 1104062
2 2.388012 21 18 1134268 1027029
2 2.389013 15 16 1134832 1036004
2 2.390012 1214 45 1043144 1074129
2 2.391012 15 11 1095825 1012871
2 2.392014 19 9 1139942 1027056
2 2.393012 1571 61 1034252 1073777
2 2.394012 15 15 1095931 1016081
2 2.395011 36 13 1129126 1037962
2 2.396013 1576 76 1031141 1072668
2 2.397013 15 12 1081997 1012914
2 2.398011 17 11 1094276 1016012
2 2.399012 1132 80 1083886 1103564
2 2.400014 12 16 1085175 1008199
2 2.401013 5 5 1094315 1017925
2 2.402012 1195 51 1041953 1076813
2 2.403012 16 12 1085518 1006809
2 2.404012 16 17 1081630 1001954
2 2.405013 1185 32 1040307 1065917
2 2.406013 23 11 1089024 1007447
2 2.407012 23 16 1079610 1011265
2 2.408012 1803 46 1027673 1058844
2 2.409012 24 19 1082887 1004503
2 2.410012 13 9 1090854 1005185
2 2.411011 26 17 941338 875980
2 2.412012 1934 58 1036305 1066327
2 2.413013 13 18 1085483 1006892
2 2.414012 14 12 1085995 1004879
2 2.415012 1482 61 1038934 1071758
2 2.416013 18 12 1079883 1003245
2 2.417012 15 17 1084890 1006739
2 2.418012 1251 74 1036004 1068942
2 2.419012 11 8 1086473 1008131
2 2.420011 11 23 1075970 1000872
2 2.421012 1111 56 1043758 1065753
2 2.422012 10 13 1086296 1008366
2 2.423013 12 11 1092153 1012652
2 2.424011 1160 70 1015654 1048445
2 2.425012 0 6 1138808 1035227
2 2.426012 17 8 1130349 1037650
2 2.427011 1153 77 1081698 1103414
2 2.428012 12 15 1126646 1033381
2 2.429012 10 16 1132539 1036004
2 2.430013 1106 61 1081769 1103666
2 2.431011 1 18 1145277 1023469
2 2.432012 4 15 1127434 1031947
2 2.433012 971 77 1040822 1070838
2 2.434012 8 9 1090792 1005948
2 2.435012 23 22 1085708 1009408
2 2.436013 31 15 1078738 1009318
2 2.437012 1054 10 1047324 1050701
2 2.438012 15 14 1093014 1001444
2 2.439012 6 9 1079979 1017000
2 2.440013 1082 99 979002 1010138
2 2.441012 13 14 1090623 1005755
2 2.442012 17 10 1086040 1006174
2 2.443012 1209 58 1029297 1079923
2 2.444012 9 12 1079162 999439
2 2.445013 15 10 1091469 1008606
2 2.446012 1066 59 1034569 1067741
2 2.447012 27 20 1081796 1015553
2 2.448012 3 5 1085218 998955
2 2.449012 1017 47 1037564 1063138
2 2.450013 6 12 1088485 1006433
2 2.451012 12 12 1086688 1006042
2 2.452012 1141 46 1032561 1063487
2 2.453012 8 11 1086598 1007256
2 2.454012 11 17 1090875 1001486
2 2.455011 1089 79 1036441 1066647
2 2.456012 26 18 1052138 968174
2 2.457012 21 17 1089479 1004501
2 2.458012 22 10 1081985 1019093
2 2.459012 1349 62 1029137 1080000
2 2.460012 5 14 1075732 1008057
2 2.461053 4 11 1141844 1040465
2 2.462012 1119 84 991319 1027281
2 2.463011 7 17 1088442 1005758
2 2.464012 8 11 1083983 1006721
2 2.465012 1884 74 1073781 1094572
2 2.466012 2 10 1134976 1038361
2 2.467011 39 17 1128907 1040933
2 2.468012 1398 77 1029143 1062091
2 2.469011 10 9 1087028 1006494
2 2.470012 12 9 1089795 1009411
2 2.471012 1205 40 1035924 1070884
2 2.472012 11 10 1076100 1007465
2 2.473012 16 16 1078501 1013028
2 2.474012 1090 32 1044138 1063406
2 2.475011 9 14 1084676 1007006
2 2.476011 19 13 1075198 1009026
2 2.477012 1064 60 1043726 1062911
2 2.478012 11 9 1081959 1013852
2 2.479011 16 26 1075069 1018991
2 2.480012 1085 65 1030436 1066512
2 2.481012 11 9 1100473 992977
2 2.482011 38 14 1080696 1011407
2 2.483012 8 13 1082772 1016316
2 2.484012 1020 73 1016162 1063482
2 2.485012 13 16 1084909 1004847
2 2.486011 16 13 1083755 1011613
2 2.487012 1029 66 1034903 1075576
2 2.488013 3 11 1077809 1006652
2 2.489012 12 9 1090250 998362
2 2.490012 1236 56 1037428 1071544
2 2.491011 10 16 1087120 1004642
2 2.492012 5 19 1080828 1004178
2 2.493012 1064 66 1038961 1066669
2 2.494011 3 14 1083503 1008011
2 2.495011 20 6 1089929 1003076
2 2.496012 1017 69 1030856 1064651
2 2.497015 29 10 1090319 1013154
2 2.498011 19 6 1085007 1003033
2 2.499013 1796 63 1030366 1083634
2 2.500012 10 12 1071139 1006114
2 2.501012 2 10 1086252 1012462
2 2.502012 1321 65 1044773 1065178
2 2.503012 18 8 1103016 992920
2 2.504012 3 9 1132997 1008468
2 2.505012 1273 80 1098585 1085682
2 2.506013 5 10 1148203 1020118
2 2.507013 16 10 1161446 1006627
2 2.508013 1208 56 1083351 1087074
2 2.509013 16 18 1147006 1018106
2 2.510013 18 10 1150213 1011764
2 2.511013 25 14 1003110 888272
2 2.512014 1554 63 1088368 1078137
2 2.513012 4 14 1108512 989372
2 2.514012 14 8 1105388 986482
2 2.515012 1471 73 1026273 1091027
2 2.516013 12 15 1095731 988996
2 2.517013 13 9 1104542 988643
2 2.518012 1198 82 1054404 1050426
2 2.519013 17 3 1142874 963993
2 2.520013 21 7 1144823 947804
2 2.521014 1685 64 1106894 1011279
2 2.522013 0 3 1158688 948267
2 2.523012 8 4 1188401 982021
2 2.524013 1289 69 1137454 1052538
2 2.525013 2 2 1204190 972858
2 2.526013 1207 46 1147423 1046363
2 2.527012 7 4 1196245 986208
2 2.528012 6 3 1202260 952283
2 2.529011 1189 47 1151796 1041435
2 2.530013 5 3 1210939 974855
2 2.531013 14 2 1210891 971244
2 2.532013 1041 40 1138324 1034081
2 2.533012 13 2 1216727 963148
2 2.534012 8 3 1209237 964126
2 2.535013 1188 58 1153982 1045908
2 2.536014 0 3 1147376 945393
2 2.537013 12 4 1161445 936845
2 2.538013 1174 71 1103673 1017040
2 2.539012 10 7 1158723 943137
2 2.540013 7 5 1138168 955947
2 2.541013 1186 58 1105728 1013538
2 2.542013 4 4 1156895 945590
2 2.543013 4 4 1151561 949696
2 2.544013 1090 64 1091825 1003857
2 2.545012 0 2 1169954 929387
2 2.546013 11 3 1153714 949446
2 2.547012 1112 48 1108580 1009796
2 2.548012 13 3 1168680 923590
2 2.549012 7 3 1159236 939736
2 2.550012 1131 85 1100643 1017561
2 2.551011 0 5 1147607 954065
2 2.552012 0 4 1145479 951872
2 2.553014 1074 43 1139791 1046147
2 2.554012 20 6 1205998 969140
2 2.555012 1148 61 1145480 1050502
2 2.556012 2 2 1189657 970974
2 2.557013 0 3 1205289 975460
2 2.558013 1001 45 1146213 1051462
2 2.559013 7 2 1210717 969561
2 2.560013 10 6 1208261 951374
2 2.561012 976 66 1111562 1011974
2 2.562013 0 4 1158237 950893
2 2.563013 6 2 1169123 934326
2 2.564012 1042 46 1091256 1012968
2 2.565012 6 4 1157521 946829
2 2.566013 5 2 1158274 941257
2 2.567013 1121 49 1097194 1022160
2 2.568012 4 4 1156478 934700
2 2.569012 12 2 1146210 953474
2 2.570014 1146 49 1097955 1018927
2 2.571012 7 2 1164456 935025
2 2.572013 2 3 1142744 952416
2 2.573012 1139 62 1103773 1007010
2 2.574013 2 2 1161817 944346
2 2.575012 2 4 1152395 955205
2 2.576013 1138 38 1131993 1039236
2 2.577013 12 2 1201573 983016
2 2.578012 4 2 1203581 970672
2 2.579012 1138 78 1141755 1059119
2 2.580013 13 6 1203002 962706
2 2.581012 13 4 1218268 960056
2 2.582014 1162 70 1105029 1021895
2 2.583012 0 5 1161512 935642
2 2.584013 383 36 1130892 968067
2 2.585013 724 6 1132776 974325
2 2.586013 7 3 1157665 942797
2 2.587012 1125 60 1103878 1007716
2 2.588013 14 2 1147444 935740
2 2.589012 5 4 1165519 933758
2 2.590014 1332 62 1098798 1027900
2 2.591012 6 2 1162582 944099
2 2.592012 13 6 1194145 960583
2 2.593013 1424 68 1163828 1028785
2 2.594012 15 2 1202075 977300
2 2.595012 16 6 1190109 989702
2 2.596013 1191 53 1142965 1045489
2 2.597013 13 3 1205227 981453
2 2.598012 17 5 1196681 981978
2 2.599013 1545 41 1101214 1023572
2 2.600013 2 4 1145284 941558
2 2.601012 4 3 1160040 936582
2 2.602012 1315 62 1098179 1015497
2 2.603013 6 3 1158576 947782
2 2.604013 6 4 1143117 938028
2 2.605014 1207 59 1110055 1006205
2 2.606012 17 3 1149942 948907
2 2.607013 22 2 1155479 950688
2 2.608013 1252 71 1095877 1000339
2 2.609012 17 5 1162041 937317
2 2.610013 6 3 1155323 947518
2 2.611013 1203 101 963204 887144
2 2.612013 8 12 1143302 949615
2 2.613012 13 22 1146123 969662
2 2.614013 1783 80 1146529 1042575
2 2.615012 38 18 1195105 989099
2 2.616012 2 21 1189288 985953
2 2.617012 1265 65 1144821 1053522
2 2.618012 7 4 1215232 962883
2 2.619012 11 3 1195852 983934
2 2.620012 1160 79 1148467 1035469
2 2.621013 12 3 1137763 932059
2 2.622012 254 59 1102716 944774
2 2.623012 821 5 1114878 994111
2 2.624012 5 2 1145430 949626
2 2.625012 1088 60 1100932 1008579
2 2.626013 9 4 1161374 949483
2 2.627013 12 3 1153726 947312
2 2.628013 1179 52 1097589 1007357
2 2.629012 21 3 1149536 953479
2 2.630012 6 5 1143835 960774
2 2.631013 1108 48 1105603 1014895
2 2.632013 0 4 1142294 950975
2 2.633013 25 2 1155468 950533
2 2.634012 1077 62 1093421 1022134
2 2.635012 12 4 1157910 942345
2 2.636012 0 4 1146802 944287
2 2.637013 1172 36 1107277 1006666
2 2.638013 8 21 1160230 943653
2 2.639013 19 20 1159835 946819
2 2.640014 1148 67 1110477 995331
2 2.641013 6 2 1151167 948824
2 2.642012 4 2 1174102 936961
2 2.643012 1162 52 1139940 1045300
2 2.644013 3 6 1202685 964003
2 2.645013 11 3 1211328 968713
2 2.646013 1058 44 1155517 1035395
2 2.647013 11 3 1203216 977078
2 2.648012 6 4 1191082 959726
2 2.649012 1262 73 1055493 1002743
2 2.650013 20 4 1093584 940402
2 2.651012 9 6 1079298 932718
2 2.652012 1313 60 1029522 1002172
2 2.653012 19 6 1132728 953415
2 2.654012 11 3 1129202 956779
2 2.655012 1101 68 1079461 1019548
2 2.656013 10 4 1119107 957013
2 2.657012 9 2 1123719 958446
2 2.658014 1039 55 1076919 1027053
2 2.659012 7 2 1128680 954392
2 2.660012 2 2 1125536 949346
2 2.661012 982 89 1084263 1017060
2 2.662012 16 5 1133148 952674
2 2.663012 8 6 1125668 958324
2 2.664012 1000 46 1069814 1015380
2 2.665012 0 2 1115832 946605
2 2.666012 12 5 1123306 961515
2 2.667012 870 49 1075127 1023316
2 2.668012 9 6 1120879 954954
2 2.669012 21 5 1127487 955896
2 2.670012 979 59 1075920 1025351
2 2.671012 20 6 1124034 961122
2 2.672012 7 6 1118398 953629
2 2.673013 1001 56 1075948 1025713
2 2.674011 31 4 1121194 962193
2 2.675012 22 6 1128677 958011
2 2.676013 993 70 1071440 1018235
2 2.677013 13 5 1119368 965271
2 2.678012 16 5 1127134 957192
2 2.679012 957 64 1075514 1022908
2 2.680012 13 10 1114704 958219
2 2.681012 17 6 1139081 948649
2 2.682012 949 61 1083995 1018729
2 2.683013 30 7 1124295 965518
2 2.684012 13 6 1122172 950801
2 2.685012 1321 76 1079468 1019340
2 2.686012 26 4 1129377 959592
2 2.687012 16 3 1125000 966642
2 2.688013 1137 68 1066578 1023267
2 2.689012 11 6 1125143 960470
2 2.690012 18 8 1125416 962586
2 2.691011 986 59 1072265 1024304
2 2.692012 17 4 1121273 956320
2 2.693012 9 3 1129585 956272
2 2.694012 955 56 1075949 1021693
2 2.695012 4 5 1121337 965151
2 2.696012 14 6 1119596 954488
2 2.697012 1021 60 1082618 1016490
2 2.698012 22 5 1134792 953081
2 2.699012 14 6 1120795 966031
2 2.700012 1285 73 1071332 1011927
2 2.701012 16 5 1133205 957925
2 2.702013 15 3 1173974 980114
2 2.703011 1049 37 1125631 1043863
2 2.704012 15 8 1168630 988861
2 2.705012 4 5 1179341 982693
2 2.706012 1015 59 1050121 1004870
2 2.707012 22 5 1083576 947893
2 2.708013 17 6 1111201 954063
2 2.709012 988 71 1072922 1023133
2 2.710012 18 7 1123278 964887
2 2.711011 20 5 993307 838995
2 2.712012 11 6 1120865 960807
2 2.713013 1433 86 1075794 1026819
2 2.714019 8 5 1139078 965599
2 2.715012 8 3 1113539 951012
2 2.716013 1106 82 1079019 1009312
2 2.717012 11 6 1125495 957813
2 2.718012 39 6 1129225 959638
2 2.719012 1009 88 1072506 1028694
2 2.720013 6 3 1114486 961546
2 2.721012 22 4 1129126 958707
2 2.722012 993 79 1079100 1017207
2 2.723012 19 6 1127525 959277
2 2.724012 12 7 1122812 955441
2 2.725012 1046 65 1083120 1015850
2 2.726012 27 4 1121240 960408
2 2.727013 32 4 1130295 957535
2 2.728012 1006 54 1065680 1024800
2 2.729012 13 5 1124830 958821
2 2.730012 8 5 1120625 961562
2 2.731012 971 55 1087952 1013288
2 2.732012 7 8 1118442 946534
2 2.733011 14 5 1125719 957086
2 2.734012 953 56 1077597 1026349
2 2.735011 3 3 1131477 953682
2 2.736012 5 5 1113635 963172
2 2.737012 949 32 1078108 1014788
2 2.738012 8 5 1129654 958620
2 2.739011 12 5 1125791 958223
2 2.740012 984 40 1068136 1025348
2 2.741012 17 3 1127210 967025
2 2.742012 31 7 1125286 958519
2 2.743012 1029 65 1072691 1028561
2 2.744013 19 9 1117795 956511
2 2.745012 3 2 1124160 957892
2 2.746012 1065 75 1082283 1015575
2 2.747012 14 5 1127836 958117
2 2.748012 15 9 1123071 951695
2 2.749012 1091 80 1081926 1020060
2 2.750012 17 6 1128756 955395
2 2.751013 14 6 1140128 956644
2 2.752012 979 52 1120381 1031850
2 2.753012 20 5 1183841 977179
2 2.754011 17 4 1178481 983482
2 2.755012 872 60 1121804 1056754
2 2.756013 11 5 1176765 975664
2 2.757013 16 5 1108328 938945
2 2.758012 1047 90 1040218 1001141
2 2.759012 29 5 1048587 891509
2 2.760012 17 7 1121122 960213
2 2.761012 1240 54 1073785 1026480
2 2.762012 14 3 1127664 958642
2 2.763012 2 3 1134122 957728
2 2.764014 1189 86 1079012 1014280
2 2.765012 6 2 1132836 959116
2 2.766013 4 1 1175694 976854
2 2.767013 1046 52 1122284 1054851
2 2.768013 5 6 1164427 974007
2 2.769012 6 5 1102810 946756
2 2.770012 1080 63 1035497 1002704
2 2.771013 20 7 1127234 959663
2 2.772012 12 6 1117802 954942
2 2.773012 1019 64 1085359 1017643
2 2.774013 21 5 1133677 954592
2 2.775012 18 5 1127609 961895
2 2.776013 1195 56 1073764 1016269
2 2.777012 11 4 1124732 958454
2 2.778013 27 2 1126920 966667
2 2.779012 1202 88 1060538 1040272
2 2.780012 20 9 1115026 955968
2 2.781012 11 6 1132242 955984
2 2.782012 1048 61 1072125 1026386
2 2.783011 13 5 1131158 965813
2 2.784011 12 5 1163784 976048
2 2.785012 1110 71 1126376 1049322
2 2.786012 17 4 1101019 950139
2 2.787012 13 7 1086405 939710
2 2.788012 1000 70 1072559 1017805
2 2.789013 28 5 1129408 958410
2 2.790011 13 5 1128349 955675
2 2.791013 1045 34 1097708 1013023
2 2.792013 21 14 1164659 911241
2 2.793012 16 18 1220364 940051
2 2.794012 1759 57 1144602 1023368
2 2.795013 10 7 1219078 940727
2 2.796012 11 11 1210244 937222
2 2.797012 1175 57 1153391 1023879
2 2.798013 2 10 1215215 948840
2 2.799012 20 10 1221962 937668
2 2.800013 1284 88 1133068 1033105
2 2.801012 8 13 1142648 907873
2 2.802013 524 69 1093928 944458
2 2.803012 669 19 1139802 955280
2 2.804012 12 11 1192541 946452
2 2.805013 1107 65 1157882 1027005
2 2.806013 22 15 1219092 938731
2 2.807013 11 9 1212110 946685
2 2.808013 1162 33 1139334 1024735
2 2.809013 13 5 1212523 947138
2 2.810013 4 11 1208535 952059
2 2.811015 1151 68 1024500 934009
2 2.812013 25 14 1192816 940736
2 2.813012 4 15 1209534 950192
2 2.814013 1435 58 1157024 1022948
2 2.815012 0 6 1212652 949937
2 2.816012 3 14 1209519 942347
2 2.817013 1358 56 1158274 1021147
2 2.818013 11 8 1143908 914048
2 2.819012 7 8 1127823 903528
2 2.820013 1236 72 1101792 991160
2 2.821012 3 9 1160598 929403
2 2.822013 16 4 1166331 929852
2 2.823012 1098 72 1106767 998155
2 2.824013 18 14 1155909 923571
2 2.825012 1 10 1172333 913205
2 2.826013 1084 80 1105076 1004622
2 2.827012 14 28 1159664 931671
2 2.828012 12 13 1147987 917064
2 2.829012 1138 98 1111063 993901
2 2.830012 6 19 1170801 923039
2 2.831012 1137 60 1112259 993864
2 2.832013 4 8 1154843 921855
2 2.833012 8 9 1169267 917436
2 2.834012 1094 48 1110434 992867
2 2.835011 6 9 1164572 924225
2 2.836012 17 7 1204635 943974
2 2.837012 1181 82 1156992 1025365
2 2.838012 8 8 1214051 945564
2 2.839012 7 6 1217319 945778
2 2.840012 1007 52 1146037 1025126
2 2.841012 25 15 1215586 948292
2 2.842012 7 20 1224956 942541
2 2.843012 1028 72 1150060 1032437
2 2.844012 9 14 1211890 943180
2 2.845012 13 19 1213602 951610
2 2.846012 1038 37 1166741 1007179
2 2.847013 8 9 1215519 950289
2 2.848013 9 13 1138546 907129
2 2.849012 996 76 1062370 985954
2 2.850012 6 16 1167543 920910
2 2.851012 8 12 1164295 922694
2 2.852012 990 67 1100681 996031
2 2.853013 13 6 1162882 927776
2 2.854013 958 53 1114079 990178
2 2.855012 7 13 1156652 934249
2 2.856013 11 11 1152550 917393
2 2.857012 1116 68 1110282 988973
2 2.858012 14 8 1161667 924428
2 2.859014 14 12 1168434 925789
2 2.860013 1093 29 1099598 997486
2 2.861013 9 9 1164153 924726
2 2.862012 9 6 1172807 926655
2 2.863011 1085 61 1146195 1021997
2 2.864012 8 13 1211955 943367
2 2.865012 6 9 1214478 948495
2 2.866013 1069 73 1160926 1021740
2 2.867013 14 7 1138264 908776
2 2.868014 19 11 1119037 904342
2 2.869012 1484 61 1105475 998225
2 2.870013 14 13 1163518 927577
2 2.871012 8 19 1160917 928377
2 2.872013 1420 63 1100094 997751
2 2.873012 9 11 1163619 922839
2 2.874012 1 6 1169899 918047
2 2.875012 1222 70 1112787 998272
2 2.876011 16 16 1198476 943092
2 2.877012 4 8 1224880 945176
2 2.878012 1067 63 1154591 1026792
2 2.879012 11 10 1215983 952818
2 2.880011 5 14 1207537 941681
2 2.881012 1070 51 1164769 1018335
2 2.882012 10 11 1225042 941457
2 2.883012 1018 64 1155164 1026057
2 2.884013 14 13 1209379 946339
2 2.885012 4 9 1218793 938967
2 2.886012 1053 45 1157006 1025174
2 2.887012 19 20 1211329 954011
2 2.888013 8 9 1206261 935209
2 2.889014 1055 71 1088469 987510
2 2.890012 4 12 1123843 905263
2 2.891012 9 13 1167481 925400
2 2.892014 1039 55 1096404 1000581
2 2.893012 5 4 1157550 926383
2 2.894013 11 9 1165439 924864
2 2.895013 1018 53 1103448 999906
2 2.896012 4 20 1157877 919589
2 2.897011 0 5 1164998 922734
2 2.898013 1323 75 1111987 998668
2 2.899013 17 11 1161561 923331
2 2.900013 22 16 1161614 925766
2 2.901013 1458 55 1144698 1028102
2 2.902011 11 7 1214374 947440
2 2.903013 18 7 1223291 948788
2 2.904109 1253 62 1234494 1075129
2 2.905014 18 11 1086485 845566
2 2.906012 0 10 1145411 904418
2 2.907013 1720 86 1061493 991684
2 2.908012 15 24 1152255 919370
2 2.909011 435 35 1152565 936985
2 2.910013 968 20 1134685 974337
2 2.911012 16 12 1191370 932888
2 2.913807 1903 58 3113712 2599140
2 2.914016 2 11 226078 165376
2 2.915015 9397 41 1119339 1076742
2 2.916013 29 22 1133906 914215
2 2.919930 8118 70 4359240 3703141
2 2.920016 10 6 63027 49304
2 2.921016 6948 44 1100427 1022083
2 2.922014 2747 17 1128018 931320
2 2.923013 11 13 1146649 926172
2 2.924013 4112 51 1083364 993706
2 2.925013 16 15 1162915 926974
2 2.926013 9 10 1166992 918279
2 2.927014 2383 66 1112497 996191
2 2.928012 17 7 1141884 918369
2 2.929025 16 11 1199898 940666
2 2.930025 1541 71 1102865 991114
2 2.931272 58 10 1262207 987225
2 2.932013 33 14 760470 601482
2 2.933014 696 35 1155965 935055
2 2.934014 4841 19 1098987 993469
2 2.935013 4 9 1158880 919425
2 2.936013 2535 32 1104983 981065
2 2.937013 238 19 1167721 918219
2 2.938012 17 23 1204318 930499
2 2.939012 1629 62 1151675 1019797
2 2.940025 22 15 1219247 934603
2 2.941012 17 13 1139930 925087
2 2.942012 1272 33 1076732 1024637
2 2.943012 13 14 1128503 955000
2 2.944012 8 20 1165981 946189
2 2.945025 1171 59 1137502 1043733
2 2.946011 4 14 1115754 947441
2 2.947011 13 8 1136893 950891
2 2.948013 1380 28 1015611 974504
2 2.949012 12 21 1141988 947312
2 2.950013 10 13 1139636 951970
2 2.951012 1231 53 1079880 1025730
2 2.952013 12 11 1148423 939259
2 2.953012 15 14 1197039 966091
2 2.954012 1309 42 1109177 1084306
2 2.955012 19 16 1191335 974093
2 2.956012 22 14 1182809 971358
2 2.957012 1402 35 1080420 1030926
2 2.958012 5 12 1101001 1015119
2 2.959011 7 1 1135353 1003753
2 2.960013 2207 51 1081874 1094121
2 2.961012 14 16 1094490 1003804
2 2.962012 56 16 812438 748577
2 2.963014 2212 43 1069119 1061424
2 2.964012 889 14 1071815 988114
2 2.965012 21 13 1132179 1038060
2 2.966011 8 16 1139519 1029860
2 2.967012 2606 56 1080904 1111220
2 2.968012 46 16 1126736 1028086
2 2.969012 15 11 1096048 1003644
2 2.970013 1601 83 1036958 1070806
2 2.971011 10 15 1094081 1012437
2 2.972013 11 6 1136528 1026539
2 2.973012 1348 86 1092120 1091642
2 2.974013 12 9 1095830 1007406
2 2.975011 8 12 1082031 1002142
2 2.976012 1186 65 1033409 1065594
2 2.977012 5 12 1085393 1008880
2 2.978013 7 11 1105166 1014084
2 2.979012 1207 61 1086259 1101197
2 2.980012 11 16 1109175 1015913
2 2.981013 4 12 1141539 1028586
2 2.982012 1240 47 1043688 1072838
2 2.983012 3 6 1083988 1007953
2 2.984012 5 16 1072019 997659
2 2.985012 1232 70 1036878 1067329
2 2.986014 20 14 1091146 1006863
2 2.987012 5 13 1083281 1007463
2 2.988012 1141 48 1029212 1068572
2 2.989011 12 11 1086849 1002813
2 2.990012 8 5 1080673 1016337
2 2.991013 1079 86 1036299 1071203
2 2.992012 2 15 1070879 1010383
2 2.993011 6 12 1088327 1003723
2 2.994012 1052 79 1040820 1068933
2 2.995012 3 16 1077794 1012777
2 2.996012 5 13 1078378 1005959
2 2.997125 384 60 1197544 1141307
2 2.998012 687 9 934815 923119
2 2.999011 2 19 1083658 1007280
2 3.000012 6 15 1075475 1008379
2 3.001011 1504 42 1039876 1067053
2 3.002012 19 20 1084325 1011842
2 3.003011 7 18 1088811 1004646
2 3.004012 1170 43 1027485 1069852
2 3.005012 4 17 1091098 1007193
2 3.006013 13 12 1089924 1007657
2 3.007012 1016 40 1032122 1075142
2 3.008012 24 18 1074327 992651
2 3.009011 2 2 1082485 1007310
2 3.010012 990 37 1035388 1074217
2 3.011012 12 10 1086035 1006594
2 3.012012 27 18 934370 872225
2 3.013012 1497 69 1033336 1070011
2 3.014012 35 12 1084937 1010540
2 3.015012 9 13 1081201 1010390
2 3.016012 9 16 1071940 1009982
2 3.017012 1312 51 1035864 1075565
2 3.018013 3 12 1090337 1005171
2 3.019012 14 11 1086309 1005111
2 3.020012 1153 35 1030262 1065399
2 3.021013 10 15 1095753 1001737
2 3.022012 9 9 1083061 1007108
2 3.023011 1099 54 1037317 1068965
2 3.024011 23 17 1080268 1002335
2 3.025013 13 6 1083808 1013672
2 3.026012 1160 73 1037289 1071397
2 3.027011 4 13 1081016 1008940
2 3.028012 14 15 1081815 1007546
2 3.029012 1325 69 1035483 1075325
2 3.030012 4 13 1083963 1012193
2 3.031011 6 17 1080517 1007097
2 3.032012 1221 85 999488 1033449
2 3.033012 7 22 1083739 1011738
2 3.034011 13 13 1086124 1009989
2 3.035011 213 71 1076408 1023389
2 3.036013 986 10 1009374 1009258
2 3.037013 13 12 1094924 996995
2 3.038012 22 17 1078893 1008223
2 3.039011 1312 57 1031905 1077270
2 3.040012 11 11 1078763 1006074
2 3.041012 10 9 1082392 1015247
2 3.042012 1067 103 1031357 1073092
2 3.043012 18 18 1092396 1006425
2 3.044013 3 15 1119261 1025790
2 3.045012 1078 55 1087818 1093051
2 3.046014 4 13 1067528 995726
2 3.047012 0 12 1052035 982467
2 3.048012 1060 73 1037257 1059078
2 3.049012 6 12 1086697 1009813
2 3.050012 4 8 1085738 1005773
2 3.051012 1049 45 1034598 1074438
2 3.052012 10 13 1079417 1007468
2 3.053012 16 8 1077342 1018895
2 3.054013 1418 66 1036605 1072868
2 3.055012 10 16 1083030 1011718
2 3.056012 14 15 1079187 1002737
2 3.057012 5 16 1086278 1005927
2 3.058012 1323 18 1041494 1062569
2 3.059012 15 9 1081786 1009605
2 3.060012 37 19 1069606 1008691
2 3.061012 1149 112 1035914 1069553
2 3.062012 5 10 1089293 1003359
2 3.063011 9 8 1089641 1002183
