4 0.001026 5627 14 426 1865596
4 0.002016 7470 3 531 2543688
4 0.003013 7386 2 497 2597151
4 0.004012 7615 2 500 2684461
4 0.005011 7571 2 447 2670787
4 0.006012 7655 2 430 2683737
4 0.007013 7522 2 532 2690650
4 0.008012 7668 3 548 2684967
4 0.009011 7265 4 462 2620589
4 0.010012 7618 4 477 2693155
4 0.011012 7578 2 510 2689351
4 0.012011 7610 5 479 2687072
4 0.013010 7412 7 487 2625773
4 0.014012 7692 2 559 2700514
4 0.015011 7564 4 508 2688097
4 0.016011 7624 3 490 2689848
4 0.017011 7582 3 560 2635706
4 0.018012 7484 4 569 2690786
4 0.019012 7687 4 477 2685193
4 0.020012 7600 5 538 2693709
4 0.021010 7661 3 490 2667873
4 0.022012 7611 4 523 2689726
4 0.023012 7595 2 417 2694398
4 0.024012 7631 2 465 2688985
4 0.025010 7558 4 444 2658278
4 0.026012 7552 4 548 2696691
4 0.027011 7654 5 489 2687125
4 0.028012 7640 4 454 2688704
4 0.029011 7557 3 496 2682860
4 0.030012 7598 6 496 2696518
4 0.031012 7617 2 447 2685938
4 0.032011 7510 4 526 2691521
4 0.033010 7592 5 538 2671865
4 0.034012 7650 5 517 2691200
4 0.035012 7600 3 485 2690300
4 0.036011 7646 3 430 2691268
4 0.037010 7566 3 499 2671971
4 0.038013 7674 3 507 2701914
4 0.039012 7628 4 533 2687076
4 0.040011 7607 3 484 2691283
4 0.041054 7960 2 568 2791897
4 0.042012 7176 5 483 2575492
4 0.043013 7583 5 559 2691164
4 0.044012 7750 2 528 2688746
4 0.045011 7541 5 487 2668045
4 0.046012 7580 3 499 2695973
4 0.047012 7656 2 421 2688598
4 0.048012 7636 5 409 2691339
4 0.049011 7465 3 545 2670847
4 0.050012 7677 5 520 2696572
4 0.051012 7570 3 525 2689069
4 0.052012 7629 4 486 2690483
4 0.053011 7548 4 466 2661022
4 0.054012 7631 5 474 2691557
4 0.055012 7604 3 476 2689335
4 0.056012 7590 3 503 2690142
4 0.057010 7628 2 442 2669204
4 0.058012 7641 4 511 2692967
4 0.059012 7548 4 451 2693982
4 0.060012 7650 3 521 2689425
4 0.061010 7583 4 428 2666285
4 0.062013 7649 2 564 2696945
4 0.063011 7623 5 443 2685350
4 0.064011 7504 3 476 2687576
4 0.065011 7546 3 464 2668530
4 0.066012 7609 4 478 2692513
4 0.067012 7548 3 512 2650085
4 0.068012 7543 3 481 2590517
4 0.069011 7471 5 483 2570663
4 0.070012 7524 4 538 2573815
4 0.071011 7624 4 488 2687525
4 0.072011 7550 2 431 2695597
4 0.073011 7152 2 456 2677839
4 0.074012 7118 3 420 2690898
4 0.075013 7110 4 388 2692745
4 0.076012 7253 5 460 2683630
4 0.077011 7506 3 503 2677368
4 0.078013 7383 4 449 2655606
4 0.079012 7570 4 451 2593562
4 0.080012 7669 5 412 2589177
4 0.081011 7568 4 424 2575238
4 0.082012 7574 2 454 2597138
4 0.083012 7487 4 496 2591844
4 0.084012 7549 3 456 2588219
4 0.085011 7518 3 504 2579217
4 0.086012 7549 4 391 2597359
4 0.087012 7562 5 442 2593512
4 0.088013 7513 5 461 2590982
4 0.089010 7468 5 403 2570707
4 0.090012 7512 5 460 2596088
4 0.091012 7556 4 397 2590567
4 0.092013 7510 4 370 2588389
4 0.093011 7295 3 457 2569734
4 0.094012 7576 4 507 2598322
4 0.095012 7561 3 514 2590625
4 0.096013 7600 5 454 2596384
4 0.097011 7425 4 432 2574819
4 0.098012 7625 4 430 2590262
4 0.099012 7554 4 515 2597478
4 0.100012 7496 3 412 2590001
4 0.101013 7201 4 514 2578010
4 0.102012 7468 4 547 2584049
4 0.103012 7434 4 431 2589546
4 0.104012 7606 4 407 2593723
4 0.105011 7530 5 415 2572281
4 0.106013 7652 2 400 2596225
4 0.107011 7567 5 484 2586863
4 0.108012 7517 5 444 2590612
4 0.109011 7307 4 434 2571666
4 0.110012 7435 4 460 2601113
4 0.111012 7529 5 422 2587628
4 0.112012 7608 4 443 2595146
4 0.113010 7379 5 439 2552434
4 0.114012 7698 4 459 2600475
4 0.115012 7546 5 391 2584872
4 0.116011 7464 6 432 2588592
4 0.117011 7551 5 462 2569899
4 0.118011 7541 5 412 2595421
4 0.119012 7459 4 425 2593258
4 0.120011 7440 4 459 2590582
4 0.121019 7458 4 428 2601156
4 0.122012 7425 5 460 2573397
4 0.123012 7471 7 455 2588234
4 0.124012 7427 4 415 2587752
4 0.125011 7512 5 505 2575235
4 0.126013 7295 3 422 2592018
4 0.127013 7479 4 427 2594847
4 0.128012 7525 4 366 2589077
4 0.129011 7504 4 479 2571787
4 0.130012 7550 4 459 2592590
4 0.131012 7560 3 383 2591144
4 0.132012 7438 5 508 2586305
4 0.133011 7462 4 471 2575380
4 0.134012 7464 3 442 2593542
4 0.135012 7559 4 420 2589123
4 0.136011 7505 3 413 2587322
4 0.137011 7445 5 432 2575131
4 0.138012 7591 7 453 2596974
4 0.139012 7489 5 453 2590829
4 0.140012 7422 4 450 2586299
4 0.141010 7452 2 485 2568994
4 0.142013 7529 3 421 2597927
4 0.143012 7537 3 511 2589752
4 0.144011 7458 5 423 2583878
4 0.145011 7438 3 404 2574102
4 0.146012 7564 4 510 2594712
4 0.147332 9527 5 573 3446277
4 0.148013 5049 5 350 1733346
4 0.149011 7408 5 477 2555895
4 0.150012 7586 3 449 2596288
4 0.151013 7555 4 430 2590480
4 0.152013 7370 4 446 2590014
4 0.153010 7142 4 410 2469573
4 0.154014 3742 0 248 1293555
4 0.155012 7538 5 421 2585792
4 0.156012 7522 3 432 2591663
4 0.157011 7574 4 452 2573616
4 0.158013 7548 3 425 2593410
4 0.159012 7398 4 471 2586116
4 0.160012 7560 3 469 2589842
4 0.161011 7607 3 376 2568008
4 0.162013 7497 4 520 2598305
4 0.163011 7495 3 391 2590154
4 0.164012 7407 4 427 2589348
4 0.165010 7532 4 457 2569387
4 0.166012 7518 5 431 2601994
4 0.167012 7498 4 418 2594760
4 0.168012 7465 6 481 2590023
4 0.169012 7516 4 401 2580903
4 0.170013 7564 5 431 2592164
4 0.171012 7477 4 398 2588220
4 0.172012 7503 5 398 2591313
4 0.173011 7517 5 403 2561196
4 0.174013 7521 4 442 2591003
4 0.175012 7561 2 411 2589524
4 0.176012 7326 5 464 2594279
4 0.177011 7516 4 452 2575322
4 0.178012 7639 4 402 2594152
4 0.179012 7500 2 457 2593723
4 0.180012 7548 4 416 2587822
4 0.181011 7520 4 453 2572272
4 0.182012 7514 3 466 2591844
4 0.183013 7655 4 456 2592945
4 0.184012 7514 5 509 2589604
4 0.185011 7513 4 424 2574831
4 0.186012 7555 2 465 2595548
4 0.187012 7469 4 467 2592054
4 0.188013 7470 4 437 2592240
4 0.189011 7444 3 380 2564290
4 0.190012 7603 3 442 2595233
4 0.191012 7469 5 422 2589672
4 0.192012 7657 2 458 2592918
4 0.193011 7255 5 407 2567516
4 0.194012 7611 2 406 2595936
4 0.195012 7532 6 448 2589329
4 0.196012 7538 5 463 2589805
4 0.197010 7433 4 379 2562897
4 0.198013 7589 5 510 2596485
4 0.199011 7503 5 465 2589551
4 0.200012 7488 4 412 2588596
4 0.201012 7367 4 454 2585593
4 0.202013 7543 4 442 2582864
4 0.203012 7508 4 385 2587995
4 0.204012 7609 5 464 2597059
4 0.205011 7473 4 419 2571320
4 0.206012 7539 6 518 2595598
4 0.207015 7432 2 458 2599969
4 0.208013 7458 4 450 2581519
4 0.209065 7082 7 380 2473121
4 0.210013 7072 3 435 2437290
4 0.211012 7526 3 417 2585173
4 0.212011 7479 4 462 2592418
4 0.213011 7479 4 384 2570228
4 0.214013 7505 3 444 2600050
4 0.215011 7482 5 419 2588846
4 0.216012 7557 5 458 2589938
4 0.217011 7544 4 460 2571113
4 0.218013 7414 3 477 2597649
4 0.219012 7459 3 430 2593672
4 0.220011 7603 3 404 2587302
4 0.221015 7484 4 466 2583296
4 0.222011 7436 3 447 2583499
4 0.223011 7491 4 475 2592888
4 0.224015 6897 3 393 2599311
4 0.225011 6815 4 338 2558311
4 0.226013 6743 6 375 2598127
4 0.227014 6974 4 477 2589411
4 0.228012 6926 5 389 2573610
4 0.229011 6898 4 360 2570508
4 0.230014 7101 4 332 2592706
4 0.231013 6810 5 404 2579982
4 0.232013 6925 4 391 2584400
4 0.233011 6799 6 405 2544694
4 0.234012 7020 4 409 2587047
4 0.235014 6967 4 361 2586223
4 0.236013 7043 3 334 2588296
4 0.237011 6980 4 477 2560467
4 0.238013 6900 5 393 2594506
4 0.239013 6930 4 373 2584236
4 0.240013 6951 4 390 2586497
4 0.241012 7005 4 404 2562897
4 0.242012 6996 4 365 2592481
4 0.243013 7108 4 441 2581982
4 0.244013 6891 4 412 2591090
4 0.245012 6833 5 404 2564456
4 0.246013 6958 5 411 2589663
4 0.247012 6833 3 360 2558794
4 0.248012 7016 5 414 2689070
4 0.249011 6865 5 422 2660934
4 0.250013 6923 3 389 2688875
4 0.251012 6897 5 343 2683417
4 0.252013 6841 4 355 2647752
4 0.253011 6714 3 374 2543199
4 0.254013 6793 6 412 2655428
4 0.255013 7009 4 370 2688501
4 0.256013 6874 4 414 2637679
4 0.257011 6628 4 392 2449545
4 0.258013 7075 3 373 2691163
4 0.259013 6825 6 444 2638608
4 0.260013 6868 4 353 2564083
4 0.261011 6915 5 445 2667986
4 0.262014 6930 4 396 2691669
4 0.263012 7028 3 373 2684905
4 0.264013 6939 5 356 2682160
4 0.265011 6952 6 337 2665179
4 0.266013 7179 2 419 2688065
4 0.267013 7085 3 416 2647436
4 0.268012 6882 3 353 2558456
4 0.269011 6856 5 370 2669749
4 0.270012 6890 3 404 2689312
4 0.271013 7030 4 393 2687873
4 0.272013 6994 5 378 2637412
4 0.273012 6753 5 406 2530209
4 0.274013 7003 4 343 2691601
4 0.275013 6984 5 393 2688928
4 0.276012 6877 4 464 2679731
4 0.277011 6978 4 398 2662041
4 0.278012 6940 3 406 2693836
4 0.279013 7025 3 372 2679985
4 0.280013 6921 5 399 2641360
4 0.281011 6777 3 357 2542573
4 0.282013 7035 4 396 2693090
4 0.283013 6921 4 382 2686972
4 0.284013 6905 5 354 2686677
4 0.285012 6915 5 360 2658691
4 0.286013 6961 4 397 2648294
4 0.287013 6879 6 378 2574313
4 0.288013 6995 5 343 2684050
4 0.289011 6988 5 371 2667530
4 0.290012 7060 4 423 2692121
4 0.291013 7024 7 360 2688237
4 0.292013 6979 3 339 2643391
4 0.293012 6753 4 396 2556430
4 0.294014 7043 3 399 2594538
4 0.295013 6967 3 383 2581568
4 0.296013 6805 4 387 2564634
4 0.297011 6887 3 380 2624349
4 0.298013 6959 6 381 2568464
4 0.299013 6880 3 365 2647853
4 0.300013 6906 4 420 2587299
4 0.301014 6773 5 424 2574124
4 0.302013 6795 3 354 2563195
4 0.303013 6906 5 350 2685761
4 0.304013 6905 5 465 2638350
4 0.305012 6841 3 402 2548065
4 0.306013 6967 5 398 2687769
4 0.307013 6896 3 398 2644228
4 0.308012 6934 3 357 2578847
4 0.309012 6877 4 435 2550761
4 0.310011 6886 4 346 2687672
4 0.311013 6958 5 363 2694282
4 0.312012 6949 4 371 2683998
4 0.313012 6485 5 406 2524647
4 0.314013 7064 4 395 2595663
4 0.315012 6980 5 454 2580675
4 0.316013 6774 4 434 2565662
4 0.317012 6649 4 373 2573292
4 0.318013 6890 3 445 2573672
4 0.319013 6922 4 430 2688519
4 0.320013 6954 4 348 2689505
4 0.321012 6946 3 367 2661456
4 0.322012 6946 4 329 2691045
4 0.323013 6994 3 423 2643110
4 0.324013 7113 2 365 2582610
4 0.325011 6795 3 415 2541993
4 0.326013 6811 7 402 2692043
4 0.327013 7029 5 411 2688522
4 0.328013 6956 4 327 2681563
4 0.329012 6922 3 438 2622731
4 0.330013 6982 5 363 2596605
4 0.331012 6809 4 357 2564466
4 0.332012 6861 5 384 2684095
4 0.333012 6977 4 399 2667865
4 0.334013 7078 3 414 2683889
4 0.335012 6962 4 399 2680198
4 0.336013 6916 7 355 2646656
4 0.337011 6770 6 404 2543690
4 0.338014 6915 5 404 2649603
4 0.339012 6903 4 344 2561665
4 0.340012 6990 4 437 2689234
4 0.341011 6926 2 336 2665107
4 0.342013 6938 4 363 2695728
4 0.343012 7013 3 418 2604355
4 0.344013 7169 4 415 2585992
4 0.345011 6584 6 340 2453763
4 0.346013 7022 5 350 2693487
4 0.347012 6955 4 368 2683970
4 0.348012 6951 5 396 2692213
4 0.349011 6784 2 419 2669596
4 0.350013 6937 4 343 2652954
4 0.351012 6876 3 377 2584243
4 0.352012 6829 3 353 2558972
4 0.353012 6855 6 391 2656242
4 0.354013 6813 3 485 2651579
4 0.355014 6963 4 414 2587248
4 0.356013 6885 5 425 2561747
4 0.357012 6951 4 374 2665570
4 0.358013 6886 4 397 2651337
4 0.359013 6670 2 368 2566845
4 0.360012 6962 4 438 2689056
4 0.361012 6869 4 387 2664969
4 0.362013 6870 5 335 2689406
4 0.363013 6917 7 367 2684865
4 0.364013 6893 4 449 2648393
4 0.365011 6942 2 400 2567034
4 0.366012 6810 4 372 2564936
4 0.367013 6863 4 390 2691016
4 0.368012 6886 4 488 2635821
4 0.369012 6856 6 353 2565308
4 0.370013 6867 3 389 2575664
4 0.371012 6996 5 359 2684904
4 0.372013 6990 5 400 2688449
4 0.373012 6774 6 415 2622701
4 0.374012 7006 5 388 2590594
4 0.375014 6866 2 307 2591668
4 0.376013 6829 4 377 2568343
4 0.377012 6950 5 396 2660939
4 0.378013 6876 5 411 2643994
4 0.379014 7015 4 373 2587407
4 0.380013 6943 2 388 2590558
4 0.381011 6921 5 377 2558948
4 0.382012 6841 4 444 2567830
4 0.383012 6994 5 347 2683106
4 0.384013 6988 3 456 2689915
4 0.385012 7029 6 387 2662128
4 0.386013 6986 4 360 2637747
4 0.387013 6974 5 353 2558259
4 0.388012 6877 4 363 2645277
4 0.389012 6852 4 393 2545208
4 0.390013 6981 3 387 2689958
4 0.391013 6883 4 364 2644972
4 0.392026 7064 4 431 2619613
4 0.393011 6729 3 371 2501337
4 0.394013 7006 5 427 2697655
4 0.395013 6908 6 380 2638866
4 0.396013 7005 3 395 2588575
4 0.397011 7021 4 472 2536898
4 0.398012 7200 4 556 2689903
4 0.399012 7206 3 442 2690841
4 0.400012 7142 4 495 2683632
4 0.401012 6921 2 525 2633744
4 0.402013 7233 3 435 2586732
4 0.403012 7147 2 428 2588775
4 0.404012 7074 3 473 2565199
4 0.405011 7206 4 533 2667243
4 0.406012 7145 5 549 2653479
4 0.407013 7056 3 440 2593076
4 0.408013 7238 3 451 2584160
4 0.409011 7012 4 495 2572342
4 0.410012 7195 3 507 2591179
4 0.411013 7187 4 523 2589814
4 0.412013 7245 4 537 2586614
4 0.413012 7118 6 434 2547453
4 0.414013 7254 4 557 2589138
4 0.415012 7198 5 441 2579537
4 0.416012 7308 5 499 2591709
4 0.417011 7159 4 553 2568321
4 0.418011 7208 4 525 2586893
4 0.419013 7174 5 470 2592209
4 0.420013 7234 3 537 2586172
4 0.421011 7153 2 505 2569330
4 0.422012 7154 4 574 2594287
4 0.423013 7086 6 515 2591923
4 0.424012 7170 5 518 2587641
4 0.425011 7164 4 533 2570102
4 0.426012 7031 5 520 2593394
4 0.427013 7114 3 543 2583851
4 0.428012 7207 3 501 2591569
4 0.429012 7137 3 586 2572676
4 0.430012 7181 5 508 2589287
4 0.431012 7215 3 445 2586791
4 0.432012 7134 2 434 2589909
4 0.433012 7157 4 449 2568177
4 0.434013 7271 3 459 2595982
4 0.435013 7090 4 553 2590717
4 0.436013 7128 3 538 2593679
4 0.437011 7216 3 462 2566386
4 0.438013 7087 2 547 2592363
4 0.439013 7196 4 486 2586083
4 0.440012 7159 5 509 2587188
4 0.441011 7138 5 551 2569017
4 0.442013 7034 4 485 2590605
4 0.443012 7271 3 511 2575911
4 0.444012 7212 5 434 2592193
4 0.445011 7125 4 467 2571324
4 0.446012 7249 2 509 2595680
4 0.447013 7170 5 475 2586786
4 0.448012 7154 4 495 2586687
4 0.449011 7140 3 461 2569564
4 0.450013 7182 6 500 2594782
4 0.451013 7245 5 486 2589536
4 0.452012 7156 3 509 2584729
4 0.453011 7141 5 490 2568421
4 0.454012 7135 3 541 2593954
4 0.455013 7198 6 503 2592383
4 0.456012 7166 2 478 2581552
4 0.457011 7103 3 504 2564593
4 0.458012 7121 2 503 2598507
4 0.459012 7054 6 492 2582582
4 0.460012 7180 4 498 2588213
4 0.461011 7026 4 516 2566667
4 0.462012 7115 6 477 2590781
4 0.463013 7093 3 595 2591269
4 0.464013 7208 3 485 2586903
4 0.465011 7220 4 493 2563624
4 0.466012 7288 5 490 2594325
4 0.467012 7058 3 482 2586899
4 0.468012 7034 5 483 2587575
4 0.469012 7173 3 483 2564309
4 0.470012 7177 3 519 2590392
4 0.471013 7272 4 456 2590513
4 0.472014 7212 3 422 2586223
4 0.473011 7088 6 462 2545816
4 0.474012 7223 6 517 2588780
4 0.475012 7212 3 557 2589358
4 0.476012 6981 5 471 2580536
4 0.477011 7171 5 502 2577377
4 0.478012 7231 5 596 2585505
4 0.479012 7193 3 494 2587001
4 0.480013 7194 5 518 2584950
4 0.481012 7113 4 527 2571485
4 0.482014 7170 4 466 2595647
4 0.483013 7182 5 508 2582441
4 0.485924 20123 4 2161 7646014
4 0.486016 436 3 68 134683
4 0.487015 7223 2 623 2582196
4 0.488013 7204 5 519 2579548
4 0.489013 7172 4 533 2563287
4 0.490013 7175 4 489 2586564
4 0.491012 7110 3 420 2582391
4 0.492012 7007 2 453 2585600
4 0.493011 7126 3 540 2559407
4 0.494013 7214 4 455 2597410
4 0.498097 28318 7 2898 10782790
4 0.499021 6503 4 600 2338467
4 0.500014 7148 2 606 2542025
4 0.501013 7132 3 528 2553183
4 0.502013 7143 2 518 2588405
4 0.503012 7147 4 478 2579608
4 0.504012 7108 3 464 2586104
4 0.505012 7002 3 504 2566904
4 0.506013 7159 4 509 2586380
4 0.507013 7150 3 433 2584373
4 0.508013 7226 6 491 2579037
4 0.509320 9053 6 687 3411351
4 0.510015 4642 4 467 1525030
4 0.511015 6963 4 549 2585294
4 0.512013 7020 2 517 2551430
4 0.513012 6957 4 528 2555085
4 0.514012 7055 4 469 2587961
4 0.515013 6925 2 455 2583587
4 0.516013 6937 4 450 2585833
4 0.517011 6860 3 554 2555311
4 0.518012 6976 2 455 2592509
4 0.519012 7014 4 501 2587891
4 0.520012 7051 5 584 2582406
4 0.521012 6813 7 462 2538244
4 0.522012 7072 4 542 2587634
4 0.523012 6953 3 448 2542222
4 0.524012 7086 3 444 2588964
4 0.525011 6771 6 484 2480152
4 0.526012 7023 2 456 2592397
4 0.527012 6964 4 481 2588679
4 0.528013 7026 3 495 2589120
4 0.529011 6934 4 493 2556521
4 0.530012 7124 4 586 2590459
4 0.531013 6919 4 487 2541558
4 0.532013 7031 3 466 2584032
4 0.533011 7044 5 509 2493077
4 0.534012 7362 2 421 2594385
4 0.535012 7316 4 432 2585035
4 0.536012 7290 6 384 2587824
4 0.537011 7201 5 474 2557717
4 0.538013 7331 5 471 2595894
4 0.539013 7344 3 449 2584982
4 0.540013 7352 3 485 2588391
4 0.541011 7230 2 414 2564628
4 0.542013 7297 2 463 2596973
4 0.543013 7488 4 473 2587985
4 0.544012 7713 3 505 2586168
4 0.545011 7472 2 399 2566536
4 0.546012 7569 3 485 2593769
4 0.547012 7628 4 495 2588722
4 0.548012 7587 4 438 2594447
4 0.549011 7425 3 546 2576380
4 0.550012 7577 2 450 2590589
4 0.551012 7411 6 469 2589065
4 0.552012 7533 3 461 2584529
4 0.553011 7478 6 431 2572012
4 0.554012 7467 5 487 2592031
4 0.555012 7404 2 462 2565167
4 0.556012 7456 3 464 2684910
4 0.557011 7513 4 471 2663703
4 0.558012 7477 4 507 2690281
4 0.559012 7451 5 454 2691686
4 0.560011 7500 3 455 2682975
4 0.561011 7393 3 473 2627345
4 0.562013 7521 3 506 2578990
4 0.563012 7669 3 461 2684002
4 0.564012 7537 2 551 2645020
4 0.565011 7556 3 416 2574749
4 0.566013 7611 2 441 2596419
4 0.567012 7618 3 494 2564844
4 0.568012 7598 4 532 2691063
4 0.569011 7560 5 442 2667554
4 0.570011 7726 2 576 2689497
4 0.571012 7629 2 460 2693251
4 0.572012 7467 5 455 2645489
4 0.573011 7521 5 472 2570322
4 0.574012 7607 3 479 2596209
4 0.575012 7590 4 546 2592263
4 0.576011 7513 4 496 2591193
4 0.577010 7587 5 475 2569830
4 0.578012 7707 4 559 2597478
4 0.579011 7586 4 481 2589618
4 0.580012 7604 3 469 2595991
4 0.581010 7526 4 545 2559406
4 0.582012 7635 3 472 2597152
4 0.583012 7588 3 501 2594434
4 0.584012 7676 3 466 2588618
4 0.585011 7556 3 536 2573298
4 0.586013 7692 2 520 2595200
4 0.587012 7626 4 453 2585848
4 0.588011 7674 2 500 2589194
4 0.589010 7588 2 489 2571326
4 0.590012 7499 4 530 2595124
4 0.591012 7741 4 487 2593280
4 0.592011 7418 4 447 2591174
4 0.593011 7478 3 465 2562869
4 0.594012 7653 5 492 2596970
4 0.595012 7576 4 543 2591489
4 0.596013 7639 4 473 2596500
4 0.597011 7580 4 482 2568486
4 0.598012 7669 5 527 2596882
4 0.599011 7580 4 438 2591527
4 0.600011 7601 5 428 2588516
4 0.601012 7297 3 453 2475128
4 0.602012 7258 0 431 2455728
4 0.603012 7550 5 503 2591193
4 0.604012 7580 3 500 2587073
4 0.605012 7460 6 547 2581669
4 0.606012 7530 4 439 2586313
4 0.607013 7526 4 514 2585928
4 0.608012 7682 4 508 2585158
4 0.609011 7504 4 518 2572754
4 0.610012 7660 4 473 2597134
4 0.611012 7609 5 518 2588265
4 0.612013 7535 2 456 2589916
4 0.613011 7530 4 516 2567463
4 0.614012 7646 4 533 2595479
4 0.615012 7654 5 464 2591015
4 0.616011 7610 4 493 2591853
4 0.617012 7587 5 487 2575321
4 0.618013 7556 7 391 2595437
4 0.619013 7545 5 463 2588725
4 0.620013 7582 5 496 2592585
4 0.621010 7594 4 491 2565670
4 0.622012 7611 3 485 2601803
4 0.623012 7593 4 442 2589453
4 0.624012 7611 2 503 2592188
4 0.625011 7606 4 430 2575445
4 0.626012 7503 3 494 2592345
4 0.627012 7572 3 485 2595957
4 0.628012 7587 4 472 2585543
4 0.629011 7576 4 484 2573160
4 0.630011 7640 4 564 2597371
4 0.631012 7611 3 538 2584740
4 0.632013 7578 4 486 2602533
4 0.633011 7630 4 514 2570716
4 0.634011 7576 2 470 2596282
4 0.635012 7653 3 535 2589226
4 0.636012 7659 4 498 2594238
4 0.637010 7520 2 513 2572081
4 0.638011 7637 5 458 2595442
4 0.639012 7522 3 469 2598239
4 0.640011 7602 4 470 2586772
4 0.641010 7561 2 427 2570885
4 0.642012 7537 2 448 2599382
4 0.643012 7639 3 449 2595437
4 0.644012 7648 5 523 2590142
4 0.645010 7569 2 487 2568926
4 0.646011 7429 3 492 2594089
4 0.647012 7606 3 442 2594516
4 0.648012 7632 3 462 2588589
4 0.649011 7485 5 423 2572366
4 0.650012 7633 3 476 2599855
4 0.651012 7615 4 552 2592195
4 0.652012 7614 5 537 2588985
4 0.653010 7566 3 464 2561892
4 0.654013 7533 4 504 2601982
4 0.655013 7561 2 456 2588430
4 0.656012 7572 3 462 2586186
4 0.657011 7688 2 463 2573277
4 0.658012 7764 3 571 2595353
4 0.659011 7528 3 466 2589472
4 0.660012 7603 3 415 2592484
4 0.661010 7578 3 483 2571345
4 0.662011 7574 3 496 2597552
4 0.663012 7517 3 482 2590411
4 0.664012 7568 3 516 2593095
4 0.665011 7655 3 369 2582650
4 0.666011 7591 4 464 2592608
4 0.667013 7617 4 451 2592387
4 0.668013 7549 6 505 2589865
4 0.669011 7575 4 439 2572466
4 0.670012 7607 4 508 2595670
4 0.671012 7532 4 482 2591859
4 0.672013 7008 4 398 2588614
4 0.673011 7049 4 432 2567743
4 0.674012 7027 5 402 2600078
4 0.675013 6995 6 439 2590300
4 0.676012 6894 5 415 2588167
4 0.677011 6940 3 433 2573385
4 0.678012 7051 3 455 2588417
4 0.679014 7005 3 442 2596000
4 0.680013 7059 4 482 2587031
4 0.681012 6955 3 438 2574740
4 0.682012 7094 2 387 2592140
4 0.683013 7039 2 423 2600057
4 0.684012 7025 5 433 2587555
4 0.685011 6854 5 480 2574609
4 0.686013 7004 4 381 2600430
4 0.687013 6973 5 410 2585980
4 0.688012 7433 6 443 2585885
4 0.689011 7490 4 458 2568783
4 0.690012 7449 4 431 2593785
4 0.691012 7560 4 503 2591259
4 0.692012 7420 5 420 2584750
4 0.693011 7506 4 473 2563926
4 0.694012 7568 5 471 2596694
4 0.695012 7548 4 462 2592576
4 0.696012 7521 4 405 2592395
4 0.697010 7497 5 431 2566977
4 0.698012 7641 5 472 2600629
4 0.699013 7626 3 391 2595609
4 0.700012 7572 4 398 2587528
4 0.701011 7496 5 431 2574517
4 0.702013 7611 5 470 2596360
4 0.703012 7496 6 498 2590480
4 0.704012 7475 6 434 2596775
4 0.705012 7264 4 456 2563385
4 0.706012 7497 5 419 2590109
4 0.707013 7519 5 425 2593217
4 0.708012 7514 4 409 2586274
4 0.709011 7361 5 496 2570243
4 0.710011 7549 3 445 2592601
4 0.711012 7593 3 421 2596368
4 0.712012 7595 2 446 2596303
4 0.713011 7448 4 393 2564527
4 0.714012 7514 3 416 2596158
4 0.715012 7510 5 477 2588823
4 0.716012 7579 5 452 2589728
4 0.717010 7494 5 390 2574389
4 0.718012 7623 3 474 2594704
4 0.719012 7540 3 478 2594440
4 0.720012 7538 4 477 2592547
4 0.721010 7461 7 411 2570785
4 0.722012 7581 3 510 2596746
4 0.723012 7541 4 482 2595193
4 0.724013 7558 5 486 2593662
4 0.725011 7494 2 472 2569643
4 0.726012 7411 3 444 2592224
4 0.727012 7535 4 391 2596073
4 0.728012 7468 5 482 2585933
4 0.729011 7400 4 364 2571042
4 0.730012 7572 3 462 2593258
4 0.731012 7551 6 536 2588169
4 0.732012 7577 5 402 2588791
4 0.733011 7471 4 363 2563540
4 0.734013 7503 4 424 2598505
4 0.735012 7586 4 415 2596836
4 0.736012 7553 3 450 2586439
4 0.737011 7570 4 429 2571572
4 0.738013 7490 3 465 2599131
4 0.739013 7546 3 463 2590711
4 0.740011 7509 3 394 2581472
4 0.741011 7528 4 475 2571918
4 0.742012 7492 4 524 2597548
4 0.743012 7508 5 431 2588217
4 0.744012 7678 4 496 2583121
4 0.745011 7454 4 391 2570633
4 0.746012 7652 3 465 2595074
4 0.747012 7493 5 406 2585337
4 0.748012 7558 4 414 2593007
4 0.749010 7530 2 447 2572212
4 0.750012 7607 4 366 2599378
4 0.751012 7485 5 462 2587545
4 0.752013 7523 4 469 2592257
4 0.753011 7502 6 479 2564970
4 0.754012 7566 4 450 2593084
4 0.755013 7488 5 491 2591478
4 0.756011 7573 5 477 2595604
4 0.757011 7513 5 446 2573008
4 0.758013 7603 4 400 2594294
4 0.759012 7464 6 462 2591028
4 0.760011 7636 5 525 2585107
4 0.761012 7116 3 465 2479417
4 0.762013 6468 1 412 2212663
4 0.763012 6931 5 436 2361137
4 0.764012 7548 6 461 2594406
4 0.765010 7504 3 408 2567935
4 0.766012 7555 5 477 2600213
4 0.767012 7458 4 433 2595310
4 0.768012 7590 4 484 2591360
4 0.769010 7606 2 515 2576446
4 0.770013 7507 4 479 2599736
4 0.771012 7427 3 425 2585869
4 0.772012 7560 5 459 2593307
4 0.773010 7407 5 421 2555559
4 0.774013 7564 3 391 2596814
4 0.775012 7530 4 438 2583682
4 0.776012 7477 4 448 2593454
4 0.777010 7513 4 476 2569016
4 0.778011 7639 5 447 2594058
4 0.779012 7523 6 464 2590226
4 0.780011 7463 5 497 2582744
4 0.781011 7478 4 416 2574251
4 0.782012 7580 3 391 2594808
4 0.783012 7620 4 460 2590132
4 0.784013 7611 4 464 2589931
4 0.785010 7482 4 401 2567727
4 0.786012 7573 5 476 2592602
4 0.787011 7509 4 441 2585804
4 0.788013 7540 3 499 2594202
4 0.789011 7551 5 477 2565915
4 0.790013 7479 5 400 2594287
4 0.791013 7542 5 445 2591581
4 0.792012 7398 5 417 2584750
4 0.793010 7549 4 499 2574567
4 0.794013 7690 4 491 2601010
4 0.795013 7509 4 422 2588842
4 0.796012 7561 3 472 2591568
4 0.797011 7400 4 393 2565778
4 0.798013 7601 5 440 2594517
4 0.799012 7597 3 438 2593300
4 0.800011 7546 4 460 2585637
4 0.801011 7657 3 452 2577360
4 0.802012 7575 4 437 2596354
4 0.803012 7504 3 430 2590507
4 0.804012 7599 4 441 2586802
4 0.805012 7380 3 447 2580942
4 0.806012 7476 6 442 2592859
4 0.807012 7493 3 408 2590137
4 0.808012 7512 3 453 2596875
4 0.809011 7350 5 403 2577491
4 0.810013 7618 5 451 2594994
4 0.811012 7399 6 420 2591314
4 0.812011 7366 3 406 2581816
4 0.813010 7524 3 368 2568874
4 0.814012 7553 4 416 2596747
4 0.815012 7491 5 471 2595118
4 0.816012 7373 4 473 2589550
4 0.817012 7558 5 429 2574896
4 0.818012 7606 5 441 2594406
4 0.819013 7619 6 464 2594331
4 0.820011 7524 3 498 2582825
4 0.821011 7421 5 465 2571553
4 0.822013 7613 3 490 2592133
4 0.823011 7614 3 478 2583683
4 0.824012 7616 4 462 2594337
4 0.825011 7438 5 457 2567752
4 0.826012 7407 7 431 2597951
4 0.827012 7450 7 406 2589443
4 0.828012 7565 4 393 2592717
4 0.829011 7562 4 414 2566299
4 0.830012 7532 6 485 2591804
4 0.831012 7658 5 444 2595557
4 0.832011 7539 3 446 2590914
4 0.833011 7574 4 424 2564079
4 0.834012 7638 3 471 2597095
4 0.835012 7489 5 443 2587050
4 0.836012 7017 3 412 2575280
4 0.837011 6783 4 357 2622789
4 0.838013 6848 4 332 2571049
4 0.839012 7008 6 327 2686534
4 0.840013 7049 4 415 2643700
4 0.841012 6850 4 346 2547005
4 0.842014 6787 3 358 2650566
4 0.843013 6822 5 346 2564566
4 0.844013 7159 5 470 2634479
4 0.845012 6845 4 391 2551328
4 0.846012 6999 3 367 2689231
4 0.847013 6930 5 370 2691360
4 0.848013 6989 6 342 2682467
4 0.849011 6900 3 372 2666773
4 0.850013 7079 4 328 2699324
4 0.851012 6927 4 438 2679132
4 0.852013 6970 4 397 2693658
4 0.853012 6870 5 450 2658654
4 0.854013 6978 5 421 2691023
4 0.855013 6946 3 366 2682110
4 0.856013 6870 4 340 2687098
4 0.857012 6920 3 407 2658670
4 0.858013 6986 3 412 2650355
4 0.859012 6820 3 413 2567193
4 0.860013 6958 5 348 2689781
4 0.861012 6809 5 380 2620904
4 0.862013 6817 4 426 2573479
4 0.863013 6908 5 320 2689977
4 0.864013 6948 3 323 2684540
4 0.865011 6912 4 394 2665167
4 0.866013 6935 2 354 2690248
4 0.867012 6996 3 377 2683933
4 0.868012 6921 5 378 2686793
4 0.869012 6957 8 418 2674930
4 0.870013 6954 4 390 2692836
4 0.871012 6860 3 327 2683858
4 0.872012 6952 4 317 2686311
4 0.873011 7070 5 406 2666548
4 0.874013 6911 2 387 2688218
4 0.875012 6865 4 425 2641414
4 0.876012 6696 4 348 2563088
4 0.877011 6890 6 410 2666040
4 0.878012 7016 5 408 2685456
4 0.879013 6909 3 376 2689217
4 0.880013 6982 3 441 2685559
4 0.881012 6993 4 413 2660224
4 0.882013 6958 5 360 2696644
4 0.883013 6933 4 351 2683324
4 0.884012 6789 2 380 2637132
4 0.885012 6830 6 405 2547801
4 0.886013 6895 5 348 2684971
4 0.887012 7050 5 386 2677629
4 0.888013 7090 3 384 2686587
4 0.889011 6851 6 369 2662803
4 0.890013 6987 5 455 2647507
4 0.891012 6883 4 407 2565112
4 0.892013 6752 3 351 2686376
4 0.893011 6855 3 385 2653355
4 0.894012 6933 4 355 2695412
4 0.895013 6902 5 446 2641766
4 0.896012 6824 4 380 2565695
4 0.897011 6815 5 387 2663772
4 0.898013 6965 5 349 2688591
4 0.899013 7007 3 315 2678698
4 0.900013 6895 4 335 2645360
4 0.901206 8095 4 453 3075655
4 0.902014 5529 4 339 2105046
4 0.903014 6961 5 378 2565818
4 0.904012 6911 3 440 2683418
4 0.905013 6818 4 321 2668510
4 0.906013 6945 4 390 2681212
4 0.907012 7130 4 383 2684100
4 0.908012 7042 3 378 2685628
4 0.909011 6843 3 383 2663329
4 0.910012 6924 4 356 2687801
4 0.911012 6924 4 401 2682861
4 0.912012 7012 6 389 2641061
4 0.913011 6807 6 392 2546959
4 0.914012 6946 4 447 2691104
4 0.915013 6960 6 412 2682745
4 0.916012 6883 6 433 2684946
4 0.917012 6873 3 436 2673315
4 0.918013 6990 5 405 2692397
4 0.919012 6940 6 364 2679535
4 0.920012 6947 4 392 2690596
4 0.921012 6835 4 428 2622911
4 0.922012 6962 4 398 2571947
4 0.923013 7024 5 411 2685087
4 0.924012 7011 4 449 2680472
4 0.925011 6994 4 364 2671043
4 0.926013 6794 4 417 2691301
4 0.927013 6918 2 351 2685291
4 0.928013 7070 4 389 2685007
4 0.929011 7032 5 378 2666050
4 0.930013 7073 5 353 2690327
4 0.931013 6799 4 370 2646624
4 0.932012 7012 6 345 2586272
4 0.933013 6861 4 460 2550392
4 0.934013 6984 4 365 2646873
4 0.935013 6984 3 404 2564132
4 0.936014 7008 3 422 2645413
4 0.937012 7064 3 401 2562040
4 0.938013 6904 4 425 2573884
4 0.939013 6826 4 315 2641111
4 0.940013 6863 3 431 2562273
4 0.941012 6874 4 323 2667007
4 0.942014 6777 4 420 2647884
4 0.943011 6842 4 343 2558224
4 0.944012 7088 4 458 2687483
4 0.945012 6664 2 364 2622548
4 0.946013 6914 4 363 2566680
4 0.947012 6878 3 337 2683427
4 0.948013 7004 3 425 2686087
4 0.949011 6924 2 381 2663013
4 0.950013 7008 3 383 2692050
4 0.951013 6940 3 369 2688429
4 0.952012 6901 6 373 2683894
4 0.953012 6840 5 452 2649714
4 0.954013 6872 6 402 2688586
4 0.955013 6947 3 367 2683626
4 0.956013 7052 5 371 2688988
4 0.957011 6929 3 384 2662322
4 0.958012 6961 4 431 2689174
4 0.959012 6672 3 401 2639384
4 0.960013 7145 3 394 2592403
4 0.961011 6803 4 401 2541577
4 0.962012 6913 3 422 2685577
4 0.963013 6945 6 381 2647462
4 0.964013 6908 4 365 2562702
4 0.965011 7019 4 404 2661808
4 0.966013 6942 4 401 2686297
4 0.967013 7047 4 382 2686250
4 0.968013 6958 5 337 2688313
4 0.969012 6887 5 353 2668639
4 0.970013 6882 4 333 2695451
4 0.971013 6900 3 420 2687281
4 0.972012 6972 5 319 2685622
4 0.973011 7025 4 436 2667058
4 0.974013 7017 4 371 2689204
4 0.975013 6880 3 392 2686537
4 0.976013 6885 3 417 2688616
4 0.977011 6922 5 417 2658996
4 0.978013 6921 5 375 2694843
4 0.979012 6933 3 385 2686539
4 0.980012 6982 4 366 2683800
4 0.981012 6928 3 416 2668305
4 0.982012 6906 3 421 2688221
4 0.983012 6933 3 383 2691605
4 0.984013 6822 4 409 2643268
4 0.985011 6772 5 367 2542185
4 0.986013 6974 4 372 2697549
4 0.987013 6868 2 432 2652917
4 0.988012 6872 4 355 2566135
4 0.989011 6938 4 339 2668761
4 0.990014 7106 5 383 2697090
4 0.991013 6925 4 383 2680027
4 0.992013 6686 5 334 2682609
4 0.993011 6900 3 444 2657431
4 0.994013 6895 3 395 2648636
4 0.995012 6969 3 419 2562088
4 0.996012 7214 4 420 2681311
4 0.997011 7146 2 470 2664770
4 0.998013 7125 4 511 2689661
4 0.999013 7190 4 460 2683018
4 1.000013 7049 3 503 2684626
4 1.001012 7112 5 563 2666358
4 1.002013 7102 5 481 2685274
4 1.003013 7103 4 482 2688198
4 1.004014 7066 4 520 2647912
4 1.005011 7078 4 572 2559713
4 1.006013 7195 4 591 2591443
4 1.007013 7059 4 492 2584991
4 1.008013 7163 2 537 2591654
4 1.009011 7051 5 504 2564855
4 1.010013 7165 3 505 2593631
4 1.011012 7207 2 550 2588429
4 1.012012 7154 6 469 2586457
4 1.013011 7112 6 476 2558286
4 1.014013 7234 5 456 2590509
4 1.015012 7220 3 529 2586979
4 1.016013 7222 2 488 2583196
4 1.017011 6797 3 456 2475200
4 1.018012 7088 4 471 2599958
4 1.019012 7092 4 470 2589483
4 1.020013 7159 4 460 2590354
4 1.021012 7077 4 478 2566143
4 1.022013 7230 3 492 2591394
4 1.023013 7213 4 561 2585679
4 1.024012 7104 4 502 2588136
4 1.025011 7086 4 531 2567055
4 1.026012 7018 4 534 2587876
4 1.027013 7176 6 498 2588061
4 1.028013 7120 4 533 2588875
4 1.029011 7176 3 532 2571378
4 1.030013 7180 2 432 2595246
4 1.031012 7179 3 508 2584695
4 1.032012 7134 2 443 2586764
4 1.033011 7161 3 451 2568740
4 1.034013 7310 3 529 2601663
4 1.035013 7103 3 460 2583291
4 1.036013 7214 5 538 2586208
4 1.037011 7046 6 584 2569499
4 1.038012 7105 5 502 2589007
4 1.039012 7173 5 475 2592041
4 1.040012 7112 4 476 2583755
4 1.041011 7117 4 563 2571680
4 1.042063 7395 3 534 2725676
4 1.043013 6812 7 522 2455056
4 1.044010 7315 5 549 2578507
4 1.045011 7188 4 525 2583728
4 1.046012 7199 4 497 2589903
4 1.047012 7045 4 422 2584496
4 1.048012 7202 5 469 2588364
4 1.049011 7110 3 436 2568212
4 1.050012 7094 4 461 2598057
4 1.051013 7278 4 444 2588230
4 1.052012 7256 4 504 2588765
4 1.053012 7158 4 462 2573058
4 1.054012 7144 3 495 2592781
4 1.055012 7195 3 486 2588745
4 1.056012 7199 6 516 2586393
4 1.057011 7138 2 452 2567172
4 1.058013 7116 3 548 2591428
4 1.059013 6988 3 499 2589555
4 1.060012 7095 2 513 2584289
4 1.061011 7049 3 459 2570215
4 1.062013 7235 4 590 2598544
4 1.063012 7272 2 480 2591884
4 1.064011 7078 3 498 2580247
4 1.065011 7171 3 473 2572082
4 1.066012 7170 2 461 2593568
4 1.067012 7176 3 508 2587084
4 1.068012 7146 4 493 2587032
4 1.069011 7207 4 479 2571915
4 1.070013 7164 2 486 2594700
4 1.071013 7172 4 534 2595708
4 1.072013 7138 5 448 2588280
4 1.073011 7134 5 533 2560765
4 1.074013 7233 4 530 2592718
4 1.075012 7197 4 496 2584026
4 1.076013 7003 2 447 2551031
4 1.077011 7091 4 510 2557033
4 1.078013 7117 2 556 2594805
4 1.079013 7224 4 491 2591504
4 1.080013 7171 4 456 2584359
4 1.081011 7163 4 476 2560883
4 1.082012 7148 3 550 2587155
4 1.083012 7182 6 507 2590447
4 1.084012 7166 3 595 2582992
4 1.086720 18428 4 2080 7126301
4 1.087016 1923 6 246 682771
4 1.088015 7183 4 533 2589645
4 1.089013 7123 4 447 2552660
4 1.090013 7135 3 509 2582943
4 1.091014 7124 5 527 2585815
4 1.092013 7096 3 446 2580686
4 1.093210 8700 5 659 3100968
4 1.094014 5596 7 366 2029713
4 1.097957 27033 4 3006 10395231
4 1.098035 292 5 26 86700
4 1.099017 7081 2 640 2549591
4 1.100013 7155 5 504 2548684
4 1.101012 7138 2 524 2558835
4 1.102013 7273 3 411 2590936
4 1.103014 7178 4 507 2588310
4 1.104013 7176 4 565 2585565
4 1.105012 7175 4 581 2559215
4 1.106013 7183 5 523 2598574
4 1.107014 7064 4 531 2591454
4 1.108014 7153 2 513 2584131
4 1.109044 6937 3 733 2645012
4 1.110014 6743 2 529 2510062
4 1.111016 7005 6 470 2584407
4 1.112013 7062 4 561 2564092
4 1.113011 6829 4 477 2556202
4 1.114014 6827 3 544 2591981
4 1.115013 7054 4 529 2584973
4 1.116013 7044 5 432 2587967
4 1.117011 6949 3 450 2563902
4 1.118012 7117 3 533 2591106
4 1.119012 7041 4 476 2585663
4 1.120012 6981 5 518 2588927
4 1.121012 6885 4 489 2517289
4 1.122012 7041 3 492 2589922
4 1.123012 7069 4 472 2588577
4 1.124012 6957 6 442 2584437
4 1.125024 6801 5 523 2516568
4 1.126012 7016 3 457 2540533
4 1.127012 6982 4 470 2585552
4 1.128012 7069 5 464 2591911
4 1.129010 6836 4 446 2510584
4 1.130012 7008 3 458 2591946
4 1.131012 7283 4 446 2586148
4 1.132012 7356 2 464 2593279
4 1.133011 7133 4 488 2501553
4 1.134012 7419 6 465 2597374
4 1.135012 7249 3 433 2585161
4 1.136012 7349 5 442 2584198
4 1.137012 7363 3 519 2573105
4 1.138013 7410 6 425 2594736
4 1.139012 7293 4 420 2584940
4 1.140012 7371 4 482 2585589
4 1.141017 7363 4 503 2583545
4 1.142013 7311 3 403 2581984
4 1.143012 7499 5 403 2582593
4 1.144013 7586 2 440 2592529
4 1.145010 7306 3 544 2488556
4 1.146013 7510 2 447 2592920
4 1.147012 7468 3 420 2587101
4 1.148012 7535 2 438 2592507
4 1.149102 8113 3 510 2813793
4 1.150013 6780 2 488 2353562
4 1.151012 7483 3 423 2586617
4 1.152013 7449 3 491 2590027
4 1.153012 7580 3 532 2570102
4 1.154013 7520 5 423 2592322
4 1.155013 7539 4 503 2568048
4 1.156011 7498 4 475 2683317
4 1.157011 7533 2 486 2664938
4 1.158013 7554 2 443 2655805
4 1.159012 7341 4 412 2565718
4 1.160012 7488 4 517 2691023
4 1.161011 7468 4 474 2666844
4 1.162013 7472 2 486 2648967
4 1.163012 7536 3 480 2588207
4 1.164012 7490 2 531 2569679
4 1.165011 7429 4 482 2663544
4 1.166012 7544 2 531 2651261
4 1.167012 7371 5 447 2567599
4 1.168012 7465 4 447 2645602
4 1.169011 7379 3 455 2552334
4 1.170012 7462 4 470 2687932
4 1.171013 7436 4 491 2644844
4 1.172011 7364 3 432 2564615
4 1.173011 7611 5 493 2666379
4 1.174012 7612 4 581 2693079
4 1.175014 7553 5 536 2696169
4 1.176011 7600 4 524 2688125
4 1.177010 7672 4 451 2668737
4 1.178012 7661 3 522 2685596
4 1.179012 7579 2 505 2649299
4 1.180012 7523 2 509 2592480
4 1.181010 7423 6 470 2544394
4 1.182012 7719 0 686 2708586
4 1.183011 7520 2 453 2690894
4 1.184012 7559 2 501 2648092
4 1.185010 7572 2 477 2571841
4 1.186012 7519 3 472 2570557
4 1.187013 7633 5 500 2688636
4 1.188012 7628 4 541 2681820
4 1.189011 7514 3 501 2636041
4 1.190012 7577 2 483 2574656
4 1.191013 7586 2 435 2649224
4 1.192012 7502 4 457 2587681
4 1.193011 7525 5 468 2564070
4 1.194012 7606 3 470 2595808
4 1.195011 7570 3 490 2589857
4 1.196012 7579 3 461 2594756
4 1.197011 7556 2 474 2569043
4 1.198011 7660 5 584 2595792
4 1.199012 7441 4 480 2594019
4 1.200012 7596 5 550 2592796
4 1.201010 7596 4 532 2562900
4 1.202012 7569 4 565 2597406
4 1.203011 7623 2 525 2588331
4 1.204011 7496 4 522 2592297
4 1.205012 7569 2 438 2580224
4 1.206012 7589 2 485 2589530
4 1.207219 9106 3 523 3139937
4 1.208013 6011 3 418 2041951
4 1.209011 7429 3 570 2567549
4 1.210012 7576 4 558 2592717
4 1.211012 7538 3 457 2587583
4 1.212012 7690 4 501 2592376
4 1.213011 7598 5 473 2575696
4 1.214012 7650 3 531 2592698
4 1.215012 7594 2 518 2594195
4 1.216012 7530 4 491 2594133
4 1.217011 7625 2 506 2574454
4 1.218012 7613 4 505 2593285
4 1.219014 7538 2 494 2597638
4 1.220012 7556 2 474 2591644
4 1.221011 7531 3 534 2572901
4 1.222011 7635 3 488 2592069
4 1.223011 7630 2 510 2593640
4 1.224012 7571 4 417 2589233
4 1.225010 7333 6 447 2556195
4 1.226012 7605 4 519 2599811
4 1.227011 7545 4 474 2590398
4 1.228012 7615 3 442 2589421
4 1.229015 7675 2 485 2583626
4 1.230012 7602 3 453 2584149
4 1.231011 7600 4 524 2587095
4 1.232012 7596 3 471 2600841
4 1.233010 7595 3 502 2569134
4 1.234012 7564 4 463 2601024
4 1.235012 7653 4 506 2589319
4 1.236011 7608 3 505 2585271
4 1.237010 7464 2 396 2578350
4 1.238012 7607 4 520 2593098
4 1.239011 7723 3 404 2593816
4 1.240011 7541 2 494 2592752
4 1.241010 7667 6 499 2571960
4 1.242011 7451 3 463 2600599
4 1.243012 7627 4 460 2592404
4 1.244011 7566 3 465 2589633
4 1.245010 7700 5 482 2570912
4 1.246012 7570 2 503 2600055
4 1.247012 7624 3 484 2589233
4 1.248011 7561 4 450 2589809
4 1.249011 7589 3 487 2580457
4 1.250012 7590 3 508 2589097
4 1.251012 7681 5 453 2595079
4 1.252011 7664 3 423 2593246
4 1.253011 7500 3 467 2560620
4 1.254011 7594 3 518 2596044
4 1.255012 7536 4 474 2589425
4 1.256012 7675 3 439 2591184
4 1.257011 7608 3 468 2570822
4 1.258011 7625 7 427 2574311
4 1.259012 7399 4 452 2596007
4 1.260011 7625 3 455 2584082
4 1.261010 7407 4 406 2500380
4 1.262012 7720 5 492 2601764
4 1.263012 7544 5 504 2588546
4 1.264012 7646 2 487 2596492
4 1.265011 7494 3 440 2570207
4 1.266013 7661 3 499 2595732
4 1.267012 7581 2 530 2591015
4 1.268012 7615 4 475 2589313
4 1.269011 7633 2 461 2570424
4 1.270012 7259 2 466 2600398
4 1.271011 6879 2 415 2588997
4 1.272011 7027 3 411 2586754
4 1.273012 7012 4 399 2569890
4 1.274013 7023 4 412 2598670
4 1.275013 6794 3 383 2589680
4 1.276013 7078 4 365 2585784
4 1.277011 6947 3 423 2574466
4 1.278012 7042 3 380 2593234
4 1.279013 7014 6 432 2590162
4 1.280012 7119 6 391 2591263
4 1.281011 6961 4 443 2569487
4 1.282014 7342 5 629 2592138
4 1.283013 7120 6 486 2590745
4 1.284013 7007 3 389 2591229
4 1.285012 6978 5 441 2562195
4 1.286014 7089 2 462 2599712
4 1.287013 7064 5 407 2587468
4 1.288013 7085 3 420 2591694
4 1.289011 7042 3 437 2564653
4 1.290013 7011 4 385 2595310
4 1.291013 7066 4 349 2588655
4 1.292013 6881 5 435 2586582
4 1.293012 6978 4 422 2571006
4 1.294013 7067 3 384 2591399
4 1.295013 7026 4 350 2589664
4 1.296013 7002 5 395 2587672
4 1.297011 7001 5 488 2572650
4 1.298012 6990 3 391 2599845
4 1.299013 6968 4 381 2595451
4 1.300012 7519 5 465 2584521
4 1.301010 7370 2 420 2564288
4 1.302012 7396 5 360 2594093
4 1.303011 7516 3 481 2588744
4 1.304012 7445 3 386 2591057
4 1.305010 7477 4 517 2568349
4 1.306013 7558 6 401 2599710
4 1.307012 7357 4 413 2587315
4 1.308012 7516 4 474 2581920
4 1.309012 7293 4 424 2572267
4 1.310011 7539 3 489 2589048
4 1.311013 7540 3 398 2594501
4 1.312012 7551 4 434 2588122
4 1.313011 7395 5 451 2553973
4 1.314012 7504 4 443 2590132
4 1.315012 7597 3 469 2594069
4 1.316012 7504 4 479 2595473
4 1.317010 7376 4 468 2561453
4 1.318012 7486 4 485 2596949
4 1.319013 7436 4 397 2592014
4 1.320012 7520 5 474 2589417
4 1.321011 7440 3 369 2567955
4 1.322012 7571 3 341 2599996
4 1.323012 7523 5 455 2589167
4 1.324011 7513 4 397 2588221
4 1.325012 7334 4 453 2569959
4 1.326012 7418 5 489 2588355
4 1.327012 7538 4 433 2588396
4 1.328012 7553 5 453 2588291
4 1.329011 7488 4 444 2563519
4 1.330014 7471 4 395 2597427
4 1.331012 7459 5 422 2585188
4 1.332012 7576 3 439 2594111
4 1.333011 7440 7 385 2568457
4 1.334012 7493 3 436 2593850
4 1.335012 7502 4 419 2590663
4 1.336012 7499 2 420 2593971
4 1.337011 7507 5 451 2565617
4 1.338012 7539 3 388 2596796
4 1.339012 7538 3 410 2595665
4 1.340012 7502 4 415 2589404
4 1.341010 7413 5 488 2567842
4 1.342012 7369 3 420 2601460
4 1.343012 7544 3 374 2593679
4 1.344012 7508 2 439 2589279
4 1.345011 7696 4 414 2568240
4 1.346012 7481 4 409 2596201
4 1.347012 7459 3 423 2594406
4 1.348012 7571 5 472 2597222
4 1.349010 7514 5 437 2567911
4 1.350013 7500 4 448 2596498
4 1.351012 7522 6 407 2581046
4 1.352012 7449 4 397 2588180
4 1.353011 7501 4 454 2573335
4 1.354012 7577 4 404 2594394
4 1.355012 7601 5 462 2596605
4 1.356013 7545 5 451 2582412
4 1.357011 7416 4 392 2570066
4 1.358012 7501 2 466 2594613
4 1.359012 7410 3 428 2588797
4 1.360011 7483 4 429 2587399
4 1.361011 7485 4 415 2579767
4 1.362012 7593 4 479 2592170
4 1.363012 7528 3 449 2592068
4 1.364012 7557 3 427 2592555
4 1.365011 7441 5 472 2567121
4 1.366012 7607 6 440 2598081
4 1.367012 7608 3 407 2594942
4 1.368013 7486 4 460 2592250
4 1.369011 7497 2 437 2573207
4 1.370012 7530 5 448 2588177
4 1.371012 7533 6 406 2584347
4 1.372012 7592 5 460 2592051
4 1.373011 7478 5 410 2556083
4 1.374012 7458 3 478 2596859
4 1.375012 7277 4 364 2589842
4 1.376011 7516 3 406 2596689
4 1.377011 7467 5 443 2574583
4 1.378012 7528 3 377 2596087
4 1.379012 7589 6 435 2590796
4 1.380012 7502 2 439 2587590
4 1.381011 7349 4 458 2566000
4 1.382012 7649 4 613 2588240
4 1.383012 7525 3 412 2591263
4 1.384011 7439 4 462 2588633
4 1.385011 7524 3 477 2574962
4 1.386013 7551 3 440 2593577
4 1.387012 7523 6 415 2585454
4 1.388013 7486 4 417 2593871
4 1.389011 7539 4 512 2569957
4 1.390013 7553 4 459 2596158
4 1.391012 7585 2 450 2591041
4 1.392012 7440 7 394 2588684
4 1.393011 7427 6 524 2577197
4 1.394013 7531 4 438 2592820
4 1.395012 7580 3 441 2587586
4 1.396012 7563 6 415 2587487
4 1.397011 7453 4 524 2573821
4 1.398012 7531 4 444 2593316
4 1.399013 7523 5 464 2588541
4 1.400012 7567 4 501 2587289
4 1.401010 7462 4 441 2570377
4 1.402013 7518 3 413 2598462
4 1.403012 7382 4 422 2587113
4 1.404012 7544 3 477 2589241
4 1.405011 7520 3 434 2569691
4 1.406012 7513 4 417 2597400
4 1.407012 7383 5 438 2592738
4 1.408012 7471 4 496 2587129
4 1.409011 7315 4 399 2571825
4 1.410012 7505 4 441 2591578
4 1.411012 7520 4 454 2585553
4 1.412012 7505 3 446 2593408
4 1.413010 7559 4 492 2569404
4 1.414012 7409 4 498 2597843
4 1.415012 7525 5 442 2594699
4 1.416012 7648 3 441 2588223
4 1.417011 7561 4 404 2568966
4 1.418013 7489 4 433 2597546
4 1.419012 7471 4 415 2581749
4 1.420012 7436 3 423 2589453
4 1.421011 7538 6 441 2566807
4 1.422013 7531 4 455 2595348
4 1.423012 7535 5 440 2590607
4 1.424012 7500 3 408 2592150
4 1.425010 7311 6 406 2567557
4 1.426013 7470 4 406 2596783
4 1.427012 7427 5 437 2584202
4 1.428012 7560 3 434 2589088
4 1.429011 7566 5 415 2568780
4 1.430012 7601 2 446 2597110
4 1.431012 7637 5 457 2589227
4 1.432012 7575 3 455 2587265
4 1.433011 7514 3 423 2562026
4 1.434011 7561 5 447 2591924
4 1.435013 7629 3 412 2596630
4 1.436012 7435 4 429 2566861
4 1.437011 7581 3 389 2669392
4 1.438012 7556 3 434 2694108
4 1.439011 7601 5 496 2686394
4 1.440012 7586 7 405 2695330
4 1.441011 7472 3 409 2675259
4 1.442013 7424 5 451 2695852
4 1.443012 7557 3 480 2683676
4 1.444012 7563 5 368 2690197
4 1.445010 7560 7 489 2619473
4 1.446012 7519 3 476 2596004
4 1.447013 7288 5 349 2570925
4 1.448014 6820 2 449 2691185
4 1.449012 6889 4 415 2651268
4 1.450012 6986 6 420 2688407
4 1.451013 7074 5 395 2683484
4 1.452013 7044 2 404 2684931
4 1.453011 6987 3 491 2661206
4 1.454014 7005 2 369 2692363
4 1.455013 7006 2 365 2680811
4 1.456012 7011 5 351 2681515
4 1.457011 6925 2 475 2669765
4 1.458013 6948 5 376 2691870
4 1.459013 6615 5 354 2645822
4 1.460013 6769 5 322 2563871
4 1.461012 6814 4 367 2665485
4 1.462013 6842 3 332 2651226
4 1.463013 6876 4 384 2565074
4 1.464013 6855 5 374 2644273
4 1.465012 6802 3 408 2536113
4 1.466013 6921 3 383 2690582
4 1.467014 6857 4 360 2682290
4 1.468013 6900 5 391 2686140
4 1.469011 6925 4 395 2662100
4 1.470013 6896 6 417 2693324
4 1.471012 6998 4 414 2638590
4 1.472013 6886 3 412 2585830
4 1.473012 6818 6 448 2544032
4 1.474013 6926 5 413 2681851
4 1.475013 6841 3 379 2683946
4 1.476012 7029 4 341 2678562
4 1.477012 6896 4 452 2628754
4 1.478013 6828 6 369 2588142
4 1.479012 6956 5 433 2590269
4 1.480012 6852 4 384 2565196
4 1.481011 6879 6 422 2624060
4 1.482013 6906 4 413 2573036
4 1.483013 7002 4 363 2688326
4 1.484012 6947 3 399 2679192
4 1.485012 6835 3 402 2668162
4 1.486013 6953 4 386 2681641
4 1.487013 6942 4 389 2682907
4 1.488012 6815 4 375 2639461
4 1.489011 6896 5 347 2566277
4 1.490013 7020 5 348 2592714
4 1.491013 6836 4 447 2570272
4 1.492013 6832 5 367 2683889
4 1.493012 6896 5 406 2613036
4 1.494013 6965 6 414 2586902
4 1.495013 6909 4 411 2565306
4 1.496012 6867 3 391 2681481
4 1.497012 6859 5 387 2666573
4 1.498013 6967 4 420 2692567
4 1.499013 7064 4 363 2684340
4 1.500012 6837 5 446 2639074
4 1.501012 6956 2 359 2547165
4 1.502013 6917 3 343 2693205
4 1.503013 7026 4 391 2684507
4 1.504013 7066 4 393 2687882
4 1.505011 6754 3 403 2622651
4 1.506013 6861 4 330 2567208
4 1.507013 6859 2 349 2693461
4 1.508014 6804 2 423 2639824
4 1.509011 6653 5 403 2545621
4 1.510013 7016 3 425 2698311
4 1.511012 7055 5 401 2675517
4 1.512013 6949 3 434 2688287
4 1.513011 6759 2 448 2615316
4 1.514013 6928 6 409 2574417
4 1.515013 7081 4 421 2685997
4 1.516013 6967 6 431 2683636
4 1.517012 6810 4 471 2663399
4 1.518014 6973 5 380 2697449
4 1.519014 6949 4 431 2683409
4 1.520014 6870 4 435 2683186
4 1.521011 6774 5 383 2663325
4 1.522012 7114 3 378 2685989
4 1.523013 6932 4 396 2690514
4 1.524012 6875 4 406 2686416
4 1.525011 6799 3 401 2660483
4 1.526013 6964 3 423 2684166
4 1.527013 6929 4 370 2638455
4 1.528013 6855 5 387 2569592
4 1.529011 6864 4 367 2617453
4 1.530012 6976 3 383 2594262
4 1.531013 6785 4 398 2565696
4 1.532013 6853 4 436 2686080
4 1.533012 6928 4 439 2667341
4 1.534013 6941 4 379 2689893
4 1.535012 7111 4 382 2679987
4 1.536013 6878 2 409 2637088
4 1.537011 6946 4 346 2550307
4 1.538013 6928 3 367 2651042
4 1.539013 7037 2 378 2593588
4 1.540013 6816 8 460 2570493
4 1.541011 6849 5 403 2661538
4 1.542013 6827 2 410 2688137
4 1.543013 6881 4 382 2645248
4 1.544013 6843 5 436 2566256
4 1.545011 6930 4 417 2655595
4 1.546013 6951 5 397 2693862
4 1.547013 6908 6 374 2683108
4 1.548013 6963 2 371 2683334
4 1.549012 6778 3 392 2662507
4 1.550013 6946 3 382 2689839
4 1.551013 6924 6 376 2686604
4 1.552012 6838 5 353 2686209
4 1.553012 6889 5 442 2647196
4 1.554013 7028 4 399 2689929
4 1.555013 6953 3 389 2683753
4 1.556012 6957 4 368 2684965
4 1.557011 6800 3 461 2657188
4 1.558013 6788 6 459 2646060
4 1.559013 6797 4 375 2589463
4 1.560013 6835 3 425 2561635
4 1.561012 6880 3 389 2617264
4 1.562013 6984 5 374 2594267
4 1.563012 6917 5 357 2565651
4 1.564012 6944 4 454 2685237
4 1.565011 6923 5 410 2669028
4 1.566013 7026 4 388 2692168
4 1.567012 7023 3 329 2684951
4 1.568012 6977 5 335 2684078
4 1.569011 6869 6 414 2625558
4 1.570013 6899 5 394 2575779
4 1.571013 6925 3 388 2684556
4 1.572012 6929 5 432 2641095
4 1.573012 6901 4 406 2546877
4 1.574012 7046 4 415 2682942
4 1.575013 6831 5 434 2686820
4 1.576013 6934 3 405 2681443
4 1.577011 6891 5 358 2653943
4 1.578012 6936 4 395 2689262
4 1.579013 6928 4 420 2689204
4 1.580014 6970 4 461 2684565
4 1.581011 6853 3 433 2620267
4 1.582012 6843 4 449 2587596
4 1.583013 6858 3 365 2574146
4 1.584012 6835 4 398 2685014
4 1.585011 6883 4 395 2663083
