5 0.003851 14666 409 2766871 3248549
5 0.004013 0 0 0 0
5 0.005026 0 0 0 0
5 0.006023 0 0 0 0
5 0.007018 0 0 0 0
5 0.008019 0 0 0 0
5 0.009024 0 0 0 0
5 0.010026 0 0 0 0
5 0.011018 0 0 0 0
5 0.012676 10374 9 1203114 1536029
5 0.013017 5 2 280986 306286
5 0.014018 9635 46 885707 1132465
5 0.015013 32 3 944396 987378
5 0.016120 2976 15 1014615 1180688
5 0.017013 23 2 852208 886913
5 0.018013 1731 33 915318 1067966
5 0.019011 607 36 905934 1073013
5 0.020010 5 2 953634 985839
5 0.021012 520 60 925422 1079132
5 0.022011 28 1 960532 999650
5 0.023012 394 65 926893 1060657
5 0.027652 15627 113 4255707 5129933
5 0.028021 6 3 331499 342685
5 0.029123 6497 38 1040572 1234446
5 0.030015 26 3 843828 931089
5 0.031021 4547 86 914942 1091726
5 0.032012 6 1 884409 950776
5 0.033188 1275 80 1080070 1254886
5 0.034013 12 2 783966 827844
5 0.035012 3845 61 907604 1074964
5 0.036011 1954 37 910692 1065000
5 0.037012 16 2 962856 1024581
5 0.038012 876 33 917537 1082228
5 0.039023 13 1 980706 1029470
5 0.040011 461 10 875600 1026177
5 0.041010 8 3 960114 982701
5 0.042012 443 19 925955 1079897
5 0.043011 356 10 923880 1060561
5 0.044012 0 2 959046 1005706
5 0.045011 343 44 923391 1043418
5 0.046011 2 3 965665 997951
5 0.047010 370 22 921303 1060979
5 0.048011 313 11 921013 1062077
5 0.049011 0 2 965702 995214
5 0.050012 338 11 924968 1058809
5 0.051011 0 1 960716 1024029
5 0.052011 317 11 920608 1048877
5 0.053011 328 16 923918 1063933
5 0.054011 6 2 963558 1019053
5 0.055011 323 21 922520 1071046
5 0.056013 0 2 955492 1025148
5 0.057011 447 35 895535 1032126
5 0.058011 0 3 923090 978608
5 0.059012 378 22 892158 1033102
5 0.060020 339 21 867601 1022866
5 0.061010 8 0 914682 958843
5 0.062011 429 34 887749 1043079
5 0.063011 14 4 921367 978100
5 0.064012 679 13 880841 1038144
5 0.065010 13 2 962235 1008405
5 0.066011 396 23 898233 1063900
5 0.067011 331 25 882916 1033023
5 0.068010 0 4 891537 943403
5 0.069011 445 23 886139 1031609
5 0.070011 0 2 925949 976917
5 0.071011 363 15 883511 1052186
5 0.072012 2 3 910322 954885
5 0.073011 411 36 884709 1009504
5 0.074011 338 25 883248 1037824
5 0.075011 0 2 922225 957427
5 0.076010 344 16 871732 1016236
5 0.077011 0 3 925169 952740
5 0.078010 328 12 859256 1005869
5 0.079011 12 3 886572 946292
5 0.080011 313 28 878393 1029028
5 0.081011 5 2 921890 952280
5 0.082011 295 24 885437 1037810
5 0.083010 296 54 887248 1026696
5 0.084012 0 2 921126 960991
5 0.085011 300 18 882328 1037629
5 0.086012 9 3 923124 981048
5 0.087011 305 22 883766 1022976
5 0.088010 2 4 915530 966982
5 0.089010 297 24 885313 1038979
5 0.090011 279 17 882540 1049409
5 0.091010 0 2 919113 965886
5 0.092011 322 30 881988 999152
5 0.093011 6 2 896068 952664
5 0.094011 274 41 850269 998369
5 0.095010 10 3 922635 968524
5 0.096011 301 17 878236 1055720
5 0.097011 0 3 922049 982724
5 0.098010 325 16 885517 1033812
5 0.099011 291 35 882527 1047132
5 0.100010 3 2 916534 959959
5 0.101010 271 26 887740 1029514
5 0.102011 2 3 923031 969101
5 0.103011 270 25 884113 1021327
5 0.104010 0 2 914159 974480
5 0.105011 307 70 888195 1019748
5 0.106011 272 37 883244 1023046
5 0.107012 3 2 922097 978766
5 0.108010 327 18 875134 1018814
5 0.109011 4 2 922144 988966
5 0.110012 308 30 885660 1024925
5 0.111010 6 3 920619 963170
5 0.112011 298 24 879555 1006915
5 0.113010 11 3 921306 975410
5 0.114011 291 43 888851 1045760
5 0.115014 680 43 888406 1045719
5 0.116011 2 2 912316 962879
5 0.117011 812 38 883065 1031581
5 0.118011 0 2 915578 982213
5 0.119011 383 67 890888 1022775
5 0.120011 0 2 912962 991973
5 0.121011 316 12 895515 1049034
5 0.122010 294 31 886651 1045494
5 0.123011 2 1 923489 973533
5 0.124011 338 36 876671 1041703
5 0.125011 0 2 918815 972986
5 0.126011 306 16 880416 1040193
5 0.127010 1 1 921186 971430
5 0.128012 281 26 880056 1032753
5 0.129011 320 24 880975 1047443
5 0.130012 6 2 922218 971922
5 0.131012 312 41 892027 1039801
5 0.132012 7 2 920661 961516
5 0.133013 587 15 875992 1055439
5 0.134012 0 1 932817 967227
5 0.135013 514 29 887303 1035020
5 0.136012 470 29 919007 1071189
5 0.137013 5 2 974234 1037119
5 0.138013 488 10 883708 1023703
5 0.139013 0 3 898537 928089
5 0.140013 405 20 889312 1052102
5 0.141013 0 10 945173 986471
5 0.142013 413 23 896275 1062180
5 0.143012 479 23 894852 1074586
5 0.144013 9 6 892962 937945
5 0.145013 675 33 936875 1093976
5 0.146013 0 7 980409 1026148
5 0.147013 527 27 938355 1099525
5 0.148013 2 10 975330 1021564
5 0.149013 497 25 937028 1104178
5 0.150012 469 24 939715 1101102
5 0.151012 9 8 983884 1025783
5 0.152014 522 16 929263 1102116
5 0.153012 12 6 936031 984248
5 0.154013 558 23 861109 1047277
5 0.155013 516 36 899742 1059268
5 0.156013 0 10 936051 1000565
5 0.157013 486 25 898154 1064515
5 0.158013 8 6 944760 992816
5 0.159013 516 18 896433 1067247
5 0.160012 0 13 941770 977462
5 0.161012 496 37 895106 1078569
5 0.162012 537 43 899775 1067959
5 0.163013 4 9 945844 1008291
5 0.164012 830 33 906270 1067429
5 0.165012 2 14 988415 1035560
5 0.166013 740 29 939560 1097965
5 0.167012 492 28 933378 1109412
5 0.168013 0 9 974937 1025337
5 0.169013 507 28 936006 1098381
5 0.170013 4 6 938629 991645
5 0.171012 489 36 862209 1031740
5 0.172013 4 5 906106 947514
5 0.173012 559 21 895791 1067760
5 0.174013 478 32 898829 1057230
5 0.175012 3 5 946434 997950
5 0.176012 436 88 906466 1076392
5 0.177013 0 8 993043 1032635
5 0.178013 483 32 937446 1099541
5 0.179013 470 38 889917 1059817
5 0.180013 0 6 904817 959293
5 0.181013 622 35 895119 1071250
5 0.182012 2 8 958880 1004227
5 0.183013 509 36 942486 1101959
5 0.184012 0 8 978949 1022620
5 0.185013 529 52 937864 1095521
5 0.186013 560 35 933761 1110173
5 0.187013 1 8 938792 1000699
5 0.188013 525 29 860283 1026591
5 0.189012 7 10 951324 998876
5 0.190013 449 27 898667 1053255
5 0.191013 511 69 896264 1056385
5 0.201434 35800 151 7941023 9503372
5 0.202027 0 0 0 0
5 0.206849 15046 24 1855494 2593290
5 0.207023 0 0 0 0
5 0.208030 0 0 0 0
5 0.209020 0 0 0 0
5 0.210018 0 0 0 0
5 0.214465 17870 52 4095093 4841707
5 0.215028 10136 32 448819 679884
5 0.216447 40 4 1304440 1373200
5 0.217019 9885 42 388169 603088
5 0.218015 7 11 978962 1026487
5 0.223023 23092 66 3858344 4929291
5 0.223168 2 5 82982 76652
5 0.224021 15 6 826271 839042
5 0.225015 9128 42 888499 1138018
5 0.226014 42 13 974971 1025363
5 0.227014 3406 44 919804 1118667
5 0.228014 1050 52 894028 1056049
5 0.229013 8 38 976771 1035886
5 0.230014 721 22 940472 1097635
5 0.231013 11 5 982795 1026434
5 0.232013 629 24 927588 1099910
5 0.233124 1400 20 1001894 1189124
5 0.234013 23 4 790127 840039
5 0.235013 2445 53 934510 1104375
5 0.236013 4 9 955405 997642
5 0.237015 1816 45 930923 1103527
5 0.238013 3 15 981302 1024864
5 0.239014 1051 24 931419 1110788
5 0.240015 1356 31 912732 1133338
5 0.241013 12 10 979872 1032240
5 0.242013 1011 34 914470 1139519
5 0.243013 11 8 982398 1033064
5 0.244013 609 60 921048 1087349
5 0.245013 637 17 934889 1108553
5 0.246013 16 8 988359 1022854
5 0.247013 550 25 936619 1095503
5 0.248013 0 8 979059 1023620
5 0.249013 583 23 938102 1101594
5 0.250014 590 23 936241 1096549
5 0.251013 2 7 988092 1040586
5 0.252014 646 42 871380 1034873
5 0.253014 2 6 961508 1000473
5 0.254013 724 17 902059 1075703
5 0.255012 563 25 936227 1103862
5 0.256012 0 11 948832 996990
5 0.257013 574 20 904437 1069118
5 0.258012 7 19 984815 1028127
5 0.259013 525 93 910100 1065921
5 0.260013 8 7 891310 927595
5 0.261013 648 22 901226 1070210
5 0.262144 515 27 1033729 1221930
5 0.263013 13 9 823662 867952
5 0.264014 961 25 909052 1076517
5 0.265013 12 9 984684 1023895
5 0.266014 667 35 907982 1072775
5 0.267013 507 33 894411 1064656
5 0.268013 0 8 938067 987765
5 0.269013 530 58 898480 1061628
5 0.270013 8 13 943178 1000371
5 0.271013 588 27 901313 1064418
5 0.272013 0 13 940150 990032
5 0.273013 566 21 892318 1068740
5 0.274013 564 28 894684 1065967
5 0.275013 13 13 943343 995089
5 0.276013 508 23 891403 1062587
5 0.277013 6 10 945640 994901
5 0.278013 581 26 900539 1073364
5 0.279013 2 11 948213 1002388
5 0.280013 450 37 922433 1099223
5 0.281012 468 24 939639 1090235
5 0.282012 10 9 951938 996430
5 0.283012 483 81 895112 1063119
5 0.284013 0 12 941917 996643
5 0.285013 580 35 895780 1057270
5 0.286012 545 38 892864 1073023
5 0.287012 5 6 943911 1008040
5 0.288013 542 25 890791 1052403
5 0.289013 8 9 942886 995212
5 0.290013 546 23 895505 1059446
5 0.291013 3 14 947474 996046
5 0.292012 463 48 894274 1050611
5 0.293013 545 46 897065 1071574
5 0.294013 2 5 945146 988093
5 0.295012 454 36 869818 1036671
5 0.296012 0 11 903018 961682
5 0.297013 511 21 898820 1058986
5 0.298012 3 7 916716 974364
5 0.299013 459 19 865797 1029494
5 0.300013 536 40 892345 1065722
5 0.301013 2 4 944885 1000959
5 0.302014 785 29 895302 1074626
5 0.303014 1 13 914852 964675
5 0.304014 690 37 858552 1015074
5 0.305012 2 11 944538 1006158
5 0.306012 584 33 897560 1062310
5 0.307012 432 13 900221 1060499
5 0.308012 0 9 940574 987421
5 0.309012 469 26 900931 1055178
5 0.310013 0 12 945057 961087
5 0.311013 455 22 899209 1015377
5 0.312012 1 6 931082 951875
5 0.313013 493 29 893828 1023902
5 0.314012 483 24 896690 1026701
5 0.315012 0 7 941330 962275
5 0.316012 446 48 899625 1026962
5 0.317014 10 9 944900 960746
5 0.318013 451 31 895827 1023747
5 0.319013 8 10 943991 962337
5 0.320014 506 30 895642 1027542
5 0.321012 399 37 899293 1005316
5 0.322013 0 5 942013 927694
5 0.323012 448 25 899426 1009646
5 0.324013 0 6 907820 940557
5 0.325012 464 34 864969 976036
5 0.326013 4 9 943338 944673
5 0.327013 449 34 896877 1017532
5 0.328012 468 28 889845 999369
5 0.329013 3 6 943892 960181
5 0.330012 379 59 897856 995835
5 0.331012 11 9 942249 975273
5 0.332013 415 167 891010 1004328
5 0.333013 0 5 946275 962813
5 0.334013 458 40 897240 1024980
5 0.335013 453 18 893970 1032092
5 0.336013 0 8 940695 967321
5 0.337013 470 33 875366 999714
5 0.338012 0 7 907507 934442
5 0.339013 497 25 896753 1027222
5 0.340013 0 5 941133 954147
5 0.341013 602 86 893019 1021983
5 0.342013 565 28 901467 1005661
5 0.343012 14 13 943085 972341
5 0.344014 481 40 850317 970285
5 0.345013 0 8 913228 919507
5 0.346014 720 52 862620 1002791
5 0.347012 1 8 941718 957221
5 0.348013 652 32 890169 1000331
5 0.349013 467 27 873518 988768
5 0.350012 0 5 909078 918186
5 0.351013 503 54 900007 1014853
5 0.352013 3 4 937709 938213
5 0.353013 518 23 895972 1013874
5 0.354013 11 7 945232 977084
5 0.355013 485 23 898185 1030166
5 0.356012 465 84 889694 1018728
5 0.357013 2 8 944917 955606
5 0.358012 412 38 898224 1039909
5 0.359013 0 11 943160 952539
5 0.360013 538 18 760024 875946
5 0.361012 0 6 942944 972223
5 0.362013 559 135 898685 1007954
5 0.363012 554 25 901826 1012322
5 0.364013 0 12 906749 937007
5 0.365012 684 33 863482 961724
5 0.366013 7 7 944506 970455
5 0.367013 520 28 894180 1038641
5 0.368013 0 11 940606 936548
5 0.369012 474 55 901654 1013141
5 0.370012 405 21 897456 1031978
5 0.371013 8 8 945281 967788
5 0.372012 456 25 884237 1012478
5 0.373013 2 8 943153 968402
5 0.374013 471 22 901380 1035206
5 0.375012 2 5 942343 954005
5 0.376012 481 27 892211 1026533
5 0.377012 520 45 898159 1027182
5 0.378013 0 8 948943 934717
5 0.379014 428 13 900930 1033377
5 0.380012 0 10 934305 954467
5 0.381013 447 112 900102 1023088
5 0.382012 0 6 942037 966002
5 0.383012 427 21 898603 1020970
5 0.384013 543 18 888809 1022706
5 0.385012 4 3 945933 974795
5 0.386012 523 59 897164 1029674
5 0.387012 3 6 945758 972857
5 0.388014 426 30 890991 1023549
5 0.389012 3 7 944175 959980
5 0.390012 430 23 895710 1028169
5 0.391011 440 28 899332 1033027
5 0.392012 0 12 932504 945199
5 0.393012 533 32 898332 1016722
5 0.394012 2 6 941976 966046
5 0.395013 510 19 900683 1038768
5 0.396012 273 32 910716 996993
5 0.397013 184 5 931639 983341
5 0.398012 407 20 869247 995981
5 0.399012 0 8 907670 945638
5 0.400013 426 31 881876 1008029
5 0.401012 0 6 941414 956978
5 0.402013 499 38 901587 1022337
5 0.403011 151 24 925922 981669
5 0.404013 304 6 915618 993891
5 0.405013 516 64 895208 1034459
5 0.406012 0 8 946952 970934
5 0.407013 399 34 899439 1037641
5 0.408074 0 5 999211 1021482
5 0.409013 524 54 834025 959867
5 0.410013 552 65 900799 1010087
5 0.411013 14 8 939864 949951
5 0.412013 518 79 890811 1013715
5 0.413013 1 7 941124 953933
5 0.414014 523 17 896885 1014011
5 0.415012 22 4 939505 959661
5 0.416012 470 8 898514 1041178
5 0.417012 511 15 901147 1019428
5 0.418012 2 8 941993 956301
5 0.419013 457 16 895132 1032189
5 0.420012 0 9 934648 938449
5 0.421012 453 69 900388 1033209
5 0.422012 4 5 944853 958476
5 0.423012 490 21 893219 1025468
5 0.424013 463 49 892719 1001829
5 0.425012 14 8 943219 940598
5 0.426013 432 30 942376 1066649
5 0.427012 5 8 945967 967933
5 0.428012 427 19 865209 979663
5 0.429012 4 5 910683 926957
5 0.430012 430 30 902364 1021950
5 0.431013 406 23 898419 1035697
5 0.432013 0 9 930814 948908
5 0.433012 608 26 902801 1033707
5 0.434012 2 9 945066 961400
5 0.435012 532 63 898368 1027625
5 0.436011 197 15 920765 974690
5 0.437012 328 9 920107 990339
5 0.438012 477 15 896422 1017330
5 0.439012 2 6 945363 967061
5 0.440013 484 18 886910 1030862
5 0.441013 2 5 940966 971091
5 0.442013 451 23 932056 1028369
5 0.443012 353 27 934658 1066595
5 0.444012 2 10 977390 1016299
5 0.445014 443 18 889794 1025539
5 0.446014 1 5 907192 943573
5 0.447013 484 27 861360 984284
5 0.448013 0 5 939075 954865
5 0.449024 478 43 911981 1027258
5 0.450013 420 29 882093 992335
5 0.451012 1 4 945700 931683
5 0.452012 466 26 891035 1013380
5 0.453014 0 6 943343 961412
5 0.454013 829 24 892201 1012737
5 0.455012 8 8 940333 936962
5 0.456013 594 22 890433 999178
5 0.457013 575 50 897027 1023545
5 0.458012 16 8 943400 958725
5 0.459012 411 80 896761 1023107
5 0.460012 0 8 937142 944489
5 0.461012 471 18 901564 1001623
5 0.462011 10 10 940467 970710
5 0.463012 436 48 934355 1064067
5 0.464013 942 33 930394 1072870
5 0.465013 12 10 938316 960404
5 0.466012 699 44 862471 1007639
5 0.467012 8 9 908578 927009
5 0.468012 625 32 896349 1023084
5 0.469012 591 35 899005 1032596
5 0.470013 9 6 946448 957952
5 0.471012 508 21 900848 1023083
5 0.472013 0 8 940930 961465
5 0.473011 535 34 899755 1032026
5 0.474011 1 7 952705 910191
5 0.475012 480 16 911653 961429
5 0.476011 440 23 901007 958107
5 0.477012 1 2 954550 900670
5 0.478012 417 18 908901 963932
5 0.479012 9 2 953809 898978
5 0.480013 444 32 907251 948373
5 0.481012 44 3 955201 894143
5 0.482012 312 6 921433 937650
5 0.483011 375 20 917329 952384
5 0.484011 0 2 949793 891674
5 0.485012 378 71 911843 956498
5 0.486012 0 2 957529 894946
5 0.487012 342 21 912613 959556
5 0.488011 207 56 795173 759902
5 0.489013 435 1 767708 803299
5 0.490012 936 60 907540 964863
5 0.491013 8 2 955581 900422
5 0.492013 908 19 791530 855019
5 0.493012 3 4 954310 891699
5 0.494013 674 17 909010 967893
5 0.495011 8 5 951797 897394
5 0.496012 448 35 905777 945998
5 0.497012 421 21 913552 959690
5 0.498012 26 4 954578 898222
5 0.499013 374 21 913774 962919
5 0.500012 2 3 943512 894661
5 0.501011 404 24 912065 956462
5 0.502011 130 27 945378 915308
5 0.503011 234 4 924498 931764
5 0.504011 441 8 906189 963684
5 0.505011 12 3 955841 890952
5 0.506013 0 4 347748 322059
5 0.507014 0 0 0 0
5 0.508015 0 0 0 0
5 0.509755 9725 20 843948 1056393
5 0.511543 9950 32 1651763 40139
5 0.512015 8 4 449516 431648
5 0.513016 9194 16 905455 1062328
5 0.514012 1076 84 970145 959047
5 0.515013 1849 5 959318 981205
5 0.516013 730 26 938643 986166
5 0.517012 16 3 991467 928770
5 0.518012 432 42 946466 1000177
5 0.522825 11986 115 4137548 4499208
5 0.523038 0 0 0 0
5 0.525017 5346 4 1021524 1124648
5 0.526021 9701 10 858850 1019641
5 0.527012 3 3 931209 881211
5 0.528014 3536 46 934106 981340
5 0.529014 0 3 992261 926100
5 0.530012 1445 15 927140 1004350
5 0.531013 655 18 921690 965372
5 0.532012 2 5 944458 893247
5 0.533051 726 39 803728 863357
5 0.534013 32 2 918843 865507
5 0.538344 18399 110 3881321 4398528
5 0.539027 69 0 693797 636338
5 0.540019 8515 20 756441 899790
5 0.541014 16 3 941692 890242
5 0.542013 3582 53 897426 983233
5 0.543011 18 2 952614 896119
5 0.544012 679 34 900810 952415
5 0.545012 605 22 906177 965525
5 0.546011 0 6 957369 898502
5 0.547012 429 25 904018 981538
5 0.548013 0 2 922617 868668
5 0.549604 698 65 1413104 1448229
5 0.550014 27 0 296577 281566
5 0.551014 3465 24 883875 1010545
5 0.552013 940 30 878839 923996
5 0.553014 480 6 949583 912213
5 0.554012 1008 23 896609 988217
5 0.555012 4 2 957833 896304
5 0.556012 569 39 896270 969985
5 0.557013 3 3 930124 872604
5 0.558012 522 20 868525 940318
5 0.559012 407 130 906900 974105
5 0.560013 6 6 930120 873122
5 0.561012 535 27 909909 962728
5 0.562013 5 2 929558 870163
5 0.563012 393 22 878118 935407
5 0.564011 3 2 939138 889829
5 0.565012 816 50 905858 953173
5 0.566012 781 50 874925 940605
5 0.567011 10 4 953386 891440
5 0.568015 1162 16 907133 976995
5 0.569012 0 2 946717 898754
5 0.570012 828 44 907395 969480
5 0.571012 24 4 956461 897722
5 0.572012 517 34 897581 956830
5 0.573013 446 15 913236 974167
5 0.574012 0 3 955415 897597
5 0.575012 416 32 918464 955362
5 0.576012 0 2 951082 888937
5 0.577013 453 17 912992 957301
5 0.578012 510 23 911408 966856
5 0.579012 2 3 957126 895067
5 0.580013 428 33 869384 920504
5 0.581013 4 3 958358 897707
5 0.582012 471 28 908835 961373
5 0.583012 1 3 929211 869105
5 0.584012 386 29 868312 919639
5 0.585013 378 31 913784 961188
5 0.586012 0 6 925809 868320
5 0.587012 370 15 874158 940116
5 0.588012 0 4 928101 868923
5 0.589012 481 33 912582 957300
5 0.590011 18 2 955995 889970
5 0.591012 353 31 884096 933735
5 0.592012 510 70 869442 921475
5 0.593012 5 3 950306 902583
5 0.594012 556 34 907987 956443
5 0.595012 10 5 949057 895983
5 0.596011 507 53 901998 948877
5 0.597011 4 4 951342 889952
5 0.598011 368 26 883313 921217
5 0.599012 335 60 876548 919287
5 0.600011 2 5 906900 864166
5 0.601011 381 61 909335 955612
5 0.602012 4 3 953501 895641
5 0.603011 434 86 882482 925585
5 0.604012 0 2 903736 852776
5 0.605011 364 79 871461 906805
5 0.606011 335 16 869048 920063
5 0.607011 0 3 909111 872314
5 0.608011 320 14 839795 1008093
5 0.609010 6 3 883280 956109
5 0.610011 317 28 846267 981586
5 0.611011 10 3 886073 924310
5 0.612010 290 27 836841 978618
5 0.613010 0 3 882888 956646
5 0.614011 356 21 847940 991235
5 0.615011 2 2 882664 921000
5 0.616010 301 27 842875 966293
5 0.617011 301 10 848458 984633
5 0.618011 10 3 883023 955571
5 0.619012 299 58 848205 1002771
5 0.620010 0 2 875803 944770
5 0.621011 313 16 844400 989254
5 0.622011 3 3 883784 942246
5 0.623011 308 20 854439 982981
5 0.624012 0 2 878182 950787
5 0.625011 360 22 856351 1015832
5 0.626012 0 2 924498 985873
5 0.627010 427 33 886799 1023906
5 0.628057 303 37 924364 1094155
5 0.629011 2 2 881623 914330
5 0.630011 387 28 880832 1025192
5 0.631012 2 2 921577 975086
5 0.632011 347 56 827986 986284
5 0.633011 9 3 847036 903916
5 0.634012 337 68 815648 954789
5 0.635012 12 2 882737 928585
5 0.636011 262 39 842425 970789
5 0.637011 8 2 885190 929744
5 0.638012 266 20 850736 1007931
5 0.639011 255 14 843420 1017721
5 0.640011 0 3 877083 921886
5 0.641012 340 32 847819 990700
5 0.642011 10 3 882821 926086
5 0.643010 294 79 847074 990101
5 0.644011 0 3 878234 915611
5 0.645011 331 22 848139 986476
5 0.646010 8 2 881738 950413
5 0.647011 297 15 846267 1009614
5 0.648011 2 2 878885 921059
5 0.649010 318 113 850361 992500
5 0.650011 339 55 845295 1014305
5 0.651012 0 2 881831 943011
5 0.652011 459 28 805017 926966
5 0.653010 4 2 882560 928321
5 0.654011 407 22 847753 990807
5 0.655011 0 2 884925 939371
5 0.656010 312 16 843750 1007059
5 0.657012 1 1 885346 943580
5 0.658011 344 25 843487 1002340
5 0.659011 2 1 883745 930009
5 0.660013 287 32 844155 990528
5 0.661010 0 3 878086 916537
5 0.662011 339 25 848525 1005878
5 0.663012 337 21 853301 965204
5 0.664011 0 2 877440 919461
5 0.665011 587 17 845120 1012469
5 0.666011 26 3 885317 931579
5 0.667010 344 20 846738 1005296
5 0.668012 1 2 879126 941115
5 0.669011 473 57 841961 982812
5 0.670011 6 2 883436 920482
5 0.671011 361 27 844386 992166
5 0.672012 2 2 870655 918696
5 0.673010 475 47 844653 999631
5 0.674011 39 25 884753 973598
5 0.675011 304 5 855562 987156
5 0.676012 579 18 840067 1005274
5 0.677011 0 3 879583 953024
5 0.678011 620 27 880833 1024899
5 0.679011 1 2 920900 988895
5 0.680012 422 22 832289 978102
5 0.681011 2 3 847944 930771
5 0.682011 362 23 821529 965977
5 0.683011 0 5 852066 920911
5 0.684012 415 19 838496 979022
5 0.685012 0 3 886601 951733
5 0.686010 470 27 849201 987305
5 0.687010 323 30 845114 986708
5 0.688011 0 2 878645 926248
5 0.689011 323 14 846701 1017042
5 0.690012 5 3 886587 927484
5 0.691010 317 16 847373 994844
5 0.692010 0 4 877809 952693
5 0.693011 344 26 847313 1001106
5 0.694011 2 2 885670 930128
5 0.695011 274 21 847227 985619
5 0.696011 0 2 880464 944990
5 0.697011 392 23 824349 968492
5 0.698010 0 2 846082 904315
5 0.699010 339 17 848710 992759
5 0.700012 291 38 842516 966027
5 0.701011 0 3 879251 924006
5 0.702011 330 16 849837 1002295
5 0.703010 4 2 880242 952938
5 0.704011 307 26 851436 992229
5 0.705011 0 2 883306 941944
5 0.706011 316 18 848323 996463
5 0.707011 4 1 884085 935734
5 0.708011 301 50 684073 818486
5 0.709020 10 0 40507 45138
5 0.710015 29 1 38103 42242
5 0.711075 0 0 0 0
5 0.712016 35 1 481749 515488
5 0.713013 9772 15 880782 1128717
5 0.714012 24 2 953420 1019899
5 0.715011 2968 35 908896 1077388
5 0.716105 2 1 1004818 1081479
5 0.717014 638 17 798063 942210
5 0.718012 744 43 880664 1021579
5 0.719012 2 1 921461 984180
5 0.720011 372 22 873442 1053722
5 0.721012 18 3 932240 993732
5 0.722013 474 14 866346 1014176
5 0.723013 0 3 900822 951278
5 0.724013 740 81 883036 1037608
5 0.725012 2 2 933557 962726
5 0.726012 557 71 892610 1048451
5 0.727012 573 32 891864 1045064
5 0.728012 0 2 925273 936545
5 0.729012 497 47 892699 1022139
5 0.730011 0 3 937004 968883
5 0.731012 507 23 891544 1054672
5 0.732012 0 3 921217 963964
5 0.733012 576 22 893430 1038313
5 0.734012 506 54 887371 1044252
5 0.735012 3 2 933595 995087
5 0.736013 432 19 886908 1049313
5 0.737012 4 3 932972 977409
5 0.738013 447 24 896469 1045934
5 0.739013 38 22 944385 991651
5 0.740012 385 9 898721 1047977
5 0.741013 516 27 899537 1080006
5 0.742013 14 9 918200 971826
5 0.743013 496 29 865123 1014640
5 0.744013 1 14 937235 986868
5 0.745013 578 34 895479 1059334
5 0.746012 11 11 945860 1000543
5 0.747013 507 78 896034 1062267
5 0.748013 531 28 891738 1066731
5 0.749013 6 8 947820 1000889
5 0.750012 545 29 900128 1061147
5 0.751013 6 6 947254 1003564
5 0.752013 508 29 900824 1049292
5 0.753013 595 32 895118 1059451
5 0.754012 1 6 944815 1008342
5 0.755012 530 34 899729 1053079
5 0.756014 1 12 935353 989149
5 0.757012 682 30 892777 1066231
5 0.758013 4 5 944885 998827
5 0.759013 530 33 894912 1063207
5 0.760014 558 16 887361 1050860
5 0.761014 0 10 950432 1004827
5 0.762012 565 31 897130 1056886
5 0.763125 13 7 1058108 1107782
5 0.764014 702 16 782932 950851
5 0.765012 7 8 943506 1002689
5 0.766013 543 33 896239 1076177
5 0.767014 498 37 900915 1049768
5 0.768013 0 13 941409 991349
5 0.769013 542 53 896004 1060369
5 0.770014 7 8 947027 992936
5 0.771012 533 9 894899 1069850
5 0.772013 17 6 937104 1000114
5 0.773264 525 47 1142874 1315702
5 0.774014 1170 21 645702 816907
5 0.775013 23 9 940470 995234
5 0.776016 1032 59 894375 1060262
5 0.777013 19 14 939948 986970
5 0.778013 811 37 894228 1057517
5 0.779012 242 39 928201 1019673
5 0.780013 328 9 916242 1011850
5 0.781012 650 32 891919 1073596
5 0.782013 24 11 948047 1000066
5 0.783013 537 29 897608 1053608
5 0.784015 8 12 940735 995566
5 0.785015 1339 46 887887 1069825
5 0.786013 772 31 893821 1068823
5 0.787012 4 6 941638 998997
5 0.788013 542 23 890928 1053275
5 0.789013 0 11 946406 994931
5 0.790013 499 30 897337 1059049
5 0.791012 10 8 745215 774321
5 0.792014 950 80 883833 1063133
5 0.793013 15 10 945758 988714
5 0.794013 750 31 893048 1072658
5 0.795013 482 16 896595 1062814
5 0.796012 0 11 935855 995576
5 0.797014 545 26 899793 1067595
5 0.798013 10 4 947721 1001711
5 0.799012 421 24 894284 1070498
5 0.800013 0 15 946959 1006950
5 0.801014 462 26 867250 1029753
5 0.802013 504 31 860877 1026058
5 0.803013 9 10 946792 1008085
5 0.804013 580 63 888018 1055666
5 0.805012 0 14 944553 992992
5 0.806013 603 38 897775 1075097
5 0.807012 6 6 941517 1001010
5 0.808013 487 49 893369 1051840
5 0.809013 457 41 897010 1059895
5 0.810012 6 9 949798 1002652
5 0.811014 374 29 900201 1060587
5 0.812012 1 19 937215 992197
5 0.813013 542 87 898977 1064766
5 0.814012 146 27 932784 1017229
5 0.815012 326 15 913987 1034546
5 0.816012 525 28 894933 1051766
5 0.817012 13 7 947373 988252
5 0.818013 526 29 895211 1061761
5 0.819012 0 10 944973 992904
5 0.820013 421 33 889760 1039882
5 0.821014 560 43 896884 1072751
5 0.822012 9 12 948254 994836
5 0.823012 459 33 902511 1069239
5 0.824013 0 15 939356 987485
5 0.825013 483 17 898788 1058583
5 0.826013 10 8 949244 984822
5 0.827012 465 16 892511 1067714
5 0.828013 490 51 889597 1068619
5 0.829012 2 18 945115 1003820
5 0.830013 519 31 904100 1057043
5 0.831013 4 7 950967 994521
5 0.832014 490 62 895496 1050002
5 0.833012 2 16 947062 1009414
5 0.834023 455 26 905059 1075102
5 0.835013 474 35 860499 1023350
5 0.836013 0 8 902342 963042
5 0.837014 524 65 899107 1056606
5 0.838013 7 9 947174 988047
5 0.839012 484 35 896819 1055557
5 0.840013 0 14 938151 994199
5 0.841013 540 53 896145 1072974
5 0.842013 481 55 898226 1052965
5 0.843013 20 8 944912 1006319
5 0.844013 535 21 891960 1053852
5 0.845013 1 10 947775 995848
5 0.846015 511 49 896881 1071572
5 0.847013 157 17 935722 1008735
5 0.848013 312 13 906319 1037546
5 0.849014 446 56 886356 1039629
5 0.850013 11 7 946597 1000066
5 0.851013 429 42 897511 1070786
5 0.852013 1 8 895999 951644
5 0.853012 753 25 897443 1071512
5 0.854012 136 48 932819 1017510
5 0.855012 327 7 920246 1033724
5 0.856013 464 34 892158 1059602
5 0.857013 0 10 944091 993003
5 0.858012 442 33 899855 1050186
5 0.859012 12 7 948280 995159
5 0.860013 507 35 896037 1048956
5 0.861012 479 32 898294 1073730
5 0.862013 18 9 947666 992708
5 0.863013 468 19 900316 1052427
5 0.864015 2 9 939574 987347
5 0.865013 806 74 888614 1061705
5 0.866013 4 15 950323 1003721
5 0.867013 679 59 895269 1060967
5 0.868012 533 26 887757 1055060
5 0.869012 8 13 941292 1003242
5 0.870014 471 30 906795 1073075
5 0.871013 0 7 947252 997329
5 0.872014 410 43 893849 1055450
5 0.873013 14 12 944606 994918
5 0.874013 558 16 899173 1067578
5 0.875013 397 33 902700 1059802
5 0.876013 4 16 941368 990998
5 0.877013 385 31 905296 1068323
5 0.878014 4 10 944480 1006978
5 0.879012 493 25 898468 1058406
5 0.880013 2 15 903939 961062
5 0.881013 581 38 863618 1032933
5 0.882012 484 23 896094 1064279
5 0.883012 0 8 946578 1003525
5 0.884015 761 25 895096 1063610
5 0.885013 8 11 936308 999921
5 0.886013 1070 80 899395 1076022
5 0.887012 232 19 926069 1028018
5 0.888013 345 7 917308 1018369
5 0.889018 908 30 902804 1074971
5 0.890014 7 8 939437 992515
5 0.891012 739 30 892763 1064920
5 0.892014 4 7 936905 981144
5 0.893013 627 20 898620 1062628
5 0.894014 519 24 897861 1061564
5 0.895012 0 7 944422 991122
5 0.896013 450 29 893477 1058564
5 0.897012 12 8 944805 985484
5 0.898013 406 19 897473 1066706
5 0.899013 4 17 946489 996134
5 0.900013 444 40 890673 1053821
5 0.901013 477 38 897171 1057490
5 0.902012 4 12 945473 969019
5 0.903013 429 20 904063 1018190
5 0.904013 2 7 938435 959024
5 0.905012 359 45 894537 1018688
5 0.906012 8 9 944160 975860
5 0.907013 381 25 901079 1015385
5 0.908012 396 26 894105 1022004
5 0.909013 5 8 947128 958222
5 0.910014 409 36 899159 1032854
5 0.911012 1 3 943094 951932
5 0.912013 415 26 887185 1001624
5 0.913012 0 4 943172 965829
5 0.914012 494 74 901212 1027197
5 0.915013 411 24 902097 1033508
5 0.916012 2 11 936530 954317
5 0.917012 398 21 899418 1026977
5 0.918012 5 6 944023 956510
5 0.919013 392 34 899890 1027548
5 0.920012 472 31 890637 1029869
5 0.921012 4 6 940747 972690
5 0.922012 429 24 892721 1018665
5 0.923012 1 8 914527 907680
5 0.924012 426 20 887561 1011639
5 0.925012 0 6 945866 943060
5 0.926013 418 19 899960 1030394
5 0.927013 426 13 896319 1038372
5 0.928012 0 5 936754 936526
5 0.929012 403 30 895533 1026957
5 0.930012 0 4 943799 966245
5 0.931012 439 14 900814 1024788
5 0.932012 0 7 907890 939979
5 0.933014 473 29 869320 992729
5 0.934012 495 24 899684 1010362
5 0.935012 0 6 943024 971144
5 0.936014 437 27 893773 1038546
5 0.937013 2 11 944155 953131
5 0.938012 424 15 898761 1035060
5 0.939012 18 8 943960 962063
5 0.940013 382 23 895634 1001552
5 0.941013 525 20 898013 1026101
5 0.942013 8 7 942276 965915
5 0.943013 516 65 894745 1012169
5 0.944013 0 6 938031 956423
5 0.945013 453 17 899705 1008207
5 0.946013 0 10 943348 972169
5 0.947013 428 19 902014 1010906
5 0.948013 416 16 892110 1002878
5 0.949012 0 5 943110 967628
5 0.950013 413 49 901469 1020778
5 0.951012 3 7 944261 958848
5 0.952013 382 23 892438 1010044
5 0.953012 6 13 943335 970281
5 0.954012 412 67 901381 1018739
5 0.955012 425 60 899119 1005503
5 0.956012 0 7 935185 965477
5 0.957013 436 66 900230 1014837
5 0.958014 0 6 943292 922281
5 0.959013 464 22 900725 996732
5 0.960012 386 39 896123 980895
5 0.961012 64 6 942551 949969
5 0.962013 441 34 894809 1038748
5 0.963013 4 12 913782 925734
5 0.964014 540 26 862831 991116
5 0.965014 0 11 943551 948802
5 0.966012 575 37 896032 1013126
5 0.967012 308 31 912427 1013789
5 0.968014 156 8 931579 978857
5 0.969013 464 29 896852 1002377
5 0.970013 12 12 944622 963601
5 0.971013 398 23 899761 1029825
5 0.972013 3 8 905640 918981
5 0.973013 507 29 868604 1003165
5 0.974012 0 8 909416 912562
5 0.975012 440 49 901778 1013913
5 0.976013 451 28 891853 1032682
5 0.977012 9 6 941275 964190
5 0.978012 463 33 905560 1032334
5 0.979013 11 6 945301 951072
5 0.980013 534 13 894383 1012987
5 0.981012 537 36 898330 1002634
5 0.982013 0 4 949843 958150
5 0.983012 470 25 899849 1017679
5 0.984012 0 5 938354 939236
5 0.985013 455 21 903105 1006465
5 0.986012 4 7 943014 983351
5 0.987012 489 37 895775 1025168
5 0.988012 453 25 898613 1011442
5 0.989012 15 6 942181 964643
5 0.990012 453 11 901765 1014788
5 0.991012 1 6 942835 961584
5 0.992013 485 52 892774 1033986
5 0.993013 8 8 946380 966060
5 0.994013 621 62 899600 1026940
5 0.995015 765 28 896406 1039368
5 0.996013 4 5 933653 956042
5 0.997013 823 35 897941 1012276
5 0.998013 15 6 942268 946769
5 0.999013 582 19 898414 1021453
5 1.000013 0 4 942308 956230
5 1.001012 505 26 898138 1002383
5 1.002013 490 39 902057 1017550
5 1.003013 12 4 943174 951496
5 1.004013 459 11 887067 1011046
5 1.005012 0 9 942260 963109
5 1.006013 490 18 900002 1016926
5 1.007013 1 6 880274 904791
5 1.008012 457 38 891514 1015356
5 1.009014 490 61 901081 1023477
5 1.010762 1256 58 1555661 1717779
5 1.011014 26 8 212888 219770
5 1.012014 0 7 936948 972304
5 1.013014 1676 25 860849 1006194
5 1.014013 16 5 905939 943522
5 1.015014 708 43 895968 1018943
5 1.016013 638 45 891343 1007230
5 1.017014 0 8 945452 946055
5 1.018014 525 35 898412 1008474
5 1.019012 8 8 939567 960364
5 1.020013 535 28 890149 1016889
5 1.021012 12 7 943974 962462
5 1.022012 442 16 898132 1024710
5 1.023013 405 29 898449 1013638
5 1.024012 4 9 936061 957523
5 1.025012 448 33 872002 996180
5 1.026011 2 9 907601 921455
5 1.027012 405 25 903558 1019383
5 1.028012 0 10 935526 948273
5 1.029012 465 38 900196 1012954
5 1.030012 449 22 895708 1033713
5 1.031011 0 6 941185 970649
5 1.032013 497 43 889034 987662
5 1.033012 0 3 945406 954311
5 1.034013 438 24 898097 1041060
5 1.035012 6 6 941976 951549
5 1.036012 429 40 891727 1019266
5 1.037012 438 18 898382 1020616
5 1.038014 6 7 944796 943076
5 1.039012 449 32 897819 1030083
5 1.040012 4 2 935570 951937
5 1.041013 424 41 897401 1024166
5 1.042011 150 32 931769 969028
5 1.043012 257 8 890928 962128
5 1.044013 482 14 858482 977663
5 1.045012 5 7 946338 950102
5 1.046014 501 25 904735 1032635
5 1.047013 8 6 941251 978941
5 1.048013 702 27 894326 1022910
5 1.049013 273 37 929061 974224
5 1.050013 209 5 929333 987150
5 1.051013 509 43 902658 1032428
5 1.052014 6 5 941766 952159
5 1.053012 587 21 896127 1016553
5 1.054013 4 3 946358 962747
5 1.055014 473 14 901126 1030573
5 1.056014 464 34 897928 1013415
5 1.057014 2 5 946040 969831
5 1.058012 456 46 901103 1021157
5 1.059013 0 13 947115 974169
5 1.060012 481 49 870090 997316
5 1.061013 0 7 906367 903514
5 1.062012 556 45 865843 989463
5 1.063012 353 30 873860 971604
5 1.064013 83 6 900519 934918
5 1.065014 808 37 861248 996067
5 1.066012 4 10 921750 914364
5 1.067011 661 25 918243 962181
5 1.068012 0 5 917843 862870
5 1.069012 632 14 907254 962929
5 1.070010 203 16 937187 918342
5 1.071012 300 5 930972 930099
5 1.072012 450 9 904243 964309
5 1.073012 6 2 955552 898151
5 1.074013 480 35 910877 969143
5 1.075012 3 3 953052 892403
5 1.076013 414 14 905138 957827
5 1.077012 416 14 911718 963881
5 1.078013 9 2 958317 900792
5 1.079012 346 32 914530 946718
5 1.080011 0 3 946896 889553
5 1.081012 435 18 917140 964375
5 1.082010 174 31 935820 918690
5 1.083014 175 6 941973 920125
5 1.084012 378 26 898685 957632
5 1.085011 4 5 954802 890619
5 1.086012 408 54 912499 962518
5 1.087011 4 3 955866 895704
5 1.088012 371 30 907800 956696
5 1.089012 399 23 909363 967499
5 1.090012 6 4 956224 893485
5 1.091011 367 14 915807 953088
5 1.092011 0 5 938559 882691
5 1.093012 392 48 912948 961286
5 1.094011 178 24 935299 914995
5 1.095013 291 5 931748 932636
5 1.096012 561 49 899512 949444
5 1.097012 7 3 956233 892546
5 1.098011 456 23 910942 955517
5 1.099010 0 3 957990 897315
5 1.100011 348 40 906789 956507
5 1.101011 344 17 908423 960715
5 1.102010 0 2 959615 903876
5 1.103015 575 35 917333 969523
5 1.104012 0 3 941479 886059
5 1.105013 598 37 883144 939419
5 1.106012 24 4 918428 867508
5 1.107011 499 39 903269 966787
5 1.108012 466 14 907457 946183
5 1.109012 3 2 953619 897738
5 1.110012 451 25 907166 961831
5 1.112448 1329 12 2286360 2350804
5 1.113019 8372 18 454783 611064
5 1.114015 30 5 945778 891706
5 1.115014 2960 11 895178 972447
5 1.116014 15 4 941149 885583
5 1.117013 742 13 901504 966030
5 1.118012 40 4 952996 898032
5 1.121836 12858 148 3518541 3806272
5 1.122016 24 3 136198 126846
5 1.123015 37 3 925406 878434
5 1.124013 5209 72 849376 934027
5 1.125012 1 4 915591 857411
5 1.126013 1405 16 863761 929295
5 1.127013 519 15 873565 921393
5 1.128013 42 4 918077 862857
5 1.129012 596 27 937694 1005066
5 1.130012 5 3 955868 902466
5 1.131013 496 20 911671 958596
5 1.132013 1124 45 1597562 1657545
5 1.133018 1 3 240641 233249
5 1.134014 3503 19 892764 970742
5 1.135013 0 2 951147 900042
5 1.136012 1412 26 903030 950352
5 1.137013 16 2 958704 898081
5 1.138013 585 15 910892 956454
5 1.139012 157 17 948040 913983
5 1.140012 314 5 914336 925504
5 1.141013 464 20 913148 962960
5 1.142012 1 7 958965 900668
5 1.143012 438 31 915145 962002
5 1.144013 0 2 950459 897568
5 1.145013 431 20 912985 962806
5 1.146013 406 14 911575 960368
5 1.147012 11 2 957652 894173
5 1.148014 403 18 904886 963018
5 1.149014 8 3 944912 885194
5 1.150011 378 16 906659 965165
5 1.151011 254 25 941418 936324
5 1.152012 194 5 928325 907919
5 1.153012 445 14 905715 972475
5 1.154013 10 2 959269 901257
5 1.155013 415 29 918622 956051
5 1.156012 0 3 951266 887936
5 1.157013 401 33 912035 952752
5 1.158012 430 23 915326 952556
5 1.159012 12 2 958458 896202
5 1.160012 352 25 909219 943725
5 1.161012 10 3 957828 899475
5 1.162013 355 20 916059 955759
5 1.163012 400 9 906788 974873
5 1.164011 8 4 951250 890283
5 1.165015 860 55 901615 975744
5 1.166011 14 3 951909 897413
5 1.167012 628 23 911318 962684
5 1.168013 0 4 948795 892991
5 1.169011 565 19 909485 947586
5 1.170012 416 37 912836 959691
5 1.171012 2 7 957672 893455
5 1.172012 477 63 898685 947214
5 1.173012 0 2 947202 891817
5 1.174012 621 36 900245 959304
5 1.175011 123 23 943998 901979
5 1.176012 286 4 915585 917952
5 1.177012 434 10 906380 952240
5 1.178012 9 4 951042 889280
5 1.179011 330 19 909259 948692
5 1.180011 0 3 940838 880269
5 1.181012 351 22 909839 947225
5 1.182024 357 13 924269 973907
5 1.183012 13 3 933396 869733
5 1.184011 333 37 903000 942962
5 1.185011 0 4 950429 891177
5 1.186011 355 41 915000 942429
5 1.187012 18 5 952765 893985
5 1.188011 293 27 898953 945888
5 1.189012 357 25 915341 939368
5 1.190012 8 3 951018 895867
5 1.191012 341 38 916112 931771
5 1.192012 0 1 943929 888847
5 1.193011 320 30 909986 955071
5 1.194011 318 21 885203 911718
5 1.195011 10 2 914052 856149
5 1.196011 307 29 896764 961521
5 1.197012 0 3 920112 972950
5 1.198010 345 30 885443 1020137
5 1.199010 0 2 898436 964930
5 1.200012 268 23 846477 993821
5 1.201011 0 4 880962 925140
5 1.202030 311 25 867961 1019850
5 1.203012 499 29 826759 977069
5 1.204012 0 2 880024 947141
5 1.205012 493 23 845419 1003458
5 1.206011 3 2 884729 950151
5 1.207010 280 37 843886 1000838
5 1.208011 0 3 877958 955617
5 1.209011 379 33 847788 978691
5 1.210011 1 3 884351 940473
5 1.211012 308 25 850195 977168
5 1.212011 0 2 846067 912703
5 1.213014 385 33 815006 978645
5 1.214012 16 1 876608 948109
5 1.215011 654 54 843482 982949
5 1.216011 410 27 837120 985183
5 1.217011 7 2 918028 974105
5 1.218011 336 11 878257 1043288
5 1.219011 12 1 920500 979206
5 1.220011 373 63 874556 1025909
5 1.221011 14 1 875569 928856
5 1.222011 363 25 812310 966631
5 1.223011 3 3 882560 917506
5 1.224011 283 32 844994 963886
5 1.225011 0 3 883225 950177
5 1.226012 414 42 847135 1005860
5 1.227011 300 16 843775 989850
5 1.228012 0 2 879884 908906
5 1.229011 321 32 850194 977499
5 1.230011 1 2 882950 923159
5 1.231011 325 26 847982 993062
5 1.232013 4 3 895365 946338
5 1.233011 340 23 886141 1021400
5 1.234010 7 3 874049 926589
5 1.235011 339 23 813717 986138
5 1.236011 0 2 875860 937530
5 1.237010 331 47 849194 1002947
5 1.238011 245 19 852833 964275
5 1.239012 37 4 887821 945820
5 1.240011 291 27 808083 918650
5 1.241012 0 1 883767 949108
5 1.242011 345 16 846206 978426
5 1.243012 1 2 884136 938304
5 1.244010 262 29 838967 982405
5 1.245011 2 3 894433 948920
5 1.246011 345 25 890925 1026530
5 1.247011 0 2 876799 929758
5 1.248011 351 19 803045 958866
5 1.249011 0 3 887292 952778
5 1.250011 358 15 845326 977917
5 1.251010 301 26 845747 980295
5 1.252011 2 2 874417 925175
5 1.253011 311 20 846138 1001456
5 1.254011 2 2 886793 922613
5 1.255010 293 23 864738 991652
5 1.256010 0 2 918847 972208
5 1.257011 342 27 889734 1014225
5 1.258012 0 3 923076 999083
5 1.259011 320 33 884027 1023686
5 1.260011 304 11 835257 997726
5 1.261011 0 3 850401 934836
5 1.262011 333 34 844791 963001
5 1.263011 2 2 882908 946264
5 1.264114 313 28 960153 1121767
5 1.265011 0 2 825940 883855
5 1.266012 482 20 894772 1030764
5 1.267010 0 2 924150 991631
5 1.268011 393 24 834914 998597
5 1.269011 0 3 849263 913571
5 1.270011 356 38 844955 977529
5 1.271011 315 21 850837 993001
5 1.272010 0 0 870299 920290
5 1.273011 362 54 847143 996998
5 1.274011 0 2 881539 913645
5 1.275011 266 36 848252 995425
5 1.276011 2 2 877153 925430
5 1.277011 362 9 847239 978461
5 1.278011 6 2 880880 946534
5 1.279010 337 35 847607 1010387
5 1.280011 2 2 877520 920888
5 1.281010 378 16 846069 995087
5 1.282011 1 1 889782 932817
5 1.283010 310 28 848335 1000513
5 1.284011 328 29 842996 1002572
5 1.285011 2 3 879986 920026
5 1.286012 387 22 846625 1008150
5 1.287011 1 2 880932 938943
5 1.288011 362 15 852924 1010018
5 1.289012 0 5 927791 988460
5 1.290013 360 23 847731 975913
5 1.291011 6 3 849145 924776
5 1.292012 314 28 822350 970635
5 1.293011 4 3 883047 947028
5 1.294011 390 27 844913 972971
5 1.295011 349 41 845862 991447
5 1.296011 2 0 879087 937405
5 1.297012 381 23 842765 1002341
5 1.298012 0 2 885897 928043
5 1.299011 323 20 843248 1000857
5 1.300012 2 3 879978 944338
5 1.301013 322 61 875168 1032497
5 1.302012 0 3 936572 991535
5 1.303013 519 11 891530 1044570
5 1.304012 594 14 889433 1009257
5 1.305012 30 3 935086 981004
5 1.306012 495 35 892034 1034786
5 1.307012 4 2 934194 990342
5 1.308012 432 19 888017 1021789
5 1.309012 2 0 935593 968545
5 1.310012 461 20 893787 1051256
5 1.311012 49 23 885269 945831
5 1.312013 331 6 826496 944412
5 1.313013 479 29 857535 997609
5 1.314012 2 2 894341 940579
5 1.315011 511 25 865587 1008984
5 1.316012 0 2 971228 1015350
5 1.317012 484 49 877280 1029104
5 1.318013 11 3 895738 934809
5 1.319012 411 17 856734 1010622
5 1.320012 4 3 890788 925494
5 1.321013 392 58 852002 1003117
5 1.322013 987 12 863052 1028919
5 1.323012 2 3 935924 994434
5 1.324013 541 26 886914 1029422
5 1.325013 4 2 935841 963166
5 1.326012 488 20 890608 1036193
5 1.327011 0 2 936604 973840
5 1.328012 446 17 899194 1024171
5 1.329012 492 33 895658 1064037
5 1.330013 0 9 948714 992000
5 1.331012 505 26 898372 1064358
5 1.332012 0 10 936168 982828
5 1.333012 521 17 898582 1068284
5 1.334013 184 24 967766 1066740
5 1.335012 255 6 924900 1032247
5 1.336013 523 27 891960 1061566
5 1.337013 8 5 921676 981983
5 1.338013 550 43 859937 1028999
5 1.339012 5 8 945461 982173
5 1.340012 491 56 892371 1045761
5 1.341011 219 52 927870 1024363
5 1.342012 276 14 925185 1020333
5 1.343012 517 35 899061 1061232
5 1.344013 6 12 939571 990450
5 1.345014 581 29 908259 1063702
5 1.346013 6 21 945055 988600
5 1.347012 528 51 896294 1063287
5 1.348012 512 31 888786 1060134
5 1.349012 0 5 948290 990503
5 1.350013 530 64 898857 1070737
5 1.351012 6 4 945359 1005997
5 1.352013 464 58 891148 1071156
5 1.353013 0 10 950881 1006176
5 1.354012 485 24 895370 1062380
5 1.355012 487 19 902107 1058124
5 1.356013 0 5 935408 988697
5 1.357013 513 25 895758 1052494
5 1.358012 5 10 951333 987108
5 1.359013 441 36 892647 1060282
5 1.360013 10 24 942283 994268
5 1.361012 571 22 888886 1066291
5 1.362013 571 33 936219 1098023
5 1.363012 6 7 945533 1004305
5 1.364013 522 21 895154 1055292
5 1.365014 0 9 917185 972339
5 1.366013 651 34 855986 1034893
5 1.367012 8 9 943007 994009
5 1.368012 494 24 890662 1057349
5 1.369013 493 22 902303 1051300
5 1.370013 8 5 946171 998010
5 1.371013 450 30 899595 1062761
5 1.372013 2 17 939824 997347
5 1.373013 480 37 900258 1061120
5 1.374012 436 52 897591 1059849
5 1.375013 0 8 942621 996585
5 1.376013 522 43 884587 1052874
5 1.377013 3 9 946366 1001246
5 1.378012 471 58 935771 1102908
5 1.379012 2 9 946313 996759
5 1.380012 457 27 895100 1055971
5 1.381013 482 48 899261 1072608
5 1.382012 0 10 946179 1003688
5 1.383013 474 53 898483 1065368
5 1.384013 2 7 943765 984444
5 1.385013 474 31 898764 1078985
5 1.386012 9 11 948814 999308
5 1.387013 453 24 898804 1068400
5 1.388013 489 54 858211 1025826
5 1.389013 11 8 946320 986048
5 1.390013 496 34 896644 1071272
5 1.391012 4 10 943031 991417
5 1.392013 483 19 886429 1052293
5 1.393012 1 10 945863 989915
5 1.394013 500 25 888809 1064295
5 1.395013 512 23 901903 1068120
5 1.396013 0 21 938122 992914
5 1.397013 534 31 902351 1071270
5 1.398013 0 10 944091 1007124
5 1.399012 460 72 897967 1062272
5 1.400012 291 54 912088 1036775
5 1.401013 146 14 937612 997220
5 1.402013 507 124 895183 1075572
5 1.403013 16 18 946924 995862
5 1.404012 490 52 933166 1089042
5 1.405013 3 20 978694 1037078
5 1.406013 555 70 892601 1071199
5 1.407013 475 34 862129 1030745
5 1.408012 0 9 938601 981158
5 1.409012 509 43 896549 1077370
5 1.410012 8 14 945103 1008831
5 1.411013 516 30 897786 1065718
5 1.412013 0 11 938378 990778
5 1.413012 515 33 897463 1059174
5 1.414013 499 60 897346 1071773
5 1.415013 2 8 944616 1003265
5 1.416013 524 105 888559 1059326
5 1.417013 2 12 943053 996035
5 1.418013 466 68 900228 1069625
5 1.419013 11 7 948118 991862
5 1.420014 435 51 924396 1086310
5 1.421014 582 70 934596 1114713
5 1.422013 0 5 939651 990282
5 1.423012 538 25 861871 1033555
5 1.424013 1 10 938730 976772
5 1.425012 499 48 898399 1054698
5 1.426013 505 78 898056 1070356
5 1.427015 0 10 951518 999464
5 1.428013 744 36 887635 1059918
5 1.429013 20 12 945985 994127
5 1.430014 633 35 900305 1055681
5 1.431013 0 15 944292 994025
5 1.432014 646 35 890124 1056584
5 1.433013 555 70 901457 1051931
5 1.434012 8 12 943003 988656
5 1.435012 521 28 899585 1068248
5 1.436013 0 15 939621 997476
5 1.437012 566 28 899613 1067739
5 1.438012 0 8 946239 994123
5 1.439012 502 31 899759 1057500
5 1.440013 494 19 893720 1050364
5 1.441013 4 12 946292 1002184
5 1.442012 476 34 899277 1059812
5 1.443012 3 11 945739 994555
5 1.444012 457 37 892984 1057577
5 1.445012 179 39 927043 1027953
5 1.446013 309 9 926320 1031225
5 1.447013 482 27 896571 1059002
5 1.448012 0 10 939762 985209
5 1.449013 479 28 904147 1071971
5 1.450012 2 11 947862 1004905
5 1.451013 493 42 900786 1063803
5 1.452012 535 55 888648 1044283
5 1.453012 5 9 944504 996952
5 1.454014 525 28 900038 1069251
5 1.455012 4 9 941132 993385
5 1.456014 525 28 893634 1055075
5 1.457012 4 16 943472 989555
5 1.458012 486 23 899014 1066633
5 1.459012 448 14 899657 1065441
5 1.460013 6 11 937580 998843
5 1.461012 461 26 902038 1060560
5 1.462012 0 6 944030 1007684
5 1.463013 545 19 899205 1065738
5 1.464014 0 14 939352 1005279
5 1.465014 795 33 894405 1069243
5 1.466012 1020 32 892433 1060551
5 1.467014 5 7 946009 991198
5 1.468012 643 31 889900 1064099
5 1.469012 2 10 945948 998620
5 1.470013 504 25 898430 1069476
5 1.471013 6 8 915358 958161
5 1.472012 415 73 856588 1017060
5 1.473014 511 101 899423 1068758
5 1.474013 0 13 942429 996222
5 1.475013 656 83 894017 1071588
5 1.476012 0 18 939056 989165
5 1.477013 632 15 894885 1070031
5 1.478013 4 6 947501 986833
5 1.479012 487 22 899204 1066331
5 1.480013 551 73 891148 1050672
5 1.481013 2 6 946749 996536
5 1.482013 456 51 901989 1071941
5 1.483012 0 11 946922 1004150
5 1.484012 475 18 893507 1060363
5 1.485012 530 28 895799 1066329
5 1.486012 4 9 949441 1009503
5 1.487012 463 50 897649 1057757
5 1.488013 0 19 940471 988218
5 1.489013 442 38 896383 1063807
5 1.490012 0 11 944848 985283
5 1.491013 456 24 898951 1060121
5 1.492012 504 62 892789 1046097
5 1.493013 10 9 944637 952077
5 1.494014 571 24 899339 1026194
5 1.495012 0 7 937864 944199
5 1.496012 497 41 891141 1016547
5 1.497012 10 7 944882 929702
5 1.498013 471 39 899009 1000519
5 1.499013 400 22 900117 1017845
5 1.500012 7 6 931349 915910
5 1.501012 463 22 899802 1026106
5 1.502013 0 11 943683 961169
5 1.503012 488 33 896443 1011485
5 1.504012 0 9 935451 940104
5 1.505013 467 33 899361 1030543
5 1.506013 419 26 898216 1018916
5 1.507012 12 6 941418 959274
5 1.508013 439 43 894583 1014667
5 1.509012 6 6 943839 957978
5 1.510013 428 27 901023 1001409
5 1.511012 9 6 915542 939619
5 1.512013 417 9 858432 983757
5 1.513013 518 13 897121 1032029
5 1.514013 0 8 942543 975924
5 1.515012 481 22 905035 1030783
5 1.516012 3 7 939344 957705
5 1.517012 436 20 895902 1027457
5 1.518012 192 22 925676 988913
5 1.519012 214 10 922691 971484
5 1.520013 410 37 891559 1027063
5 1.521012 0 8 944213 966486
5 1.522013 484 16 896654 1027550
5 1.523012 0 9 940678 941293
5 1.524013 466 19 895498 1005306
5 1.525012 377 22 872836 967669
5 1.526012 38 7 908357 933871
5 1.527013 428 27 900606 1015236
5 1.528012 2 3 939827 961393
5 1.529014 466 40 898905 1038632
5 1.530013 14 6 943797 957112
5 1.531013 465 27 870498 1010245
5 1.532013 37 20 901212 919230
5 1.533015 341 6 907802 1017463
5 1.534013 724 46 898275 1004383
5 1.535012 0 4 939498 945964
5 1.536012 551 48 891376 1020651
5 1.537013 0 8 941768 970017
5 1.538012 452 37 897707 1001182
5 1.539012 405 44 898056 1003932
5 1.540013 0 10 938864 951857
5 1.541013 559 26 899660 1027760
5 1.542013 4 8 943114 981384
5 1.543012 410 22 899797 1024001
5 1.544012 1 9 938747 968077
5 1.545012 443 28 896634 1027982
5 1.546013 485 40 896327 1028048
5 1.547012 13 5 941349 959733
5 1.548013 487 30 891738 1015544
5 1.549012 10 9 944189 969341
5 1.550013 441 33 897442 1032067
5 1.551013 16 9 945375 951332
5 1.552013 417 22 891626 1017676
5 1.553013 406 17 898009 994025
5 1.554012 0 5 941183 940945
5 1.555013 372 38 874686 1003178
5 1.556012 0 5 898900 901072
5 1.557012 408 31 899124 1011625
5 1.558014 0 11 944786 959954
5 1.559013 403 28 902941 1033033
5 1.560012 366 27 889315 1014641
5 1.561013 11 2 943985 945958
5 1.562013 384 32 902859 1011494
5 1.563012 3 5 942677 972948
5 1.564013 404 39 888876 999122
5 1.565014 0 7 947102 967419
5 1.566013 581 43 899292 1019184
5 1.567014 539 34 898022 1026190
5 1.568012 0 5 933298 947451
5 1.569013 512 25 901273 1022179
5 1.570012 9 9 942646 943526
5 1.571013 432 13 896697 1027008
5 1.572013 0 7 928400 931457
5 1.573013 544 15 904152 1005018
5 1.574013 470 35 900417 1041219
5 1.575013 7 7 945038 966202
5 1.576013 536 24 852963 988385
5 1.577013 5 12 942828 933405
5 1.578013 560 21 897887 1029942
5 1.579012 259 12 922168 989471
5 1.580013 215 10 921459 988869
5 1.581013 470 13 895567 1021876
5 1.582013 0 39 943316 966034
5 1.583013 447 21 871307 992564
5 1.584013 0 5 904045 924613
5 1.585013 448 83 894467 1033879
5 1.586012 177 78 935294 976792
5 1.587012 254 6 920159 1002455
5 1.588012 432 18 891097 1017850
5 1.589012 0 6 946312 966084
5 1.590014 475 50 899512 1026028
5 1.591013 8 5 942299 968740
5 1.592015 427 27 902767 1012429
5 1.593014 987 54 890340 1011495
5 1.594013 20 6 938999 969834
5 1.595012 702 25 892135 1033988
5 1.596013 0 4 941123 930814
5 1.597013 541 24 901683 1000634
5 1.598012 7 7 942401 952749
5 1.599012 533 26 899522 1013704
5 1.600013 585 28 893075 1019859
5 1.601013 8 5 943003 983034
5 1.602013 455 22 901841 1031680
5 1.603012 0 5 942814 958524
5 1.604012 411 32 891354 1023070
5 1.605012 7 8 946631 974489
5 1.606013 462 53 894480 1020691
5 1.607012 443 53 898433 1011860
5 1.608013 0 8 935123 942058
5 1.609013 411 37 895810 1007691
5 1.610013 0 7 948465 962656
5 1.611013 442 62 898749 1022449
5 1.612012 0 3 937570 958270
5 1.613012 490 30 897107 1036921
5 1.614012 444 35 897555 1018184
5 1.615012 6 8 942365 948339
5 1.616013 503 19 898173 1007043
5 1.617012 0 10 943304 977818
5 1.618012 458 45 898742 1024079
5 1.619012 447 35 901360 1010518
5 1.620014 0 9 936855 959726
5 1.621012 458 27 895294 1018535
5 1.622013 0 4 946132 954750
5 1.623012 423 29 897643 1033560
5 1.624012 0 5 930158 955443
5 1.625013 456 24 899896 1041906
5 1.626012 532 52 900453 1030732
5 1.627012 0 5 945186 951282
5 1.628012 604 26 894151 1025291
5 1.629064 0 5 997173 1007654
5 1.630012 539 32 852135 981423
5 1.631012 8 7 951786 972469
5 1.632012 497 28 891987 1008268
5 1.633013 615 23 901897 1030379
5 1.634014 0 3 944700 971499
5 1.635013 531 28 902811 1020782
5 1.636012 0 9 938885 948288
5 1.637011 524 57 908200 1028100
5 1.638012 0 4 946521 985874
5 1.639016 560 36 899567 1036604
5 1.640013 1143 55 886461 1023970
5 1.641013 0 6 946695 968172
5 1.642013 668 52 899049 1030573
5 1.643011 4 10 942515 959159
5 1.644014 505 41 941521 1064927
5 1.645013 590 33 900597 1006199
5 1.646012 11 5 945670 964975
5 1.647012 529 21 903112 1035925
5 1.648012 0 9 939270 938444
5 1.649011 633 20 898716 1029138
5 1.650013 0 8 948524 967251
5 1.651012 521 54 902937 1018574
5 1.652013 501 24 894480 1013742
5 1.653013 4 5 947162 973840
5 1.654012 491 27 899742 1022107
5 1.655012 0 5 946257 958228
5 1.656013 462 31 898336 1017166
5 1.657012 3 2 952767 895869
5 1.658012 542 49 909267 949485
5 1.659011 402 30 911787 952612
5 1.660012 0 3 949938 890437
5 1.661012 467 15 909617 955905
5 1.662011 2 3 955507 897125
5 1.663012 413 38 908542 965207
5 1.664012 395 23 902175 959634
5 1.665011 0 4 954153 900125
5 1.666013 480 17 949875 985553
5 1.667012 12 3 993767 937793
5 1.668011 495 36 946033 976270
5 1.669011 439 15 950094 1002969
5 1.670013 2 4 995896 933397
5 1.671012 427 46 900796 955457
5 1.672012 0 4 915986 860295
5 1.673012 411 19 911228 961364
5 1.674012 97 28 949625 908955
5 1.675012 221 6 929791 928280
5 1.676013 406 10 907517 959105
5 1.677011 11 3 954564 893691
5 1.678012 406 20 881543 934563
5 1.679011 7 2 921202 860426
5 1.680013 366 31 909984 949066
5 1.681013 434 20 911227 961667
5 1.682012 0 5 956399 896386
5 1.683013 304 39 917029 952798
5 1.684011 0 3 945172 888879
5 1.685012 371 34 914918 968120
5 1.686012 17 5 955503 900366
5 1.687012 351 30 911923 958703
5 1.688012 363 42 904532 956421
5 1.689011 8 2 956637 893008
5 1.690013 335 23 913814 960686
5 1.691012 2 2 955259 897822
5 1.692011 425 26 901378 949255
5 1.693013 504 20 907291 973582
5 1.694012 8 4 953977 894070
5 1.695012 397 21 907017 956325
5 1.696012 4 3 950346 890010
5 1.697012 362 32 915163 953122
5 1.698012 4 2 956447 896294
5 1.699011 355 24 913527 956657
5 1.700013 375 21 903169 969183
5 1.701012 9 2 953217 894954
5 1.702011 326 19 910908 959185
5 1.703011 7 4 952702 903026
5 1.704014 497 19 364368 449001
5 1.705012 0 2 950338 899039
5 1.706012 728 19 952369 994137
5 1.707011 0 3 987905 928134
5 1.708012 417 29 948210 984513
5 1.709012 487 23 948034 1000494
5 1.710011 9 2 950250 895644
5 1.711012 407 93 876739 922805
5 1.713828 755 27 2578103 2646124
5 1.714016 0 2 147018 137399
5 1.715016 8400 154 887497 1005122
5 1.716107 4168 41 893701 964720
5 1.717012 14 3 861828 805528
5 1.720948 6600 59 3677354 3840201
5 1.721023 0 3 36386 33665
5 1.722018 8897 9 874369 1013747
5 1.723014 2929 18 892960 969803
5 1.724013 2 2 938472 888831
5 1.725012 845 27 904714 968480
5 1.726013 2 3 953543 892113
5 1.727013 648 17 907408 961741
5 1.728012 469 14 906069 951828
5 1.729012 20 5 954466 891807
5 1.730013 457 23 911978 959252
5 1.731011 2 4 955737 893553
5 1.732486 439 37 1376153 1403910
5 1.733017 8 4 485782 467479
5 1.734013 3199 10 885478 963602
5 1.735013 1327 10 906401 968392
5 1.736012 1 3 945636 886972
5 1.737012 667 20 914228 960953
5 1.738013 10 3 959927 895166
5 1.739011 406 25 911356 952521
5 1.740013 5 2 916300 859317
5 1.741013 475 13 915413 952271
5 1.742012 529 41 911896 958257
5 1.743011 9 2 954028 892744
5 1.744012 465 33 907298 953097
5 1.745012 0 3 960302 898175
5 1.746012 457 16 898439 984017
5 1.747012 373 22 884650 956314
5 1.748013 0 4 938912 878928
5 1.749012 642 62 912244 958976
5 1.750014 12 2 951568 914732
5 1.751012 1187 51 900287 968134
5 1.752012 0 2 937176 880042
5 1.753014 961 37 906320 967863
5 1.754011 763 19 903897 953879
5 1.755012 2 2 939248 890633
5 1.756011 507 55 902034 945951
5 1.757012 12 4 952663 899308
5 1.758011 567 11 905639 955175
5 1.759012 389 40 917751 943704
5 1.760012 4 4 941855 880412
5 1.761012 428 77 909544 946199
5 1.762011 23 2 950952 886541
5 1.763011 346 47 910279 952419
5 1.764012 0 2 944328 891394
5 1.765132 460 19 994714 1043593
5 1.766012 666 43 757423 823326
5 1.767011 29 4 947253 905778
5 1.768012 546 54 903326 946297
5 1.769012 15 4 949749 887946
5 1.770012 404 51 907771 955412
5 1.771010 0 4 947697 889295
5 1.772013 331 19 905639 947885
5 1.773012 408 24 908036 952024
5 1.774012 0 3 949860 895546
