6 0.006932 37451 1922 1169293 14831903
6 0.007039 691 20 10752 162983
6 0.008015 8930 143 173442 2411078
6 0.009014 10748 360 270347 2290055
6 0.010012 1066 935 487531 2003182
6 0.011011 629 1182 524011 1955243
6 0.012012 413 1427 541912 1917390
6 0.013014 428 1357 544658 1866710
6 0.014013 646 1317 537581 1927778
6 0.015011 434 1472 537102 1899238
6 0.016012 381 1537 559868 1911364
6 0.017217 958 1735 629600 2349706
6 0.018013 892 1054 409329 1547207
6 0.022906 10766 4832 2015872 10623807
6 0.023033 324 15 11798 120519
6 0.024019 3877 319 184797 2411077
6 0.025018 5868 384 256887 2273037
6 0.026012 4221 1137 464508 2000264
6 0.027012 599 1381 549187 1918660
6 0.028013 478 1482 543184 1918723
6 0.029016 315 1533 565431 1925774
6 0.030013 348 1517 549320 1872233
6 0.031012 349 1440 534253 1923879
6 0.032013 367 1565 560428 1913329
6 0.033013 490 1461 558802 1897060
6 0.034019 1046 1450 494622 2007268
6 0.035014 1901 1081 468571 1993442
6 0.036013 952 1350 528657 1941818
6 0.037015 476 1417 530283 1907330
6 0.038012 377 1524 551861 1859167
6 0.039011 393 1528 559502 1908870
6 0.040012 306 1565 550030 1912168
6 0.041013 360 1532 565544 1892955
6 0.042012 412 1550 547982 1912598
6 0.043012 364 1531 563596 1903737
6 0.044012 358 1495 554422 1914587
6 0.045012 401 1534 550823 1895482
6 0.046013 347 1570 568418 1899789
6 0.047011 348 1600 562278 1902355
6 0.048012 335 1517 545120 1917909
6 0.049012 384 1494 562074 1896647
6 0.050012 373 1520 533504 1930347
6 0.051013 388 1509 569637 1898894
6 0.052013 391 1557 557392 1912582
6 0.053012 367 1504 535600 1915637
6 0.054011 360 1571 565999 1900311
6 0.055012 364 1460 560415 1914655
6 0.056011 365 1545 544680 1915678
6 0.057012 367 1469 553315 1911101
6 0.058027 385 1538 543151 1965030
6 0.059011 311 1478 556748 1866000
6 0.060012 340 1552 569121 1906180
6 0.061011 368 1444 535651 1885972
6 0.062012 318 1579 567653 1903749
6 0.063011 370 1495 562571 1909554
6 0.064012 337 1522 544420 1914838
6 0.065012 387 1407 525874 1841532
6 0.066012 432 1523 542359 1921823
6 0.067012 310 1512 562031 1905899
6 0.068013 406 1456 558061 1923957
6 0.069012 401 1505 541052 1904211
6 0.070012 357 1485 569344 1894261
6 0.071011 433 1558 561665 1902700
6 0.072011 357 1428 550287 1915646
6 0.073012 386 1450 561476 1895550
6 0.074011 414 1528 540991 1922149
6 0.075012 321 1542 575052 1887820
6 0.076011 322 1409 561649 1901772
6 0.077011 351 1486 540853 1913283
6 0.078012 352 1458 565655 1903131
6 0.079012 369 1524 568894 1898895
6 0.080011 374 1482 543795 1920180
6 0.081011 375 1486 564969 1887512
6 0.082011 416 1520 545543 1917983
6 0.083011 319 1593 573985 1890255
6 0.084011 370 1545 565823 1903185
6 0.085012 388 1490 545511 1907407
6 0.086012 330 1478 562164 1912301
6 0.087012 346 1574 569125 1891833
6 0.088013 355 1509 546923 1916208
6 0.089011 409 1500 562822 1890049
6 0.090011 398 1588 545978 1907141
6 0.091011 312 1534 572370 1894673
6 0.092011 353 1539 576744 1895496
6 0.093011 352 1464 541244 1910932
6 0.094012 379 1676 579905 1883697
6 0.095011 404 1544 570511 1895616
6 0.096012 324 1438 549855 1915224
6 0.097011 415 1477 564416 1886722
6 0.098011 385 1463 543849 1918052
6 0.099012 328 1503 564513 1906488
6 0.100012 387 1199 466177 1584809
6 0.101012 528 1414 546831 1904372
6 0.102011 395 1450 557785 1903311
6 0.103012 354 1579 561763 1908302
6 0.104012 367 1475 549217 1910068
6 0.105012 364 1499 568419 1886543
6 0.106012 462 1500 544116 1911789
6 0.107010 290 1426 568624 1892051
6 0.108011 387 1475 567977 1904858
6 0.109011 369 1505 545157 1891210
6 0.110012 346 1557 575664 1887743
6 0.111010 393 1556 572638 1894750
6 0.112015 528 1474 527456 1965599
6 0.113011 550 1468 549946 1885776
6 0.114012 536 1413 534686 1931403
6 0.115010 287 1493 566579 1899622
6 0.116012 349 1541 569902 1902669
6 0.117011 361 1532 546912 1895490
6 0.118011 317 1513 567522 1898845
6 0.119011 369 1466 564174 1906819
6 0.120010 383 1376 542025 1922467
6 0.121011 367 1542 561537 1878571
6 0.122011 457 1463 542132 1921771
6 0.123011 293 1505 580835 1878641
6 0.124011 382 1569 584854 1876050
6 0.125012 438 1453 558664 1893535
6 0.126011 352 1501 583512 1865629
6 0.127011 373 1519 589367 1877192
6 0.128011 315 1484 572053 1877852
6 0.129011 366 1514 589725 1856271
6 0.130012 392 1492 565386 1893876
6 0.131011 322 1545 584981 1876070
6 0.132011 342 1451 580452 1884909
6 0.133012 366 1412 561460 1883543
6 0.134011 348 1490 576992 1889597
6 0.135011 381 1420 554618 1910166
6 0.136011 311 1522 589077 1868050
6 0.137010 386 1507 583709 1863669
6 0.138010 320 1435 561099 1885934
6 0.139010 353 1461 583018 1881909
6 0.140010 395 1517 581139 1879417
6 0.141010 406 1778 597020 1832339
6 0.142009 402 2089 677899 1740804
6 0.143010 331 2003 654675 1765964
6 0.144010 349 2105 678219 1749207
6 0.145010 341 2112 649617 1750331
6 0.146010 367 2105 680228 1739459
6 0.147010 335 2032 650032 1774071
6 0.148011 330 2180 668988 1756711
6 0.149010 357 2133 671796 1744655
6 0.150010 306 2045 651582 1763787
6 0.151009 342 2215 676714 1744774
6 0.152009 327 2035 647711 1774890
6 0.153010 391 2132 672537 1740401
6 0.154010 319 2008 654830 1761198
6 0.155011 397 2068 673748 1754085
6 0.156010 367 2033 643238 1773868
6 0.157009 327 2105 676481 1735000
6 0.158010 349 2077 677490 1744965
6 0.159010 309 2095 653991 1765278
6 0.160011 337 2095 674257 1752430
6 0.161010 316 2020 650698 1751994
6 0.162010 386 2059 671495 1754211
6 0.163010 358 2076 653730 1765935
6 0.164010 373 2046 678711 1744183
6 0.165010 376 2052 646182 1762470
6 0.166009 347 2151 675181 1751963
6 0.167011 376 2153 656184 1777101
6 0.168011 352 2039 670611 1746221
6 0.169009 397 2056 665732 1749343
6 0.170009 332 2040 663502 1748339
6 0.171010 345 2110 676260 1747791
6 0.172010 335 2058 654713 1764844
6 0.173011 364 2187 673819 1742928
6 0.174010 331 2038 648875 1770275
6 0.175009 328 2089 675295 1750389
6 0.176010 410 2037 646980 1777296
6 0.177010 285 2107 673762 1738272
6 0.178010 344 2061 675789 1751898
6 0.179010 303 2049 650146 1755950
6 0.180010 326 2092 673659 1740032
6 0.181010 309 1992 642933 1753388
6 0.182010 339 2100 668336 1747998
6 0.194713 61038 7611 3254357 20467355
6 0.195023 0 0 0 0
6 0.196024 345 21 1668 65397
6 0.197020 0 0 0 0
6 0.198015 0 0 0 0
6 0.206071 73423 2354 1542348 18240973
6 0.207020 9206 147 144096 1971985
6 0.208015 7323 1556 547687 1850306
6 0.209012 722 1931 644726 1746153
6 0.210012 346 2115 651978 1767394
6 0.211011 356 2025 670471 1752286
6 0.212011 345 1977 646995 1768824
6 0.213012 386 2011 650757 1773500
6 0.214023 454 2028 651060 1807470
6 0.215010 301 2079 648767 1738668
6 0.216010 367 2104 666526 1762700
6 0.217016 474 1586 514834 1621404
6 0.218013 2814 1466 535318 1891442
6 0.219012 1039 1856 615934 1809916
6 0.220011 283 2152 669848 1748233
6 0.221011 371 2114 657355 1746220
6 0.222027 316 2098 647843 1821422
6 0.223010 345 2041 659919 1726343
6 0.224010 295 2030 646240 1771407
6 0.225011 381 2150 669725 1740992
6 0.226010 373 2023 644722 1779205
6 0.227011 326 2083 663736 1767657
6 0.228009 355 2162 672072 1748837
6 0.229011 329 1901 636211 1781597
6 0.230010 343 1956 666342 1763689
6 0.231011 363 1990 640076 1785313
6 0.232010 347 2080 662972 1769761
6 0.233013 532 1930 624807 1801968
6 0.234011 372 2015 647077 1673398
6 0.235011 409 2039 634092 1787301
6 0.236010 285 2160 674549 1744669
6 0.237010 346 2083 658446 1756910
6 0.238010 304 2083 651740 1767511
6 0.239010 342 2134 673810 1749974
6 0.240011 322 2074 653481 1770181
6 0.241010 358 2047 656686 1728457
6 0.242011 347 1978 643654 1777755
6 0.243015 332 2066 665534 1775351
6 0.244010 374 2078 640095 1768761
6 0.245011 298 2106 664617 1736568
6 0.246010 370 2111 660942 1755742
6 0.247010 318 2188 649530 1772001
6 0.248010 327 2110 673385 1752941
6 0.249010 342 2049 639842 1749942
6 0.250011 339 2131 660288 1774250
6 0.251010 329 2054 645517 1770132
6 0.252010 316 2068 672036 1742884
6 0.253010 342 2007 663491 1732758
6 0.254009 326 2100 656387 1747568
6 0.255011 344 2089 681171 1752646
6 0.256009 314 2096 651356 1757244
6 0.257012 369 1960 616229 1827766
6 0.258012 457 1761 566901 1885689
6 0.259012 437 1719 587567 1873941
6 0.260011 438 1790 590129 1865212
6 0.261012 419 1757 570669 1866800
6 0.262012 403 1796 592990 1855866
6 0.263012 445 1679 569631 1889586
6 0.264011 429 1853 592605 1860490
6 0.265011 426 1841 593792 1846124
6 0.266012 419 1784 574606 1862176
6 0.267012 423 1798 581624 1868275
6 0.268011 457 1850 573495 1870257
6 0.269011 392 1837 590403 1848271
6 0.270011 466 1791 592577 1861093
6 0.271011 399 1743 572361 1871747
6 0.272011 433 1754 598512 1853633
6 0.273012 507 1761 572555 1866059
6 0.274011 378 1767 598188 1852924
6 0.275012 387 1383 547324 1932527
6 0.276011 417 1025 492193 1991588
6 0.277013 400 1020 511053 1966514
6 0.278012 437 1074 508826 1980337
6 0.279012 449 994 488568 1995666
6 0.280013 426 1010 511476 1979918
6 0.281012 421 1088 509192 1962498
6 0.282013 462 1003 492612 1993701
6 0.283012 399 1032 512662 1976871
6 0.284012 374 1071 497010 1953814
6 0.285012 458 1007 489216 1986027
6 0.286012 400 1024 511424 1973341
6 0.287012 427 1003 507919 1987001
6 0.288012 445 997 489915 1993296
6 0.289012 380 1052 509184 1971811
6 0.290012 418 965 504985 1985461
6 0.291011 426 1005 488985 1992559
6 0.292012 439 1038 514334 1976187
6 0.293011 409 1058 511110 1960814
6 0.294012 427 1041 486375 2000409
6 0.295013 422 1065 515397 1978332
6 0.296011 434 1061 513922 1971598
6 0.297012 447 1036 489094 1987290
6 0.298012 410 980 507435 1979461
6 0.299012 423 1026 509739 1984219
6 0.300012 439 995 484401 2005525
6 0.301014 532 811 418654 1675061
6 0.302012 566 1008 500548 1985257
6 0.303013 488 1025 483707 2006312
6 0.304013 371 1056 512712 1979607
6 0.305012 439 946 509635 1961809
6 0.306012 442 1064 493180 1991098
6 0.307012 355 1075 502133 1991970
6 0.308013 426 1030 513963 1975836
6 0.309012 403 1012 485910 1977472
6 0.310012 413 980 510516 1980928
6 0.311013 410 1071 514357 1974879
6 0.312013 410 983 487139 1998063
6 0.313012 413 1041 511385 1958450
6 0.314013 388 1005 510834 1980818
6 0.315013 445 1032 494176 1988383
6 0.316012 369 1026 513640 1968343
6 0.317013 372 959 500700 1982418
6 0.318013 433 975 492414 1988808
6 0.319012 409 1027 510429 1978414
6 0.320012 428 1034 505187 1988184
6 0.321012 524 968 457131 1893362
6 0.322013 423 1081 506012 1988323
6 0.323012 471 1063 511125 1978257
6 0.324012 466 1020 493744 1991118
6 0.325013 428 1044 505053 1968613
6 0.326012 414 999 503741 1989780
6 0.327013 427 1063 489094 1997647
6 0.328012 417 1013 508474 1975257
6 0.329012 419 1143 513279 1960916
6 0.330012 436 1044 491003 1990504
6 0.331013 389 1083 520528 1975552
6 0.332011 540 1030 489358 1989753
6 0.333025 329 1077 524615 1990920
6 0.334013 442 1015 502108 1953018
6 0.335012 510 1004 486711 1999657
6 0.336014 466 1047 510289 1984150
6 0.337012 506 997 507086 1964115
6 0.338013 600 1083 484150 2001289
6 0.339012 357 1079 518962 1967109
6 0.340012 393 1044 510562 1982364
6 0.341013 508 1006 487145 1984369
6 0.342012 355 1050 517213 1967313
6 0.343012 436 1039 514904 1972681
6 0.344012 469 994 486753 1996577
6 0.345012 454 895 435055 1689726
6 0.346013 502 1092 506427 1986991
6 0.347013 501 1029 488633 1993995
6 0.348012 376 1052 509890 1978436
6 0.349013 482 1060 513886 1960559
6 0.350013 514 1004 484987 2004761
6 0.351012 358 946 504979 1982771
6 0.352012 424 1018 510747 1980445
6 0.353013 451 984 486089 1987149
6 0.354012 356 1020 508405 1978751
6 0.355012 383 1041 512658 1981237
6 0.356013 431 1013 487140 2000003
6 0.357012 383 1036 509262 1967366
6 0.358012 425 1098 509651 1980743
6 0.359012 477 937 488910 1990706
6 0.360012 374 967 510879 1979296
6 0.361012 445 1001 503519 1953205
6 0.362012 456 945 488032 1996884
6 0.363012 371 1004 507968 1981399
6 0.364012 414 1105 511510 1974034
6 0.365013 449 991 488672 1980194
6 0.366012 387 1054 508808 1978354
6 0.367013 426 1018 506692 1990125
6 0.368012 429 1024 483056 1999260
6 0.369012 431 1054 511744 1965632
6 0.370012 401 1023 511015 1980016
6 0.371012 428 1039 490048 1995801
6 0.372011 408 1094 509393 1978903
6 0.373013 449 1056 512259 1971912
6 0.374013 434 981 487750 2001849
6 0.375012 391 1062 513317 1980594
6 0.376013 410 1015 511648 1974602
6 0.377013 454 1021 485629 1962019
6 0.378012 380 1044 517976 1970497
6 0.379013 386 1024 507468 1989247
6 0.380011 437 986 490326 1989654
6 0.381012 439 991 489652 1894440
6 0.382012 531 1021 505456 1982436
6 0.383014 455 1068 490279 1995429
6 0.384012 406 1010 510140 1981915
6 0.385012 429 1008 504675 1970697
6 0.386012 417 1023 490889 1995055
6 0.387011 362 1040 515092 1972573
6 0.388013 405 1028 510058 1981036
6 0.389012 414 1084 487866 1979231
6 0.390012 423 1009 508788 1979923
6 0.391012 428 1060 504376 1988068
6 0.392014 408 1051 487029 1998255
6 0.393012 431 1068 510122 1955487
6 0.394013 403 1025 515656 1975347
6 0.395012 437 1023 492349 1989776
6 0.396012 416 1032 510413 1979105
6 0.397012 432 1017 502904 1980045
6 0.398013 459 957 485357 2007099
6 0.399012 378 1017 509213 1983671
6 0.400011 395 1027 508911 1978971
6 0.401013 492 876 417411 1728833
6 0.402155 626 1166 569255 2292782
6 0.403014 532 847 426668 1703314
6 0.404012 527 1006 489220 1989006
6 0.405012 433 1072 516434 1949795
6 0.406012 403 1026 511142 1981659
6 0.407012 437 968 491690 1986277
6 0.408013 413 984 515337 1970757
6 0.409011 436 1011 511977 1956395
6 0.410013 427 1050 492542 1993859
6 0.411012 399 1115 516211 1969512
6 0.412013 454 1030 513018 1979100
6 0.413012 442 1050 497039 1964468
6 0.414012 400 1001 504425 1991526
6 0.415011 483 1042 490923 1991243
6 0.416012 394 1082 512390 1979265
6 0.417012 407 1051 503733 1977824
6 0.418012 482 1018 487803 1997850
6 0.419012 330 1043 516998 1968947
6 0.420012 399 1028 511383 1975720
6 0.421012 638 1001 474586 1985298
6 0.422013 366 1085 517380 1972658
6 0.423013 464 1024 511877 1977776
6 0.424013 425 969 486215 2002792
6 0.425011 374 1033 509519 1960866
6 0.426013 426 1025 511263 1985310
6 0.427012 487 997 487011 1991531
6 0.428012 358 1001 512851 1980636
6 0.429013 433 1019 512336 1966920
6 0.430012 466 1044 487805 1993326
6 0.431012 354 1013 516026 1973848
6 0.432012 422 1036 512561 1980518
6 0.433012 449 1044 485616 1980984
6 0.434011 371 1072 509545 1978273
6 0.435012 421 1056 518199 1974399
6 0.436013 437 968 491184 1997457
6 0.437013 408 955 506373 1967745
6 0.438013 462 1042 517942 1970341
6 0.439014 533 1106 494395 1990943
6 0.440012 409 1063 519838 1956949
6 0.441012 494 1097 516075 1956668
6 0.442012 457 1074 497829 1982928
6 0.443013 366 1055 508960 1984969
6 0.444011 409 1081 516780 1968826
6 0.445012 467 1035 501292 1970115
6 0.446012 388 1083 518372 1966962
6 0.447011 398 1033 515902 1972194
6 0.448012 446 1131 496633 1986801
6 0.449012 447 1082 517767 1953508
6 0.450011 412 981 505727 1989313
6 0.451012 412 1043 499979 1976121
6 0.452012 386 1034 518499 1972655
6 0.453011 472 1036 514825 1961797
6 0.454012 419 1062 494884 1989716
6 0.455012 397 1032 520857 1962883
6 0.456012 420 1159 520323 1961466
6 0.457012 413 1034 497809 1970189
6 0.458012 395 1039 515391 1973445
6 0.459012 574 997 490737 1994572
6 0.460012 337 1026 524588 1962980
6 0.461013 421 1046 518007 1959779
6 0.462012 466 1074 497822 1979204
6 0.463013 378 1053 517359 1979820
6 0.464012 376 1098 517574 1966805
6 0.465012 538 975 491789 1977249
6 0.466012 377 1082 515684 1974037
6 0.467012 419 991 503978 1986688
6 0.468013 430 1046 498795 1988591
6 0.469012 373 1066 516279 1951833
6 0.470012 409 1092 517588 1972682
6 0.471012 430 1151 498884 1981505
6 0.472012 393 1115 518676 1965369
6 0.473013 593 763 398285 1558284
6 0.474012 856 933 439621 1821601
6 0.475013 492 1093 518556 1973064
6 0.476013 491 1021 514034 1971693
6 0.477012 579 960 468186 1922587
6 0.478012 391 1071 515876 1963948
6 0.479011 442 1068 520204 1968020
6 0.480012 497 1087 500162 1982352
6 0.481013 389 1008 509325 1948268
6 0.482013 428 992 509552 1975400
6 0.483013 566 881 417400 1751326
6 0.484011 369 958 515048 1970435
6 0.485013 454 1032 512736 1968296
6 0.486012 501 1058 494264 1983212
6 0.487013 369 1042 513778 1978973
6 0.488012 451 1035 515552 1970466
6 0.489012 466 988 491656 1974015
6 0.490012 402 1042 516267 1972961
6 0.491011 380 1062 511753 1973424
6 0.492012 468 1037 494865 1990630
6 0.493013 394 1034 511423 1964851
6 0.494012 422 1065 516511 1971352
6 0.495012 471 1081 493371 1987345
6 0.496014 208 448 220287 839710
6 0.497013 1413 241 134824 819170
6 0.498012 2754 733 408960 2123013
6 0.499013 1383 876 471869 2039753
6 0.500011 582 1070 490573 1985528
6 0.501013 519 840 434082 1697302
6 0.502013 622 1031 505123 1987196
6 0.503013 477 1033 495612 1988581
6 0.509495 29225 3264 2054309 15008152
6 0.510037 2835 68 63297 1206940
6 0.511016 8345 152 180444 2405002
6 0.512014 7754 194 204683 2400505
6 0.513013 6831 704 397145 2096943
6 0.514013 752 981 499941 1985757
6 0.515012 552 1006 505875 1980221
6 0.516012 484 983 494108 1985998
6 0.517243 1305 1161 567461 2523818
6 0.518018 2094 506 299197 1634794
6 0.519012 1849 845 435179 2033546
6 0.520013 405 1094 516266 1973975
6 0.521028 415 997 506936 2006656
6 0.522012 484 1007 478379 1963273
6 0.523013 378 1041 512383 1978355
6 0.524012 401 1033 508402 1979502
6 0.525013 413 1019 481300 1990159
6 0.526012 364 1061 507924 1977380
6 0.527011 417 1018 504141 1986830
6 0.528012 421 1072 494154 1987619
6 0.529012 429 1066 514161 1960105
6 0.530012 397 1026 508016 1981537
6 0.531012 427 1092 489984 1990136
6 0.532012 370 1055 505603 1989708
6 0.533011 433 1007 501675 1976672
6 0.534012 395 1048 502802 1971130
6 0.535012 417 1106 512910 1970213
6 0.536012 442 994 500269 1991796
6 0.537013 469 1115 490189 1984021
6 0.538012 388 1072 505751 1981811
6 0.539013 434 1047 507510 1986084
6 0.540012 461 1008 487452 1993375
6 0.541013 381 1100 508834 1942997
6 0.542013 489 1079 494219 1998953
6 0.543013 458 1009 480622 2007556
6 0.544012 385 1042 504765 1989556
6 0.545012 385 1140 502833 1977878
6 0.546012 398 1075 484518 1999496
6 0.547014 614 962 489998 2012754
6 0.548012 611 976 493582 1999268
6 0.549014 547 1015 480961 1939042
6 0.550012 375 1087 505996 1978089
6 0.551012 418 994 516760 1966358
6 0.552012 432 1051 498010 1984278
6 0.553012 417 993 513180 1962857
6 0.554012 479 1086 511928 1976141
6 0.555011 421 1045 496513 1982896
6 0.556013 428 1074 516892 1977074
6 0.557064 552 1067 534899 2073526
6 0.558012 435 985 467889 1878148
6 0.559012 374 1071 518259 1969553
6 0.560011 428 1071 512977 1972393
6 0.561013 430 1047 494834 1975734
6 0.562012 403 1054 516164 1968875
6 0.563011 433 1122 512516 1967047
6 0.564012 363 1005 509648 1980267
6 0.565012 420 1075 513151 1961567
6 0.566012 582 1072 486720 1995187
6 0.567011 297 1073 514380 1971240
6 0.568012 367 1083 513999 1979571
6 0.569012 535 1084 495931 1968257
6 0.570013 344 1106 517073 1974737
6 0.571011 390 1070 521395 1956987
6 0.572013 460 1029 497576 1986621
6 0.573012 417 1072 518335 1948658
6 0.574012 447 1070 517101 1968988
6 0.575012 432 1086 499053 1979776
6 0.576012 333 1096 520022 1969623
6 0.577011 414 1122 517103 1956485
6 0.578013 420 1052 496437 1989302
6 0.579012 391 1039 515921 1973138
6 0.580012 398 1009 516020 1969884
6 0.581012 449 1030 494231 1972189
6 0.582013 413 1060 516807 1972914
6 0.583013 401 1056 507344 1987398
6 0.584013 418 998 495804 1983279
6 0.585012 373 1062 514724 1960217
6 0.586013 400 1067 518705 1970114
6 0.587013 417 1121 501409 1971711
6 0.588012 422 1053 512686 1973518
6 0.589011 454 1135 516609 1954957
6 0.590012 404 1132 498033 1982766
6 0.591012 354 1086 518782 1974536
6 0.592012 407 1050 516561 1969362
6 0.593013 394 1117 500303 1974624
6 0.594012 383 1083 526148 1958518
6 0.595012 418 1091 521457 1965571
6 0.596012 394 1108 504555 1975183
6 0.597012 383 1086 520781 1951839
6 0.598012 466 1092 499095 1981570
6 0.599012 314 1089 520517 1968624
6 0.600011 391 1144 516283 1972646
6 0.601011 506 906 420325 1696880
6 0.602013 332 1141 521150 1975042
6 0.603011 447 1195 520445 1959711
6 0.604011 471 1474 541101 1919183
6 0.605012 354 1420 566140 1887438
6 0.606011 426 1522 560929 1905950
6 0.607011 356 1504 543436 1924207
6 0.608011 362 1480 567966 1903787
6 0.609012 378 1497 571478 1884608
6 0.610012 361 1465 548054 1911731
6 0.611012 378 1492 568862 1899829
6 0.612011 372 1485 542025 1912294
6 0.613012 339 1421 561453 1901935
6 0.614012 384 1498 569748 1897178
6 0.615011 352 1396 541628 1916236
6 0.616011 357 1560 559770 1906740
6 0.617011 320 1529 558852 1902403
6 0.618011 310 1471 542859 1923870
6 0.619012 355 1533 567082 1906913
6 0.620012 407 1485 545171 1918773
6 0.621012 325 1543 565382 1887862
6 0.622011 388 1565 568031 1894324
6 0.623011 372 1511 538650 1922910
6 0.624011 393 1550 574511 1893889
6 0.625012 449 1424 534521 1801703
6 0.626011 406 1445 546671 1908461
6 0.627012 355 1620 572174 1897794
6 0.628012 427 1466 541143 1922232
6 0.629012 351 1550 570872 1883885
6 0.630010 345 1519 564308 1899102
6 0.631011 373 1465 543386 1917751
6 0.632011 354 1552 569120 1897504
6 0.633013 370 1475 557518 1907371
6 0.634246 444 1775 675311 2383818
6 0.635013 347 594 225657 815426
6 0.636015 0 0 0 0
6 0.637110 0 0 0 0
6 0.638013 0 0 0 0
6 0.639012 0 0 0 0
6 0.640011 0 0 0 0
6 0.641014 0 0 0 0
6 0.642012 0 0 0 0
6 0.643011 0 0 0 0
6 0.644012 0 0 0 0
6 0.645013 8696 204 126371 1988483
6 0.646012 9426 188 186922 2441041
6 0.647012 7495 345 247624 2363960
6 0.648013 4748 999 437828 2072120
6 0.649013 70 216 77086 258002
6 0.650013 0 0 0 0
6 0.651012 0 0 0 0
6 0.652011 0 0 0 0
6 0.653011 0 0 0 0
6 0.654011 0 0 0 0
6 0.655013 0 0 0 0
6 0.656010 0 0 0 0
6 0.657011 0 0 0 0
6 0.658011 0 0 0 0
6 0.659011 0 0 0 0
6 0.660011 0 0 0 0
6 0.661012 8698 183 132025 2041196
6 0.662012 9262 237 197195 2421852
6 0.663011 7618 354 256869 2350155
6 0.664011 4755 644 361124 2201132
6 0.665014 456 125 63184 290839
6 0.666014 0 0 0 0
6 0.667012 0 0 0 0
6 0.668012 0 0 0 0
6 0.669013 0 0 0 0
6 0.670011 0 0 0 0
6 0.671011 0 0 0 0
6 0.672011 0 0 0 0
6 0.673017 11811 377 176748 1623429
6 0.674014 2842 929 441458 2056382
6 0.675013 1128 1317 524524 1953385
6 0.676012 526 1470 539517 1912898
6 0.677012 366 1438 569543 1874687
6 0.678011 393 1463 565543 1893524
6 0.679011 373 1464 543834 1913882
6 0.680012 344 1516 564925 1907091
6 0.681013 61 204 79330 266036
6 0.682013 0 0 0 0
6 0.683013 0 0 0 0
6 0.684012 0 0 0 0
6 0.685012 0 0 0 0
6 0.686013 0 0 0 0
6 0.687012 0 0 0 0
6 0.688011 0 0 0 0
6 0.689014 0 0 0 0
6 0.690012 0 0 0 0
6 0.691014 0 0 0 0
6 0.692012 0 0 0 0
6 0.693200 0 0 0 0
6 0.694012 0 0 0 0
6 0.695011 0 0 0 0
6 0.696011 0 0 0 0
6 0.697014 0 0 0 0
6 0.698012 0 0 0 0
6 0.699011 0 0 0 0
6 0.700012 0 0 0 0
6 0.701014 8335 174 115221 1840443
6 0.702013 9636 205 185701 2444190
6 0.703012 11155 248 215875 2389297
6 0.704012 675 1417 543012 1927885
6 0.705013 565 1470 559731 1892235
6 0.706012 428 1503 547447 1905978
6 0.707012 365 1536 575637 1891133
6 0.708012 351 1565 572462 1891752
6 0.720231 24582 13877 6033866 24206539
6 0.721020 1702 1021 398713 1502431
6 0.722015 559 1388 566670 1874453
6 0.723012 415 1512 581352 1866692
6 0.724014 327 1507 568872 1888722
6 0.725013 408 1359 577909 1854823
6 0.726013 379 1434 565480 1886872
6 0.727013 338 1470 583776 1877771
6 0.728011 377 1463 573401 1882483
6 0.737640 18797 12483 5049118 19293260
6 0.738015 1071 486 185114 683176
6 0.739015 1851 1676 605126 1848452
6 0.740011 538 1997 636536 1765110
6 0.741013 383 2065 662317 1735539
6 0.742012 338 2075 647568 1772209
6 0.743011 358 2138 673330 1743381
6 0.744011 413 2057 646184 1774742
6 0.745010 275 2038 673139 1735958
6 0.746012 347 2158 672197 1752281
6 0.747010 337 1955 648408 1766346
6 0.748010 377 2072 668048 1738668
6 0.749011 348 2107 645770 1730102
6 0.750013 338 2086 665656 1751927
6 0.751010 352 1977 648472 1762981
6 0.752010 337 2096 668100 1755880
6 0.753011 449 2014 643392 1750176
6 0.754010 261 2083 678072 1740961
6 0.755011 388 2034 667947 1749699
6 0.756010 361 1997 643267 1760476
6 0.757012 371 2010 661674 1749236
6 0.758011 320 1980 648373 1763130
6 0.759011 352 2029 664718 1748497
6 0.760010 350 2184 662697 1737374
6 0.761011 365 2083 668974 1732591
6 0.762010 433 2023 649594 1767235
6 0.763009 292 2113 683567 1718275
6 0.764010 356 2039 671298 1751718
6 0.765011 342 2121 652158 1760995
6 0.766011 380 2053 672905 1742786
6 0.767010 291 2095 654442 1758671
6 0.768010 342 2112 678011 1749321
6 0.769012 415 2097 647497 1766032
6 0.770011 348 2034 673485 1751902
6 0.771011 424 2046 647264 1773348
6 0.772011 292 2203 680254 1743013
6 0.773011 367 2074 674664 1732862
6 0.774011 290 2143 652385 1766256
6 0.775010 383 2002 669444 1752536
6 0.776010 356 2084 652583 1766473
6 0.777010 390 2048 674083 1743453
6 0.778011 347 2136 659189 1755761
6 0.779011 337 2087 670962 1760021
6 0.780010 386 2038 648545 1769031
6 0.781011 334 2070 671627 1740351
6 0.782010 358 1896 594324 1553090
6 0.783012 562 1955 603704 1683464
6 0.784012 396 2159 672492 1749060
6 0.785011 362 2122 648807 1747823
6 0.786011 338 2056 671806 1748811
6 0.787011 377 2045 647143 1772562
6 0.788010 319 2145 682136 1739151
6 0.789014 610 1906 607585 1685298
6 0.790011 413 2005 644994 1764157
6 0.791010 349 2023 670058 1752946
6 0.792010 320 2106 656471 1758793
6 0.793011 398 2079 669841 1744936
6 0.794010 315 2084 647433 1769210
6 0.795010 322 2079 673296 1751459
6 0.796011 378 2081 653550 1768426
6 0.797010 353 2053 672154 1740942
6 0.798011 351 2034 674054 1752395
6 0.799009 318 2091 653599 1757733
6 0.800011 333 2153 665841 1773440
6 0.801010 386 1995 645525 1752876
6 0.802010 380 2123 676322 1748268
6 0.803011 344 1965 647870 1774699
6 0.804010 354 2085 676114 1749536
6 0.805011 373 2064 646921 1761472
6 0.806010 318 2097 676990 1743646
6 0.807010 314 2139 676390 1748910
6 0.808010 304 2081 648751 1771396
6 0.809011 490 1786 585977 1562471
6 0.810011 374 2040 649252 1764537
6 0.811010 338 2035 670131 1747616
6 0.812010 378 1981 646191 1772939
6 0.813010 352 2021 670163 1742064
6 0.814011 384 2172 657272 1763858
6 0.815011 296 2094 676777 1744008
6 0.816011 358 2105 670512 1756265
6 0.817010 385 2065 643196 1763729
6 0.818011 368 1991 669468 1763182
6 0.819010 328 2102 644807 1769313
6 0.820010 376 2107 674766 1750211
6 0.821010 325 2046 649720 1760619
6 0.822009 328 2055 674343 1743262
6 0.823011 406 2078 651071 1771172
6 0.824010 237 2121 671899 1751317
6 0.825010 365 2083 667485 1751493
6 0.826011 338 2045 652991 1771389
6 0.827011 354 2181 675977 1747849
6 0.828009 318 2034 650919 1760529
6 0.829010 344 2073 675520 1744369
6 0.830010 375 2013 648567 1770974
6 0.831010 329 2079 679989 1744072
6 0.832011 370 2047 647581 1780129
6 0.833010 246 2159 665504 1746151
6 0.834011 328 2159 676908 1743594
6 0.835009 350 2037 655477 1757431
6 0.836010 373 2092 674600 1746658
6 0.837010 344 2097 650926 1763602
6 0.838011 370 2046 674558 1755308
6 0.839012 341 2014 653549 1771150
6 0.840011 354 2108 669855 1752770
6 0.841010 435 2004 638212 1758635
6 0.842011 280 1967 640402 1803020
6 0.843011 410 1769 584907 1876360
6 0.844011 441 1746 570441 1883779
6 0.845011 452 1799 596807 1841012
6 0.846012 515 1799 569571 1885602
6 0.847011 326 1751 599910 1853329
6 0.848012 447 1831 598141 1860683
6 0.849011 416 1795 572860 1857483
6 0.850011 398 1805 584304 1875963
6 0.851010 441 1896 596826 1851996
6 0.852011 410 1785 582631 1867496
6 0.853011 424 1837 591998 1834594
6 0.854011 379 1774 568482 1881052
6 0.855011 426 1790 593724 1852222
6 0.856012 442 1825 599832 1856564
6 0.857011 423 1727 565457 1857865
6 0.858011 419 1782 590921 1869212
6 0.859012 433 1787 574463 1878359
6 0.860011 386 1843 593201 1861346
6 0.861012 432 1730 592943 1854857
6 0.862012 398 1778 576605 1872898
6 0.863012 413 1786 591061 1851080
6 0.864011 451 1758 567514 1872665
6 0.865012 395 1590 572116 1879018
6 0.866012 421 1065 515354 1972221
6 0.867013 447 1025 483313 2004704
6 0.868012 430 1017 512231 1979103
6 0.869013 410 992 508932 1971140
6 0.870013 455 1028 491832 1995397
6 0.871012 379 1052 513014 1974196
6 0.872013 413 1066 513318 1980637
6 0.873012 449 1055 482203 1977198
6 0.874012 423 1010 511440 1979936
6 0.875012 425 1055 508946 1985106
6 0.876013 425 1046 491277 1989649
6 0.877012 432 1017 508992 1961867
6 0.878013 442 982 504765 1988180
6 0.879013 441 1097 493643 1991137
6 0.880012 409 1058 510046 1983219
6 0.881013 419 1061 504490 1973632
6 0.882011 401 1031 491451 1987388
6 0.883011 365 1053 506181 1989869
6 0.884010 434 974 509826 1975149
6 0.885011 441 987 490559 1981305
6 0.886013 400 978 517503 1976417
6 0.887012 422 1039 505599 1985523
6 0.888011 418 1033 497904 1984984
6 0.889013 490 1078 505292 1982619
6 0.890012 518 1009 500078 1985163
6 0.891012 479 1050 486764 1998109
6 0.892014 562 990 499941 2002446
6 0.893013 709 886 471743 1925376
6 0.894012 529 1021 492026 1985455
6 0.895012 402 993 506090 1982943
6 0.896013 430 1025 511828 1985080
6 0.897013 399 1054 492493 1974417
6 0.898011 405 1005 509163 1979825
6 0.899013 384 1067 510720 1984636
6 0.900013 414 1066 485035 1998359
6 0.901013 432 977 506272 1956394
6 0.902012 409 984 506905 1985793
6 0.903012 400 1064 490886 1991317
6 0.904011 389 1079 517560 1968839
6 0.905011 515 1090 490258 1987551
6 0.906012 317 993 515305 1969255
6 0.907013 382 1040 513606 1979883
6 0.908013 471 1079 490109 1991146
6 0.909012 399 942 442974 1699383
6 0.910012 564 1003 504473 1989355
6 0.911013 522 986 502321 1997430
6 0.912012 393 1026 491204 1989255
6 0.913012 467 1062 511461 1966753
6 0.914013 494 1044 486261 2005004
6 0.915012 355 1023 512656 1971485
6 0.916012 390 1085 517163 1971925
6 0.917012 493 1074 480397 1994725
6 0.918012 329 1067 513985 1973322
6 0.919012 419 1046 510545 1983102
6 0.920011 497 1027 489253 1994537
6 0.921013 372 1041 508175 1970209
6 0.922012 358 978 514810 1976494
6 0.923012 451 981 487226 1999364
6 0.924012 360 1037 508066 1983503
6 0.925012 473 927 487815 1899710
6 0.926012 483 974 482290 2004091
6 0.927012 349 1036 511895 1976498
6 0.928013 373 1044 515567 1980150
6 0.929013 481 988 478848 1989906
6 0.930013 369 1056 514103 1974139
6 0.931014 440 1024 509700 1980707
6 0.932012 434 1001 484868 1999292
6 0.933012 341 1054 511351 1962546
6 0.934013 410 1071 509385 1983545
6 0.935012 461 1001 490538 1992861
6 0.936012 382 1042 513505 1971688
6 0.937012 460 1027 505417 1971710
6 0.938012 492 1051 485994 2000367
6 0.939014 385 1018 511837 1985461
6 0.940012 448 1008 510748 1978964
6 0.941012 475 1051 491586 1976417
6 0.942012 403 1040 508969 1977452
6 0.943012 397 1001 506247 1989447
6 0.944012 457 1032 491135 1992032
6 0.945013 381 1090 512683 1970781
6 0.946012 413 1068 511333 1974293
6 0.947012 428 977 489773 2000213
6 0.948012 416 948 505572 1988166
6 0.949013 412 1026 504494 1974596
6 0.950012 442 1021 486380 1995069
6 0.951012 372 1056 505178 1993337
6 0.952012 448 1029 513141 1979353
6 0.953012 443 1017 482728 1990288
6 0.954013 389 1034 507522 1992375
6 0.955012 362 1058 509943 1980670
6 0.956012 455 1072 496712 1984433
6 0.957012 433 1000 493983 1903303
6 0.958011 465 1072 509650 1981847
6 0.959012 473 1079 494178 1991856
6 0.960012 378 1096 511863 1980362
6 0.961013 390 1010 512250 1958488
6 0.962013 450 1009 486877 1995519
6 0.963012 402 1048 511972 1977492
6 0.964011 437 1085 513841 1976206
6 0.965012 461 1026 489147 1980398
6 0.966012 419 1095 504550 1989611
6 0.967012 431 1120 508764 1984689
6 0.968012 419 1053 495907 1987856
6 0.969012 445 1014 508802 1961923
6 0.970014 440 1029 513236 1983124
6 0.971013 421 980 492668 1984439
6 0.972013 345 1049 509198 1983119
6 0.973012 428 983 501320 1970455
6 0.974013 444 1052 491126 1990046
6 0.975012 373 1002 509194 1978152
6 0.976012 394 984 513100 1972316
6 0.977011 434 1013 491401 1975054
6 0.978012 402 1058 509133 1985570
6 0.979012 410 978 511560 1983109
6 0.980012 423 1000 491395 1990073
6 0.981013 387 1082 511285 1963192
6 0.982012 528 1088 485633 1994341
6 0.983011 330 1082 504723 1988875
6 0.984013 442 839 438409 1724739
6 0.985013 567 1092 506024 1975468
6 0.986013 473 1033 492105 1989016
6 0.987012 375 986 507348 1981677
6 0.988011 411 1038 508326 1989566
6 0.989013 420 1037 491016 1979500
6 0.990012 426 1045 514364 1977214
6 0.991011 504 1041 492245 1991289
6 0.992013 398 983 510774 1978765
6 0.993012 432 1027 515521 1954511
6 0.994012 518 997 483667 2002232
6 0.995014 396 1043 503864 1996173
6 0.996013 462 941 505284 1981408
6 0.997012 575 995 477742 1981617
6 0.998013 366 1047 521463 1965610
6 0.999012 418 1036 510294 1977597
6 1.000013 527 961 475908 2017195
6 1.001013 400 1082 503217 1972443
6 1.002012 424 1032 513351 1975990
6 1.003012 481 952 485682 1999908
6 1.004012 354 990 516595 1973023
6 1.005011 427 1078 517548 1955570
6 1.006014 556 1008 482918 2013575
6 1.007013 373 1007 508170 1979275
6 1.008012 463 1074 510614 1978809
6 1.009013 557 886 415024 1706561
6 1.010013 425 1023 516873 1977139
6 1.011012 451 1026 513527 1972785
6 1.012012 501 1015 478790 2013867
6 1.013013 389 1024 511675 1961200
6 1.014013 419 1000 511361 1981154
6 1.015012 460 1063 488358 1990506
6 1.016013 399 1044 512740 1982954
6 1.017012 434 999 500012 1933643
6 1.018012 453 988 487832 1994815
6 1.019013 392 1042 516278 1974714
6 1.020012 388 1023 511170 1981938
6 1.021012 466 985 486200 1976872
6 1.022011 410 1018 509463 1979520
6 1.023011 390 1063 517137 1975888
6 1.024012 426 1080 493306 1990235
6 1.025012 391 1060 513836 1963178
6 1.026011 416 1050 509506 1981610
6 1.027012 455 1065 493127 1989345
6 1.028012 428 1024 512374 1972459
6 1.029013 422 1041 511746 1966030
6 1.030013 444 1022 498371 1983308
6 1.031012 400 1063 514279 1974128
6 1.032011 454 1023 516805 1969719
6 1.033013 471 1006 492962 1972523
6 1.034011 359 1058 518983 1968491
6 1.035012 395 1083 521344 1966959
6 1.036012 435 1010 498625 1983207
6 1.037012 393 1001 509877 1963348
6 1.038012 405 1082 517710 1970355
6 1.039013 407 1051 501840 1978884
6 1.040012 390 1034 517428 1968329
6 1.041012 422 1102 519798 1953632
6 1.042012 427 1087 494052 1983884
6 1.043012 377 1081 520672 1968071
6 1.044012 394 1006 518149 1969135
6 1.045012 375 1098 502221 1963994
6 1.046012 420 1085 516039 1971365
6 1.047013 519 1153 495934 1989826
6 1.048012 318 1054 523085 1962642
6 1.049012 395 1065 512170 1961755
6 1.050012 462 988 484936 2002899
6 1.051012 346 1073 517430 1976199
6 1.052012 384 1053 518311 1969786
6 1.053012 428 996 493216 1975629
6 1.054011 346 1098 523948 1962860
6 1.055011 414 1047 518499 1970416
6 1.056012 470 1067 497061 1980953
6 1.057011 381 1052 519864 1957260
6 1.058012 417 1113 517312 1971527
6 1.059012 404 1098 495719 1984516
6 1.060012 388 1023 515939 1976554
6 1.061011 483 1024 517644 1958141
6 1.062012 405 1026 497266 1985590
6 1.063012 405 1080 516517 1969292
6 1.064011 383 1068 517351 1971480
6 1.065012 397 1053 497437 1971598
6 1.066027 384 1044 520923 2008026
6 1.067011 439 1043 506007 1939527
6 1.068013 423 1048 500109 1987503
6 1.069011 416 1038 512387 1958352
6 1.070012 414 1041 525458 1962848
6 1.071013 417 1040 495709 1989285
6 1.072012 368 1076 521747 1967837
6 1.073013 464 1137 519083 1960171
6 1.074012 438 1062 499062 1979777
6 1.075012 415 1018 512637 1978932
6 1.076011 408 1045 517887 1967391
6 1.077012 424 1055 498334 1973152
6 1.078012 397 1021 519628 1972589
6 1.079011 479 1064 497397 1982810
6 1.080012 354 1059 520866 1963761
6 1.081011 427 1065 508289 1944320
6 1.082012 479 1025 492735 1994815
6 1.083012 312 1138 516163 1970038
6 1.084011 383 1101 513286 1974726
6 1.085012 475 1035 495065 1978376
6 1.086012 350 1119 523620 1962884
6 1.087011 405 1016 510277 1975278
6 1.088012 420 1072 495164 1987166
6 1.089012 392 1080 521909 1951107
6 1.090012 377 1026 519463 1967324
6 1.091012 424 1004 495763 1988480
6 1.092012 388 1031 514024 1979903
6 1.093012 469 1087 518308 1956508
6 1.094011 449 1041 493337 1990672
6 1.095013 438 1035 513901 1980517
6 1.096013 449 1104 515490 1979239
6 1.097014 518 1068 491210 1985077
6 1.098012 418 1130 504885 1979253
6 1.099012 432 1054 515702 1975152
6 1.100011 435 1053 492295 1992433
6 1.101012 403 1109 512479 1960930
6 1.102012 414 1058 512626 1979606
6 1.103012 443 1043 500977 1983902
6 1.104012 387 1025 521590 1963256
6 1.110394 30252 2781 1803974 14759416
6 1.111019 3663 74 73772 1429212
6 1.112015 8537 139 179855 2444189
6 1.113016 9291 573 328721 2201580
6 1.114017 1250 887 474276 2014283
6 1.115013 641 995 494613 1962070
6 1.116777 1192 1704 846528 3586260
6 1.117013 536 157 86234 443122
6 1.118013 2298 727 423276 2111342
6 1.119029 1286 941 456769 2080976
6 1.120012 343 1109 500735 1948019
6 1.121013 406 1019 498007 1955628
6 1.122013 533 1023 480202 2005425
6 1.123012 355 1051 517280 1967455
6 1.124013 397 1031 510860 1980742
6 1.125012 475 1128 488316 1970305
6 1.126013 388 1023 504814 1990759
6 1.127012 437 1080 503253 1992218
6 1.128012 425 1073 491662 1985963
6 1.129013 399 1063 513378 1962879
6 1.130012 405 1075 506200 1980442
6 1.131012 420 1055 492680 1989471
6 1.132012 400 1027 504083 1986325
6 1.133012 389 1063 512519 1958588
6 1.134012 430 1061 490937 1992618
6 1.135012 400 1119 517236 1967742
6 1.136011 412 1037 508659 1982308
6 1.137013 413 987 487861 1989495
6 1.138012 398 1003 507204 1975918
6 1.139012 404 1039 515885 1978371
6 1.140014 436 987 482544 2005879
6 1.141013 423 1005 503092 1956227
6 1.142012 407 1054 516951 1969285
6 1.143013 459 1015 482100 2009216
6 1.144013 365 1107 511636 1979405
6 1.145012 494 1082 506989 1962938
6 1.146014 505 1053 488968 2001036
6 1.147012 400 1021 501248 1945419
6 1.148011 405 1048 504082 1990166
6 1.149014 414 1090 497796 1973082
6 1.150012 425 1061 510516 1965698
6 1.151012 466 1119 517515 1970138
6 1.152012 423 1009 494104 1988195
6 1.153013 421 1059 516415 1957336
6 1.154012 442 1021 510978 1978172
6 1.155013 497 1088 499609 1980563
6 1.156012 393 1060 522779 1961302
6 1.157012 443 1044 516715 1961719
6 1.158012 437 1048 497129 1977339
6 1.159011 400 1050 516080 1973123
6 1.160012 405 1060 520539 1965923
6 1.161012 425 1051 498323 1967456
6 1.162012 379 1018 510513 1981226
6 1.163012 394 1021 514823 1974455
6 1.164012 430 1020 496867 1983311
6 1.165013 427 1112 516678 1952460
6 1.166011 493 1036 486415 1998729
6 1.167012 311 1093 521224 1967306
6 1.168011 398 1029 515881 1967526
6 1.169012 523 1086 492436 1981483
6 1.170012 310 1087 519710 1965153
6 1.171012 401 1097 521107 1966089
6 1.172013 412 1101 498435 1985065
6 1.173013 354 1120 514600 1952673
6 1.174012 388 1084 517573 1968719
6 1.175012 452 1098 500330 1985054
6 1.176012 364 1140 522931 1959388
6 1.177012 468 1085 522745 1953541
6 1.178012 456 1148 497758 1980829
6 1.179014 387 1127 522159 1971033
6 1.180012 352 1090 512742 1973213
6 1.181012 368 1100 496574 1972830
6 1.182012 386 1113 522741 1960874
6 1.183011 396 1064 512049 1974442
6 1.184012 432 1080 499476 1982007
6 1.185012 398 1062 520981 1948788
6 1.186012 418 1172 520647 1967207
6 1.187011 400 1112 500182 1982207
6 1.188011 402 1112 516816 1968600
6 1.189012 391 1087 512867 1957297
6 1.190011 414 1089 502723 1968354
6 1.191012 367 1133 522004 1965679
6 1.192011 425 941 446964 1692169
6 1.193012 558 1019 495005 1981897
6 1.194012 403 1452 565492 1901402
6 1.195012 474 1454 541062 1926461
6 1.196012 262 1497 571140 1895191
6 1.197013 406 1533 564112 1890849
6 1.198011 425 1539 544407 1906771
6 1.199011 365 1554 570004 1897102
6 1.200011 369 1519 563783 1910097
6 1.201011 383 1498 539580 1893328
6 1.202011 385 1534 569369 1898716
6 1.203011 402 1477 544416 1919226
6 1.204011 291 1521 573661 1887599
6 1.205013 536 1451 552163 1913095
6 1.206011 525 1343 533790 1927196
6 1.207011 387 1480 563544 1903682
6 1.208012 387 1471 563911 1900474
6 1.209011 359 1466 537031 1906789
6 1.210012 494 1250 490662 1716311
6 1.211012 507 1481 562603 1905496
6 1.212011 368 1466 544018 1916902
6 1.213011 403 1527 566928 1879451
6 1.214011 401 1473 539556 1928590
6 1.215011 325 1551 573677 1887099
6 1.216011 378 1460 559776 1906696
6 1.217011 364 1486 548663 1895456
6 1.218011 338 1498 562555 1912103
6 1.219012 421 1571 575657 1886085
6 1.220010 365 1510 542441 1916042
6 1.221011 454 1307 534882 1826269
6 1.222011 436 1478 542975 1909070
6 1.223011 335 1495 570924 1899616
6 1.224012 386 1459 562102 1909593
6 1.225011 380 1439 544261 1901110
6 1.226011 351 1515 563921 1901493
6 1.227012 357 1557 571191 1895671
6 1.228011 341 1471 542559 1916971
6 1.229011 389 1482 561136 1902792
6 1.230012 390 1476 541420 1921946
6 1.231011 311 1572 567593 1895967
6 1.232012 333 1469 568196 1897575
6 1.233011 338 1552 543120 1906409
6 1.234011 313 1474 569942 1897077
6 1.235011 343 1538 570868 1899847
6 1.236011 356 1446 543081 1919648
6 1.237011 357 1547 567591 1889624
6 1.238011 405 1571 549663 1912875
6 1.239011 320 1582 566243 1899807
6 1.240011 371 1574 572783 1891015
6 1.241011 350 1484 548782 1901098
6 1.242011 361 1521 564356 1909382
6 1.243011 371 1473 560558 1909788
6 1.244010 355 1575 550604 1911064
6 1.245012 345 1500 564391 1884020
6 1.246012 416 1421 540781 1920649
6 1.247012 327 1498 564927 1907664
6 1.248011 371 1440 564320 1900826
6 1.249012 358 1482 548205 1903708
6 1.250012 340 1414 557354 1914514
6 1.251011 350 1470 565844 1898126
6 1.252012 378 1394 539922 1929411
6 1.253011 379 1464 567091 1887166
6 1.254011 351 1511 545214 1915204
6 1.255011 324 1491 558912 1918492
6 1.256011 339 1468 566327 1903601
6 1.257011 384 1513 543496 1908007
6 1.258011 337 1576 565947 1903856
6 1.259012 411 1569 563531 1911771
6 1.260012 375 1445 546890 1905482
6 1.261011 355 1493 562328 1885022
6 1.262011 391 1486 535106 1930682
6 1.263011 333 1512 574430 1889341
6 1.264011 338 1507 555303 1915171
6 1.265012 359 1480 543373 1908547
6 1.266012 371 1518 561677 1902424
6 1.267011 392 1477 566527 1899856
6 1.268011 339 1414 545401 1917133
6 1.269012 389 1456 563543 1889301
6 1.270011 379 1545 544206 1917179
6 1.271011 320 1426 562427 1908554
6 1.272010 395 1461 569289 1895471
6 1.273012 385 1462 538122 1913585
6 1.274012 364 1495 561515 1911878
6 1.275012 379 1438 561797 1908835
6 1.276011 369 1395 542735 1919574
6 1.277011 330 1545 570983 1884060
6 1.278012 421 1463 541980 1926629
6 1.279012 322 1529 573029 1895839
6 1.280012 370 1537 571770 1892523
6 1.281011 371 1450 548990 1901013
6 1.282011 339 1480 570997 1897127
6 1.283011 390 1509 564160 1907208
6 1.284011 348 1528 550948 1910721
6 1.285010 339 1498 567447 1886371
6 1.286011 377 1479 549814 1909644
6 1.287011 333 1514 568905 1901084
6 1.288011 339 1485 563516 1905041
6 1.289011 347 1544 547041 1904813
6 1.290012 361 1555 572761 1894398
6 1.291010 368 1571 568558 1897908
6 1.292011 370 1527 549853 1913554
6 1.293013 367 1442 564624 1898288
6 1.294011 399 1458 542307 1917952
6 1.295011 345 1484 570464 1892863
6 1.296011 368 1574 566306 1904606
6 1.297010 362 1487 550733 1886299
6 1.298011 344 1522 582274 1879238
6 1.299013 450 1501 558391 1902261
6 1.300010 302 1530 575333 1878355
6 1.301011 343 1452 583310 1868581
6 1.302011 355 1470 556238 1901674
6 1.303011 348 1588 587746 1873750
6 1.304011 384 1529 582972 1881098
6 1.305011 365 1568 566293 1876894
6 1.306012 426 1493 580536 1882422
6 1.307013 478 1401 548297 1919362
6 1.308011 365 1429 581118 1871273
6 1.309011 360 1472 586054 1864500
6 1.310011 392 1363 503194 1691132
6 1.311010 393 1497 584622 1874483
6 1.312011 384 1480 579019 1889446
6 1.313011 336 1479 567476 1870641
6 1.314010 358 1541 584743 1879698
6 1.315011 355 1451 562738 1891800
6 1.316012 329 1550 587375 1880768
6 1.317011 371 1472 583732 1864502
6 1.318011 337 1532 563682 1891115
6 1.319010 364 1527 590974 1870637
6 1.320010 353 1492 562452 1891737
6 1.321010 383 1926 652362 1757360
6 1.322011 347 2107 676629 1747156
6 1.323011 322 2031 651874 1772961
6 1.324011 361 2069 675364 1746888
6 1.325010 330 2064 644311 1765517
6 1.326010 393 2046 668956 1759115
6 1.327011 327 2094 652674 1768636
6 1.328010 342 2131 671140 1753988
6 1.329010 389 2026 646722 1766985
6 1.330010 319 2030 670815 1751298
6 1.331011 359 2070 673710 1755559
6 1.332010 316 2027 645213 1759588
6 1.333009 391 2138 662687 1745301
6 1.334010 274 2029 657179 1765829
6 1.335010 378 2052 672928 1755521
6 1.336010 323 2026 653722 1750498
6 1.337010 378 2063 670663 1743470
6 1.338011 384 2041 642658 1768307
6 1.339011 322 2145 674379 1752186
6 1.340010 387 2084 664398 1763720
6 1.341010 320 2066 653133 1753580
6 1.342009 378 2127 665269 1748633
6 1.343010 308 2107 653518 1757583
6 1.344010 344 2075 676860 1745295
6 1.345010 295 2041 650704 1755948
6 1.346010 350 2061 679639 1741783
6 1.347009 323 2018 651138 1764394
6 1.348011 332 2039 678743 1746525
6 1.349011 340 2096 668615 1737834
6 1.350010 281 2114 650295 1767736
6 1.351009 328 2101 673887 1749757
6 1.352010 315 2035 651797 1759608
6 1.353011 377 2063 672410 1741212
6 1.354010 325 2127 651641 1766368
6 1.355011 388 2126 672296 1752637
6 1.356010 326 2119 651117 1765552
6 1.357011 342 2056 672674 1741580
6 1.358009 377 2163 660663 1756239
6 1.359010 308 2035 662610 1758614
6 1.360010 375 2017 669297 1756872
6 1.361010 351 2146 650371 1751948
6 1.362010 398 2010 670459 1755816
6 1.363010 297 2044 649642 1770647
6 1.364010 324 2027 674493 1751445
6 1.365010 357 1975 645273 1763067
6 1.366012 338 2171 663729 1767643
6 1.367010 361 2090 667549 1750464
6 1.368011 357 2036 656204 1766009
6 1.369012 360 2038 665490 1741623
6 1.370011 330 2101 646641 1770792
6 1.371009 340 2101 672875 1745906
6 1.372010 327 2139 651696 1762277
6 1.373011 376 2140 673798 1729873
6 1.374011 375 2077 658725 1760713
6 1.375010 308 2051 676997 1744469
6 1.376010 400 2062 652520 1765414
6 1.377011 289 2026 676930 1734838
6 1.378010 410 2067 675525 1744791
6 1.379011 318 2030 653481 1765653
6 1.380011 344 2124 675141 1750189
6 1.381011 329 2065 645515 1756397
6 1.382010 365 2094 673739 1744890
6 1.383010 322 2063 649856 1771640
6 1.384009 360 2067 674591 1750489
6 1.385010 437 2091 643800 1764649
6 1.386011 266 2149 677402 1747590
6 1.387010 347 2055 672649 1751445
6 1.388009 329 2175 660472 1751286
6 1.389010 376 2114 675292 1740854
6 1.390010 325 2059 647469 1768552
6 1.391010 345 2074 678147 1744658
6 1.392010 324 2106 650440 1773371
6 1.393010 335 2076 671106 1741378
6 1.394010 398 2134 650802 1769406
6 1.395010 281 2083 681281 1742184
6 1.396009 319 2140 674604 1742939
6 1.397011 336 2053 654298 1758543
6 1.398010 360 2106 675014 1746369
6 1.399010 288 2076 650751 1772448
6 1.400009 374 2136 673884 1744569
6 1.401009 333 2152 649155 1763677
6 1.402011 336 1988 665823 1765783
6 1.403011 386 2090 649253 1770626
6 1.404011 290 2022 669855 1756615
6 1.405010 418 1980 640753 1670570
6 1.406010 319 2039 651984 1766528
6 1.407010 370 2039 667082 1761408
6 1.408010 316 2035 655351 1760884
6 1.409009 350 2094 668728 1743563
6 1.410013 525 1749 572196 1631738
6 1.411010 409 2031 661846 1753658
6 1.412010 373 2042 668312 1759731
6 1.413010 381 2066 644454 1764180
6 1.414011 353 2051 667938 1755843
6 1.415010 355 2076 652391 1762153
6 1.416010 349 2037 664069 1766143
6 1.417011 403 1947 646350 1768719
6 1.418010 351 2140 668933 1750821
6 1.419010 344 2146 653238 1768756
6 1.420010 329 2121 674583 1751482
6 1.421010 411 2058 668521 1745687
6 1.422010 307 2088 647518 1773674
6 1.423011 392 2193 680706 1740730
6 1.424010 326 2068 654026 1763368
6 1.425010 410 2057 674676 1735363
6 1.426011 369 1956 614183 1826605
6 1.427013 461 1748 589644 1878342
6 1.428011 529 1822 589114 1863563
6 1.429012 490 1787 573261 1868477
6 1.430012 441 1836 593595 1862152
6 1.431011 405 1788 567403 1870546
6 1.432011 420 1836 594630 1863271
6 1.433011 437 1837 594954 1848545
6 1.434012 414 1737 571793 1877655
6 1.435011 372 1749 591304 1850319
6 1.436010 435 1755 564698 1875208
6 1.437011 443 1817 599085 1840643
6 1.438012 457 1821 595849 1862767
6 1.439011 361 1743 570995 1866492
6 1.440011 424 1848 596532 1855661
6 1.441012 462 1734 567834 1860165
6 1.442012 387 1834 593459 1863534
6 1.443012 443 1798 594452 1865696
6 1.444011 407 1832 572891 1876916
6 1.445011 379 1719 590990 1854374
6 1.446012 459 1688 571815 1885855
6 1.447011 374 1770 589627 1863445
6 1.448011 415 1771 595542 1864119
6 1.449013 390 1569 545668 1902369
6 1.450013 405 1052 507260 1981515
6 1.451011 451 1000 511470 1964627
6 1.452012 451 989 491868 1995700
6 1.453013 433 1113 509537 1969215
6 1.454011 440 1026 514238 1968834
6 1.455012 428 998 488328 1996723
6 1.456011 422 1061 511272 1979720
6 1.457013 439 1062 511065 1969892
6 1.458011 450 1061 487382 1990263
6 1.459013 409 1039 513012 1982427
6 1.460012 396 936 504391 1985924
6 1.461011 439 1012 492019 1976147
6 1.462013 380 1056 513577 1977177
6 1.463012 386 1052 513342 1974809
6 1.464012 410 1027 490374 1997156
6 1.465012 446 1042 510572 1965361
6 1.466012 409 999 504604 1991087
6 1.467012 434 1001 487836 1994498
6 1.468013 377 1033 514766 1974199
6 1.469012 396 1093 511442 1962542
6 1.470012 355 991 503834 1975840
6 1.471011 375 1072 509654 1978737
6 1.472012 470 1057 488436 1998347
6 1.473012 335 1051 506534 1971443
6 1.474014 409 1080 515217 1977485
6 1.475012 514 1035 484630 1993816
6 1.476011 323 1073 519425 1963074
6 1.477012 428 1026 511522 1964811
6 1.478012 462 1016 482454 2007834
6 1.479012 380 1012 509743 1983434
6 1.480012 400 1061 514258 1968775
6 1.481012 484 1031 486863 1983994
6 1.482013 381 1035 514891 1973383
6 1.483012 409 1102 508894 1986115
6 1.484012 491 1030 490497 1996626
6 1.485013 515 910 433758 1703187
6 1.486012 470 1111 507137 1982418
6 1.487013 508 1045 484748 2001437
6 1.488012 349 1107 516137 1969210
6 1.489012 419 1064 511295 1962009
6 1.490013 471 1017 487088 2005189
6 1.491012 368 1104 506160 1983570
6 1.492012 415 1015 512299 1975831
6 1.493012 476 992 481435 1977138
6 1.494013 353 1076 513356 1977500
6 1.495012 401 950 509141 1977498
6 1.496012 431 1006 487433 2000988
6 1.497012 431 1045 513090 1956406
6 1.498013 417 1121 517765 1967608
6 1.499012 443 1028 490814 1994057
6 1.500013 385 1061 505975 1987954
6 1.501012 411 1037 514077 1946709
6 1.502012 450 1052 490009 1988970
6 1.503012 390 1122 509297 1980898
6 1.504011 437 1086 505401 1986557
6 1.505012 459 1000 498897 1967743
6 1.506014 370 1088 509547 1982009
6 1.507012 389 1004 506499 1982341
6 1.508012 389 1072 488882 1993241
6 1.509013 403 1086 515294 1965240
6 1.510012 450 837 445225 1772922
6 1.511013 657 1078 483331 2003360
6 1.512014 483 1005 501052 1995242
6 1.513012 546 1022 499976 1973639
6 1.514011 528 1100 490676 1988776
6 1.515013 383 952 511368 1977758
6 1.516012 426 1027 503425 1990137
6 1.517013 377 1051 491311 1978077
6 1.518013 370 1063 507977 1982454
6 1.519011 386 1040 507955 1984530
6 1.520012 446 1058 497949 1985080
6 1.521012 390 1035 515291 1958701
6 1.522012 388 987 510611 1979708
6 1.523013 396 1048 496587 1987254
6 1.524012 357 1051 515626 1974736
6 1.525012 445 1093 510206 1962286
6 1.526012 471 1006 489036 1997396
6 1.527013 407 969 508416 1983273
6 1.528012 455 1073 506746 1982907
6 1.529013 432 1088 494524 1980029
6 1.530014 399 1071 507977 1978687
6 1.531013 423 1024 510860 1977968
6 1.532012 395 1029 487721 1994603
6 1.533013 444 929 480337 1911854
6 1.534013 483 962 503649 1989246
6 1.535012 414 1026 488202 1998695
6 1.536011 370 987 509521 1979578
6 1.537012 431 1032 508979 1973084
6 1.538012 406 1048 493298 1993032
6 1.539012 397 1050 512469 1980672
6 1.540012 457 989 506419 1988440
6 1.541012 452 953 487870 1988128
6 1.542012 425 1005 513486 1973045
6 1.543012 416 1053 510399 1981086
6 1.544011 467 1058 489896 1989161
6 1.545012 473 1015 509701 1974881
6 1.546012 415 1072 507262 1985425
6 1.547013 421 1007 490093 2001487
6 1.548012 384 1059 515536 1973704
6 1.549011 433 1066 509021 1958169
6 1.550014 472 1060 495088 1989371
6 1.551013 360 1037 505512 1985510
6 1.552011 526 993 486967 1992042
6 1.553013 362 1044 511823 1965617
6 1.554013 404 1039 514023 1974983
6 1.555012 469 1059 489446 1995880
6 1.556011 324 1042 514276 1964645
6 1.557013 419 1054 514576 1968887
6 1.558064 568 1073 509724 2104872
6 1.559012 347 998 487045 1871112
6 1.560012 412 1016 513245 1976192
6 1.561011 479 1007 480522 1978466
6 1.562012 388 1063 511149 1984566
6 1.563011 388 1028 509962 1976391
6 1.564012 460 1016 492720 1991689
6 1.565012 412 1020 506171 1971584
6 1.566012 431 1073 508933 1985930
6 1.567013 482 1013 490750 1989799
6 1.568012 372 1069 511596 1976473
6 1.569011 437 997 501238 1980340
6 1.570011 482 998 489062 1990708
6 1.571012 368 1034 512781 1977846
6 1.572013 423 1085 514338 1972122
6 1.573012 453 1038 486733 1977711
6 1.574011 396 986 512964 1977571
6 1.575011 413 1071 511164 1973565
6 1.576014 455 1019 490194 1999908
6 1.577012 426 1043 507912 1964481
6 1.578012 435 1038 514640 1977233
6 1.579012 464 1015 491425 1994000
6 1.580012 376 1025 505744 1987815
6 1.581012 431 1062 507083 1967694
6 1.582013 447 1057 491547 1996749
6 1.583014 593 769 372050 1548306
6 1.584012 788 991 486332 2006364
6 1.585012 694 1050 485408 1982077
6 1.586012 366 1029 510452 1979051
6 1.587011 397 1021 514164 1973085
6 1.588012 455 970 486586 1998860
6 1.589013 467 1047 511021 1976058
6 1.590012 528 989 500852 1986520
6 1.591013 529 1034 488142 1999987
6 1.592012 386 1056 515296 1974914
6 1.593012 475 1092 510887 1961455
6 1.594012 408 1059 496566 1983228
6 1.595012 397 1004 514589 1977114
6 1.596012 396 1063 512468 1976334
6 1.597013 425 1084 495382 1974517
6 1.598012 379 1058 513673 1976973
6 1.599012 391 992 512349 1978741
6 1.600012 408 988 479434 2011367
6 1.601011 390 1117 517032 1959192
6 1.602012 394 1035 512695 1977712
6 1.603011 437 1027 489692 1991983
6 1.604012 400 1004 514819 1976073
6 1.605012 377 1065 512242 1968182
6 1.606012 432 1038 491716 1994517
6 1.607012 379 1017 511038 1981257
6 1.608012 460 1041 511688 1977454
6 1.609012 439 1048 493680 1975909
6 1.610012 330 957 450194 1714267
6 1.611012 503 954 500104 1965518
6 1.612013 458 1029 496217 1986722
6 1.613012 356 1044 513579 1954672
6 1.614013 437 1065 511872 1977701
6 1.615015 526 1092 491846 2003859
6 1.616012 435 1092 509414 1965755
6 1.617013 504 1014 502112 1962911
6 1.618012 448 1046 493122 1988124
6 1.619011 392 1118 518074 1968710
6 1.620011 395 1104 520330 1969353
6 1.621012 421 1003 492428 1966757
6 1.622012 409 1004 517451 1966748
6 1.623012 420 1085 517530 1968832
6 1.624012 393 1074 499919 1980134
6 1.625012 385 1087 515156 1958683
6 1.626010 468 1031 507165 1971289
6 1.627011 401 1044 511097 1976229
6 1.628011 419 1052 517802 1970436
6 1.629013 416 482 211761 872578
6 1.630012 826 1002 484345 1991097
6 1.631013 420 1061 519328 1962384
6 1.632012 417 1048 516781 1973980
6 1.633012 420 1102 491010 1972807
6 1.634726 1060 1731 837232 3495681
6 1.635014 906 161 98343 569206
6 1.636015 3022 775 410419 2108948
6 1.637121 770 1207 564003 2181690
6 1.638013 575 944 447613 1762366
6 1.639012 531 1142 499832 1975681
6 1.640013 409 1021 510184 1981082
6 1.641012 413 1069 524241 1945140
6 1.642012 430 1065 495542 1984946
6 1.643013 399 1081 522574 1963689
6 1.644012 406 1038 516385 1971687
6 1.645012 436 1038 492455 1979246
6 1.646012 384 1072 510076 1977497
6 1.647012 391 1095 521353 1965207
6 1.648013 410 1064 498624 1981635
6 1.649011 390 1117 515978 1950059
6 1.650012 419 1139 515377 1977255
6 1.651012 427 1049 501268 1978167
6 1.652012 376 1074 516328 1968558
6 1.653012 392 1136 512194 1967055
6 1.654012 388 1067 492206 1988274
6 1.655012 406 1058 519350 1963099
6 1.656012 422 1057 519254 1966569
6 1.657011 425 1046 496126 1970970
6 1.658011 418 1101 517496 1971536
6 1.659012 415 1052 516473 1975229
6 1.660011 424 1090 497724 1979319
6 1.661013 495 1026 485850 1886366
6 1.662013 454 1047 510626 1975791
6 1.663012 420 1071 502859 1972896
6 1.664011 402 1113 517850 1963178
6 1.665012 539 1049 493658 1977184
6 1.666012 335 1064 514686 1969188
6 1.667011 404 1010 518369 1968199
6 1.668011 480 1035 494463 1989023
6 1.669011 350 1052 517261 1951651
6 1.670012 397 1085 517426 1970698
6 1.671011 475 1025 495039 1986801
6 1.672012 351 1093 520460 1966173
6 1.673012 408 1068 512828 1965514
6 1.674012 419 1032 491160 1989878
6 1.675011 411 1061 519747 1962136
6 1.676011 439 1034 511620 1980816
6 1.677011 464 1073 497777 1970814
6 1.678012 372 1067 522653 1965010
6 1.679012 384 1101 516405 1970362
6 1.680011 392 1051 498930 1978455
6 1.681012 418 1010 513799 1953443
6 1.682011 417 1099 520075 1965222
6 1.683012 427 1009 491328 1993706
6 1.684012 406 1040 519247 1971607
6 1.685011 412 1058 513338 1960049
6 1.686012 428 1038 498249 1986758
6 1.687014 372 1114 519098 1977526
6 1.688013 426 999 516369 1970304
6 1.689012 419 1054 491781 1975245
6 1.690011 422 1125 523529 1958103
6 1.691012 400 1133 518290 1974036
6 1.692013 424 1062 499305 1979334
6 1.693012 420 1037 513454 1958944
6 1.694015 626 990 494861 2005338
6 1.695013 663 1086 493996 1978528
6 1.696013 498 1090 506076 1986317
6 1.697012 443 983 508786 1960561
6 1.698012 478 1091 502989 1973452
6 1.699011 407 1081 520129 1967086
6 1.700012 478 1008 488311 1995989
6 1.701012 375 1062 520096 1952383
6 1.702011 404 1041 518354 1965763
6 1.703011 433 1021 491501 1992530
6 1.704011 360 1004 513699 1974712
6 1.705012 396 1067 516387 1965101
6 1.708569 8681 2250 1240069 6963893
6 1.709017 0 0 0 0
6 1.710016 5753 188 130585 1667547
6 1.711015 6567 171 181303 2101233
6 1.712013 6468 277 253344 2348604
6 1.713014 4275 767 402574 2036404
6 1.714013 634 987 507770 1971199
6 1.715012 536 1043 504705 1976412
6 1.716012 477 1077 495638 1987714
6 1.717014 519 1108 510139 1970960
6 1.718014 588 968 499546 1984628
6 1.719013 492 1077 488142 1961214
6 1.722739 6245 1077 565175 3623972
6 1.723018 2410 43 38017 605599
6 1.724014 9236 142 165643 2478992
6 1.725014 8132 155 173137 2328296
6 1.726013 11113 239 223296 2370642
6 1.727013 781 1035 499934 1983972
6 1.728011 555 991 509173 1975445
6 1.729013 685 1004 484655 1988482
6 1.730015 449 1064 510232 1971165
6 1.731012 462 1043 511311 1952495
6 1.732012 548 1067 493037 1982227
6 1.733141 912 1017 513578 2223720
6 1.734014 2338 542 338790 1863559
6 1.735013 1738 870 441198 2076317
6 1.736012 697 1027 486643 1987205
6 1.737013 427 844 427992 1620180
6 1.738015 455 1017 501340 2001603
6 1.739013 423 1072 489273 1988153
6 1.740012 413 1047 505663 1982628
6 1.741013 443 992 502989 1963453
6 1.742014 449 1056 494417 1988042
6 1.743013 419 1001 512489 1968049
6 1.744013 415 1048 513565 1975764
6 1.745014 413 991 477767 1964817
6 1.746013 387 1087 509243 1985592
6 1.747013 396 1074 507816 1974577
6 1.748013 408 1030 486382 1994162
6 1.749052 454 1067 516943 2063188
6 1.750012 422 1028 494240 1893114
6 1.751013 415 1073 488688 1998244
6 1.752012 406 942 505822 1978824
6 1.753013 452 1035 483087 1919918
6 1.754013 433 1031 485015 2002045
6 1.755012 401 1067 515342 1970120
6 1.756012 408 1176 512393 1979141
6 1.757013 449 1012 473749 1936722
6 1.758012 413 1048 511207 1973964
6 1.759011 397 1115 509613 1979705
6 1.760013 414 1097 497211 1996267
6 1.761013 434 1126 512472 1965766
6 1.762013 450 1094 515541 1974557
6 1.763012 398 1059 497291 1980132
6 1.764013 371 1021 514278 1983909
6 1.765018 489 1130 495412 1919437
6 1.766012 312 1111 505500 1924569
6 1.767012 451 1064 519846 1966794
6 1.768011 471 1041 497977 1985981
6 1.769013 349 1070 504926 1890503
6 1.770011 441 1165 521340 1961682
6 1.771012 480 1076 496136 1988659
6 1.772012 378 1111 521874 1964598
6 1.773012 410 1101 508704 1919157
6 1.774011 454 1121 501242 1972981
6 1.775012 360 1108 524005 1964817
6 1.776012 386 1064 517282 1968499
6 1.777013 447 1073 495493 1967856
6 1.778012 351 1444 563831 1898453
6 1.779012 365 1587 573018 1898348
6 1.780012 385 1449 544705 1914774
6 1.781011 356 1483 568296 1882974
6 1.782011 400 1502 549077 1912757
6 1.783010 270 1503 571786 1892951
6 1.784010 381 1506 575558 1889067
6 1.785017 372 1570 546567 1922050
6 1.786011 328 1456 558896 1903198
6 1.787012 353 1456 561662 1907719
6 1.788011 349 1525 546735 1911557
6 1.789012 421 1489 566523 1894282
6 1.790011 477 1479 538289 1921750
6 1.791012 263 1485 568737 1900935
6 1.792011 316 1517 567932 1896836
6 1.793011 355 1496 544259 1904835
6 1.794012 337 1513 571819 1898840
6 1.795012 343 1542 567987 1900669
6 1.796011 335 1578 548786 1909593
6 1.797012 379 1563 569995 1886797
6 1.798012 455 1470 536151 1927472
6 1.799024 291 1554 575987 1933238
6 1.800011 345 1570 561560 1858952
6 1.801012 367 1482 538962 1897487
6 1.802012 349 1454 564744 1906783
6 1.803011 353 1442 568803 1892053
6 1.804012 334 1536 546746 1919737
6 1.805011 363 1516 566975 1885350
6 1.806011 401 1445 546719 1916613
6 1.807011 286 1513 573500 1895867
6 1.808011 353 1467 563165 1903521
6 1.809012 383 1492 543311 1909934
6 1.810011 364 1499 570420 1900193
6 1.811012 494 1183 478013 1660620
6 1.812012 448 1397 536355 1929759
6 1.813011 351 1550 563612 1891174
6 1.814011 377 1496 565873 1897786
6 1.815012 339 1455 551607 1909151
6 1.816011 344 1463 554359 1918505
6 1.817011 395 1433 542520 1904361
6 1.818013 347 1519 570099 1897524
6 1.819012 346 1514 568696 1897139
6 1.820011 339 1441 546511 1911798
6 1.821013 407 1533 555649 1906214
6 1.822012 442 1517 565282 1897392
6 1.823011 358 1494 546143 1913850
6 1.824010 376 1484 572066 1894468
6 1.825015 592 1438 529214 1941644
6 1.826012 408 1520 565940 1887562
6 1.827011 432 1507 561789 1908311
6 1.828010 381 1470 541108 1917646
6 1.829012 378 1397 563782 1892693
6 1.830011 395 1546 566037 1898427
6 1.831010 319 1488 544388 1912575
6 1.832011 381 1545 567124 1905016
6 1.833011 393 1540 539940 1902135
6 1.834011 318 1463 567025 1905229
6 1.835012 372 1581 568735 1896927
6 1.836011 340 1506 551780 1908653
6 1.837012 367 1542 565090 1895584
6 1.838012 419 1426 550356 1917131
6 1.839012 380 1552 545721 1914950
6 1.840011 366 1455 564450 1897840
6 1.841012 362 1489 541394 1908024
6 1.842011 341 1616 577474 1882613
6 1.843012 412 1519 567812 1902490
6 1.844011 369 1445 542043 1918162
6 1.845012 392 1485 565119 1890029
6 1.846011 383 1477 560689 1907531
6 1.847012 397 1472 549792 1915699
6 1.848011 343 1456 569341 1895664
6 1.849015 387 1481 539529 1920645
6 1.850012 345 1545 566392 1891508
6 1.851012 386 1503 568412 1902469
6 1.852011 396 1477 541031 1919291
6 1.853012 343 1451 560004 1900948
6 1.854011 327 1438 562116 1901741
6 1.855012 369 1600 546744 1915775
6 1.856011 382 1545 572001 1891535
6 1.857011 359 1501 544139 1904882
6 1.858011 323 1494 564271 1902525
6 1.859011 353 1460 569649 1900242
6 1.860011 356 1457 541566 1917297
6 1.861010 339 1464 560450 1884423
6 1.862011 360 1517 566366 1901037
6 1.863011 346 1475 543814 1923313
6 1.864011 356 1498 570864 1898426
6 1.865011 347 1515 552745 1884981
6 1.866012 361 1495 566589 1906473
6 1.867011 383 1485 560818 1903351
6 1.868011 342 1524 543079 1921991
6 1.869012 330 1561 568803 1888578
6 1.870011 373 1418 560942 1906220
6 1.871012 389 1486 547865 1918243
6 1.872012 327 1590 572342 1891765
6 1.873011 365 1540 545827 1904620
6 1.874011 310 1422 558870 1914295
6 1.875012 368 1562 558197 1911297
6 1.876011 365 1478 549960 1908710
6 1.877011 334 1509 560428 1898325
6 1.878012 408 1474 560428 1914982
6 1.879012 307 1432 544333 1920189
6 1.880011 362 1466 562859 1903580
6 1.881011 370 1425 540707 1910117
6 1.882012 350 1454 581526 1885716
6 1.883011 345 1651 585949 1872480
6 1.884011 380 1503 557400 1895352
6 1.885011 414 1412 547758 1790288
6 1.886010 434 1553 570886 1885951
6 1.887011 332 1525 579866 1880865
6 1.888010 359 1525 586759 1872764
6 1.889011 349 1512 565920 1880599
6 1.890011 326 1534 588767 1868001
6 1.891012 347 1564 591475 1873484
6 1.892010 381 1498 561434 1897072
6 1.893010 344 1480 583097 1861065
6 1.894011 364 1487 561925 1894137
6 1.895011 294 1521 588184 1871813
6 1.896010 372 1554 583344 1874362
6 1.897010 379 1506 561505 1885041
6 1.898011 373 1566 585383 1877120
6 1.899010 422 1468 556869 1901711
6 1.900011 276 1568 594251 1864661
6 1.901010 392 1486 581722 1872506
6 1.902010 341 1512 565506 1888201
6 1.903010 332 1512 578722 1886563
6 1.904010 377 1487 587222 1879227
6 1.905011 373 1987 633855 1775391
6 1.906010 385 2087 677689 1747223
6 1.907011 301 2067 649577 1767706
6 1.908010 350 2060 672160 1748175
6 1.909009 331 2096 650375 1756438
6 1.910010 355 2090 676896 1747760
6 1.911011 450 1679 568212 1584134
6 1.912010 319 2129 673035 1740349
6 1.913011 411 2067 669651 1733003
6 1.914011 321 2077 650958 1759043
6 1.915010 341 1959 670798 1756393
6 1.916009 337 2051 643996 1773400
6 1.917010 358 2090 667602 1749396
6 1.918010 353 2048 650310 1768440
6 1.919010 324 2101 682514 1733898
6 1.920011 407 2011 639747 1781833
6 1.921010 336 2047 667482 1737185
6 1.922011 319 2020 670497 1753050
6 1.923010 295 2029 649205 1772747
6 1.924010 317 2037 673153 1755160
6 1.925011 316 2115 651619 1756732
6 1.926010 404 2128 672873 1747792
6 1.927012 384 1981 642893 1789196
6 1.928011 361 2120 671210 1744011
6 1.929010 446 1979 642318 1755632
6 1.930010 309 2073 677077 1733421
6 1.931010 363 2098 672076 1752425
6 1.932010 311 2083 657635 1757920
6 1.933010 353 2095 663914 1747760
6 1.934011 335 2060 656070 1764856
6 1.935010 371 2021 669326 1752301
6 1.936010 347 1994 646948 1768396
6 1.937010 365 2087 675798 1735160
6 1.938010 381 2130 652118 1766451
6 1.939010 325 2064 674988 1750764
6 1.940010 329 2083 674097 1750273
6 1.941010 322 2117 647156 1757993
6 1.942010 351 2072 677023 1742505
6 1.943009 330 2017 639882 1777102
6 1.944009 356 1982 667108 1745182
6 1.945010 362 2047 654196 1748375
6 1.946010 378 2098 676769 1750938
6 1.947010 376 2079 649302 1767740
6 1.948010 318 2067 679635 1744158
6 1.949010 354 2032 663798 1751050
6 1.950010 329 2144 659179 1764441
6 1.951010 366 2147 675421 1750384
6 1.952010 309 2140 653028 1768983
6 1.953009 350 2056 675622 1730356
6 1.954009 328 2078 656397 1762968
6 1.955010 367 2061 673691 1755009
6 1.956010 379 2113 651385 1764090
6 1.957011 324 2068 675112 1743564
6 1.958010 366 2022 668584 1755651
6 1.959011 309 2067 650286 1773342
6 1.960009 368 2031 675149 1745664
6 1.961011 337 2025 647913 1766816
6 1.962010 357 2126 670747 1752848
6 1.963011 345 1963 645625 1775155
6 1.964010 349 2112 680080 1743945
6 1.965011 341 1917 645119 1763892
6 1.966010 319 2125 671176 1755708
6 1.967011 355 1980 671207 1759281
6 1.968011 323 2025 650707 1770098
6 1.969010 375 2040 669183 1741112
6 1.970011 321 2110 651962 1767341
6 1.971010 355 2129 678225 1741019
6 1.972009 331 2033 656219 1760590
6 1.973010 378 2099 677179 1735059
6 1.974011 360 2040 654751 1757941
6 1.975009 340 2035 665069 1757194
6 1.976009 338 2130 665352 1757671
6 1.977012 368 2063 665794 1750212
6 1.978009 334 2148 677387 1740026
6 1.979010 348 2118 662562 1752789
6 1.980011 373 2136 678198 1745814
6 1.981010 321 2000 645290 1749367
6 1.982011 360 2131 671506 1755305
6 1.983010 339 2119 646048 1769807
6 1.984010 348 2149 681957 1740908
6 1.985011 448 2075 649402 1763133
6 1.986011 286 2115 672618 1754196
6 1.987010 371 2072 672249 1751977
6 1.988010 326 2062 651087 1771142
6 1.989009 337 2148 666494 1735535
6 1.990010 342 2030 650896 1772639
6 1.991011 372 2081 676149 1752679
6 1.992010 370 2147 648771 1771132
6 1.993009 348 2025 673331 1741947
6 1.994011 446 2038 643156 1785445
6 1.995012 315 2058 679562 1747618
6 1.996010 349 2046 667083 1754374
6 1.997010 339 2101 650143 1760759
6 1.998010 356 2129 667461 1754073
6 1.999009 323 2124 649573 1767551
6 2.000010 318 2096 674376 1747270
6 2.001010 361 2055 650002 1759713
6 2.002010 347 2180 678023 1745155
6 2.003011 357 2052 648060 1774365
6 2.004009 296 2134 677058 1740922
6 2.005009 359 2101 677281 1736832
6 2.006011 321 2046 657450 1766372
6 2.007010 367 2165 675622 1748429
6 2.008009 333 2091 649901 1769348
6 2.009010 370 2069 670240 1744426
6 2.010011 365 2047 627232 1809044
6 2.011012 474 1557 518307 1654579
6 2.012013 784 1643 572633 1897868
6 2.013012 568 1690 569007 1862056
6 2.014011 419 1819 591514 1861927
6 2.015012 435 1732 569476 1890134
6 2.016011 406 1788 589960 1861871
6 2.017011 446 1818 595199 1845564
6 2.018011 461 1822 572236 1871786
6 2.019011 409 1807 599718 1855632
6 2.020011 514 1738 561335 1889768
6 2.021011 348 1894 601142 1841793
6 2.022012 419 1750 595267 1862861
6 2.023011 417 1779 575972 1869105
6 2.024012 415 1900 597996 1856902
6 2.025011 464 1868 592587 1845744
6 2.026012 410 1706 579551 1868970
6 2.027011 439 1825 592912 1851172
6 2.028012 417 1789 572140 1869231
6 2.029014 508 1783 581990 1877634
6 2.030012 496 1721 588221 1846780
6 2.031011 410 1786 572922 1857625
6 2.032011 420 1795 588444 1871329
6 2.033011 449 1590 553643 1877893
6 2.034013 390 1046 519352 1970297
6 2.035012 413 1019 512369 1973646
6 2.036012 464 987 488053 1997384
6 2.037012 452 1019 511307 1964608
6 2.038011 466 993 506689 1977251
6 2.039011 473 998 484000 1999433
6 2.040012 422 1072 517222 1972435
6 2.041012 459 1016 503940 1963467
6 2.042012 469 1043 496305 1985380
6 2.043013 388 1063 514900 1969373
6 2.044012 391 1029 513093 1975131
6 2.045012 417 1055 494171 1972237
6 2.046011 423 1079 514358 1975203
6 2.047011 434 1046 509617 1980154
6 2.048012 437 1004 491334 1991336
6 2.049011 364 1029 501788 1974881
6 2.050013 450 1023 507296 1985190
6 2.051012 471 1015 490041 1987983
6 2.052012 400 1065 512667 1977561
6 2.053012 420 1054 515938 1961511
6 2.054013 453 997 489737 1994577
6 2.055013 362 1036 515670 1971214
6 2.056011 423 1061 508555 1979266
6 2.057013 377 1049 488862 1984566
6 2.058012 397 1113 512529 1971511
6 2.059012 375 1057 502865 1990421
6 2.060013 457 996 491947 1995733
6 2.061012 429 1043 506481 1964949
6 2.062013 420 1084 514376 1981974
6 2.063013 387 1032 485804 2000713
6 2.064012 386 1063 515074 1976189
6 2.065013 478 1023 510506 1956196
6 2.066012 418 1073 488049 1996248
6 2.067012 389 1093 510321 1976573
6 2.068012 499 1052 496780 1985754
6 2.069013 365 1086 517295 1956847
6 2.070012 447 1005 504226 1985607
6 2.071011 497 1039 484539 1997969
6 2.072014 303 1042 516565 1975702
6 2.073012 403 1048 514338 1963227
6 2.074012 476 1084 495371 1986345
6 2.075012 354 1086 513793 1974806
6 2.076012 398 1065 503718 1991117
6 2.077012 509 1007 490867 1971887
6 2.078012 365 1038 519962 1964611
6 2.079012 439 1048 507865 1990870
6 2.080011 433 1061 484467 1997598
6 2.081012 414 1040 509828 1969454
6 2.082013 436 1006 509945 1990626
6 2.083012 447 1013 477207 2010241
6 2.084012 377 1041 509457 1984470
6 2.085012 417 1068 510602 1961443
6 2.086013 445 1098 488413 1998734
6 2.087012 376 1057 511984 1978954
6 2.088012 410 1020 511411 1977348
6 2.089012 423 996 489447 1981644
6 2.090012 390 1014 510506 1981281
6 2.091012 388 1050 514897 1975904
6 2.092012 432 1050 488721 1996541
6 2.093012 387 1016 505667 1970829
6 2.094013 454 1017 518946 1975088
6 2.095012 423 975 486472 1993352
6 2.096012 416 1048 512732 1976561
6 2.097012 423 1069 516204 1956846
6 2.098012 434 1101 484473 2003973
6 2.099011 383 1024 504863 1982879
6 2.100012 396 1114 499663 1997931
6 2.101012 470 1028 492869 1962532
6 2.102012 363 1078 507366 1981493
6 2.103013 455 1064 512217 1976902
6 2.104012 424 1067 490564 1989358
6 2.105012 400 1038 510638 1956347
6 2.106013 457 1025 515652 1975457
6 2.107012 410 1027 496016 1981879
6 2.108012 429 1111 508275 1983557
6 2.109012 459 969 509576 1971797
6 2.110012 467 1052 485140 1999732
6 2.111012 384 921 450997 1733669
6 2.112011 541 1017 511020 1980745
6 2.113013 503 1031 481367 1979569
6 2.114012 385 1114 513978 1973213
6 2.115012 441 1037 510203 1981727
6 2.116012 405 1085 489261 1996182
6 2.117012 410 1070 512893 1965133
6 2.118013 452 974 508519 1981349
6 2.119012 441 982 483859 2003875
6 2.120011 347 1042 512797 1972659
6 2.121013 387 1025 508480 1973314
6 2.122012 432 1021 487999 1993002
6 2.123012 416 1095 510204 1978376
6 2.124012 392 1063 509398 1981692
6 2.125012 422 1067 495002 1974098
6 2.126012 426 1073 510360 1980438
6 2.127012 395 966 512712 1977589
6 2.128013 412 1032 485411 2003561
6 2.129013 415 1073 512313 1964903
6 2.130013 486 1081 510747 1977025
6 2.131012 451 1002 495900 1984691
6 2.132014 500 970 495509 2010787
6 2.133012 548 1035 497763 1976881
6 2.134013 465 977 490525 1992899
6 2.135012 408 1049 512284 1973417
6 2.136012 512 1058 493823 1992254
6 2.137013 398 1044 511639 1962590
6 2.138014 405 1037 508747 1987753
6 2.139014 506 999 485776 2001547
6 2.140013 333 1030 512066 1976233
6 2.141012 415 988 509061 1971388
6 2.142013 575 992 480265 2006357
6 2.143012 381 1069 516511 1971877
6 2.144012 423 980 510293 1971784
6 2.145013 472 990 489870 1984188
6 2.146012 388 1013 511867 1975681
6 2.147013 400 1032 510853 1979984
6 2.148012 447 1046 491360 1994085
6 2.149013 382 1078 511949 1968585
6 2.150014 410 1058 509196 1980196
6 2.151012 474 1049 489594 1992010
6 2.152013 384 1023 516328 1975428
6 2.153011 481 1041 513296 1956584
6 2.154013 427 992 491289 1992273
6 2.155012 373 1027 510487 1981659
6 2.156013 424 1096 512418 1980867
6 2.157012 444 1022 482199 1983438
6 2.158013 346 1063 507143 1985518
6 2.159012 409 1030 504737 1986360
6 2.160013 423 1072 495584 1983104
6 2.161012 354 1044 512319 1956265
6 2.162011 404 982 509334 1982252
6 2.163013 447 983 489062 2002228
6 2.164013 418 1002 513642 1976299
6 2.165011 405 1051 512887 1960797
6 2.166012 462 1019 484607 2002169
6 2.167012 396 1034 513333 1979188
6 2.168012 409 1037 502239 1994524
6 2.169012 470 1034 489714 1982256
6 2.170012 428 1025 511154 1976811
6 2.171013 391 1009 510385 1981227
6 2.172012 446 1064 490354 1993550
6 2.173013 436 1012 507937 1973965
6 2.174013 512 1006 502885 1987484
6 2.175012 494 1007 490476 1990414
6 2.176012 398 1080 510555 1977967
6 2.177012 461 1055 513708 1961340
6 2.178012 465 998 491623 2001642
6 2.179012 434 1014 515043 1968888
6 2.180013 413 1008 507572 1986807
6 2.181013 448 1078 492224 1977244
6 2.182011 358 1037 510525 1977879
6 2.183012 395 1082 509890 1985838
6 2.184012 376 1129 495374 1989149
6 2.185012 420 1032 515554 1964199
6 2.186012 437 1063 511322 1981840
6 2.187012 454 1049 489651 1987521
6 2.188011 400 1004 510457 1980006
6 2.189013 389 1050 511916 1965063
6 2.190012 429 1047 493421 1989378
6 2.191012 404 1037 519084 1972260
6 2.192011 490 1093 497540 1988408
6 2.193013 354 991 510364 1960851
6 2.194012 424 1025 513646 1972965
6 2.195013 580 995 487592 2001223
6 2.196011 329 1063 520103 1964239
6 2.197012 403 1111 519465 1954537
6 2.198013 484 1008 490825 1995734
6 2.199013 347 1046 516351 1971208
6 2.200012 411 1053 518297 1970143
6 2.201012 505 1096 497543 1970265
6 2.202011 367 1024 515969 1966483
6 2.203011 410 1074 516799 1971546
6 2.204013 444 1069 500755 1985299
6 2.205012 386 1086 519199 1952937
6 2.206012 383 1089 514941 1974536
6 2.207012 471 1120 501318 1979505
6 2.208012 419 1073 519125 1966342
6 2.209012 430 1073 511705 1963262
6 2.210012 432 1039 495967 1986729
6 2.211012 377 1107 521441 1964069
6 2.212013 529 917 447860 1740670
6 2.213011 522 1069 494954 1967288
6 2.214012 408 1071 518108 1966088
6 2.215013 399 1006 511987 1971854
6 2.216011 430 1011 487335 1993254
6 2.217012 378 1050 520880 1956551
6 2.218012 463 1010 517790 1969858
6 2.219011 432 1027 500724 1977097
6 2.220013 371 1067 518444 1969778
6 2.221013 406 1048 512655 1951974
6 2.222012 458 1065 499517 1978157
6 2.223012 372 1017 519585 1966237
6 2.224012 390 1019 516042 1977545
6 2.225012 429 1040 491243 1982308
6 2.226011 400 1090 519529 1960924
6 2.227011 381 1053 513538 1977630
6 2.228011 423 1076 496319 1981429
6 2.229012 403 1035 519316 1960386
6 2.230013 404 1018 510524 1977127
6 2.231012 399 1041 497742 1980608
6 2.232012 430 1048 510303 1981376
6 2.233011 597 1086 480671 1991473
6 2.234012 350 1081 526751 1960404
6 2.235013 475 1034 511951 1983172
6 2.236013 571 1069 492602 1993386
6 2.237012 341 1045 513057 1951583
6 2.238012 409 1069 517285 1961341
6 2.239011 431 1056 497928 1984062
6 2.240011 384 1132 518079 1969387
6 2.241012 452 1064 522028 1951046
6 2.242012 421 1063 498392 1982228
6 2.243012 390 1088 513553 1977223
6 2.244012 418 1150 517992 1969564
6 2.245011 471 1043 490609 1976459
6 2.246011 398 1081 523325 1966359
6 2.247012 405 1094 515140 1976376
6 2.248012 410 998 490438 1993485
6 2.249011 414 999 511712 1962766
6 2.250012 395 1054 516919 1972589
6 2.251012 427 1107 494952 1992564
6 2.252011 385 1111 517210 1967837
6 2.253013 405 1048 517993 1962532
6 2.254012 426 1094 497819 1978170
6 2.255012 405 1069 520961 1963961
6 2.256012 403 997 509630 1983486
6 2.257012 447 1033 492721 1984180
6 2.258012 390 1020 512218 1979069
6 2.259012 432 1071 520716 1964490
6 2.260012 411 1083 499905 1979960
6 2.261011 377 1033 515169 1963780
6 2.262013 389 1099 522721 1966097
6 2.263012 466 1111 502025 1974934
6 2.264012 413 1054 513836 1976176
6 2.265012 413 1045 509728 1957944
6 2.266013 378 1096 493502 1984646
6 2.267012 400 1073 517642 1966361
6 2.268011 493 1034 495258 1989943
6 2.269011 334 1073 521507 1953120
6 2.270012 342 1109 513212 1978738
6 2.271012 444 1061 496824 1984484
6 2.272012 368 1045 519138 1972947
6 2.273012 399 1067 516742 1957084
6 2.274012 463 1031 491293 1995975
6 2.275012 400 1082 519990 1964864
6 2.276011 388 1019 514702 1973725
6 2.277012 432 1099 496824 1976087
6 2.278013 357 1048 518282 1968429
6 2.279013 422 1098 514076 1972558
6 2.280012 441 999 495134 1983462
6 2.281011 423 1065 512117 1949674
6 2.282012 381 1071 518279 1970372
6 2.283012 415 1021 489510 1996898
6 2.284012 378 1023 516655 1974580
6 2.285013 401 1070 519556 1950516
6 2.286012 440 1076 494550 1986167
6 2.287012 389 1075 524662 1962228
6 2.288012 402 1106 515069 1976440
6 2.289012 416 1009 496656 1974707
6 2.290013 364 1035 513373 1979238
6 2.291012 397 1052 518976 1966450
6 2.292010 421 1045 500326 1980093
6 2.293012 358 1161 518832 1960698
6 2.294013 395 1049 526389 1956249
6 2.295012 434 1102 492496 1991339
6 2.296012 405 1094 522668 1963203
6 2.297012 404 1011 517632 1955958
6 2.298013 433 1020 501480 1982973
6 2.299011 381 1115 514694 1969371
6 2.300011 489 995 493793 1992372
6 2.301012 339 1062 514905 1961684
6 2.302012 410 1050 509886 1983200
6 2.303013 495 1088 490827 1994337
6 2.304013 294 1120 517744 1973647
6 2.305012 413 1049 516473 1950545
6 2.306012 496 1079 490279 1989999
6 2.307012 375 1009 510089 1975376
6 2.309720 8609 2122 1115481 5845189
6 2.310017 1186 139 91112 586426
6 2.311014 3982 522 355694 2197487
6 2.312014 2394 655 367948 1892567
6 2.313013 1703 823 453726 2037953
6 2.314013 690 1071 503097 1961969
6 2.315013 378 1021 512910 1968222
6 2.316012 512 1033 488140 1997187
6 2.317014 373 1035 515201 1956668
6 2.318012 410 1063 517188 1965564
6 2.322070 11638 2791 1546583 8975486
6 2.323020 6073 295 238401 2195748
6 2.324015 5166 672 375114 2135787
6 2.325013 583 1028 500371 1960087
6 2.326013 492 1104 512205 1970845
6 2.327013 452 1079 499054 1979711
6 2.328013 375 1090 519868 1960736
6 2.329014 416 1067 511982 1960622
6 2.330012 465 1056 498052 1975608
6 2.331013 392 1100 521445 1963893
6 2.332013 405 966 515327 1972131
6 2.333162 1229 1053 514918 2365411
6 2.334014 1908 631 355328 1770157
6 2.335014 1534 821 444800 2072017
6 2.336016 937 916 466790 2027176
6 2.337013 385 1014 505928 1951272
6 2.338013 457 1104 516678 1965073
6 2.339012 461 1076 489853 1985149
6 2.340013 412 1079 511881 1976971
6 2.341015 616 1057 490319 1988145
6 2.342013 590 1123 493413 1981218
6 2.343012 397 1097 511055 1956757
6 2.344011 385 1104 508524 1983261
6 2.345011 402 1068 488980 1977517
6 2.346011 367 1079 518639 1961864
6 2.347010 369 1109 513281 1979979
6 2.348012 400 1076 494677 1995532
6 2.349012 365 1138 507168 1973636
6 2.350011 440 1117 519183 1964946
6 2.351012 404 1181 498258 1992374
6 2.352012 369 1033 509326 1979651
6 2.353011 398 1084 515802 1958756
6 2.354011 389 1114 498131 1980081
6 2.355012 335 1179 516059 1976473
6 2.356011 424 1099 513284 1976787
6 2.357012 426 1149 493961 1976391
6 2.358013 426 1067 518688 1970262
6 2.359012 392 1115 513569 1971275
6 2.360013 378 1063 496839 1988536
6 2.361013 454 1240 528840 1923649
6 2.362012 494 1428 532085 1934980
6 2.363012 240 1563 569998 1895483
6 2.364012 329 1518 552559 1871040
6 2.365012 489 1293 463944 1702876
6 2.366010 308 1436 554411 1911144
6 2.367011 369 1602 576438 1891736
6 2.368010 375 1583 553926 1904311
6 2.369011 365 1518 563655 1885258
6 2.370011 371 1450 559643 1909826
6 2.371012 340 1490 547894 1916792
6 2.372012 352 1513 565991 1898650
6 2.373012 488 1362 527983 1869661
6 2.374012 309 1480 565994 1903019
6 2.375011 391 1460 567434 1897789
6 2.376011 340 1524 550553 1909460
6 2.377011 381 1466 561614 1893592
6 2.378011 368 1478 558668 1913998
6 2.379012 369 1486 551685 1911852
6 2.380011 362 1572 569548 1896741
6 2.381012 375 1491 546754 1908079
6 2.382012 322 1468 556110 1913030
6 2.383205 444 1826 662064 2302374
6 2.384014 441 1163 426456 1552342
6 2.385012 465 1500 561022 1895012
6 2.386012 450 1516 561247 1908412
6 2.387011 384 1550 547079 1914668
6 2.388010 328 1501 565166 1904952
6 2.389012 437 1533 549039 1902168
6 2.390013 299 1496 568781 1899031
6 2.391011 401 1531 567444 1900558
6 2.392011 367 1483 540952 1923704
6 2.393012 370 1509 569399 1886250
6 2.394011 371 1574 569929 1891985
6 2.395011 359 1470 548392 1915926
6 2.396010 342 1557 566002 1900034
6 2.397012 441 1500 543857 1911174
6 2.398012 303 1513 569319 1896288
6 2.399012 370 1561 567233 1898120
6 2.400011 341 1485 552994 1904061
6 2.401012 361 1509 566042 1880556
6 2.402011 339 1434 565870 1900270
6 2.403011 370 1371 535251 1931513
6 2.404010 348 1643 576349 1886555
6 2.405011 406 1504 548835 1903940
6 2.406012 336 1494 564103 1903921
6 2.407012 372 1488 566751 1904300
6 2.408010 332 1542 545760 1916229
6 2.409012 383 1432 557256 1907092
6 2.410012 388 1441 562116 1909072
6 2.411011 376 1550 547041 1914520
6 2.412013 422 1294 486937 1686945
6 2.413013 779 1367 516301 1936642
6 2.414011 295 1518 572202 1893596
6 2.415012 342 1491 569079 1900771
6 2.416012 345 1443 543498 1920420
6 2.417012 378 1503 562491 1893642
6 2.418012 339 1515 568747 1901486
6 2.419012 349 1477 543754 1922120
6 2.420011 361 1477 575532 1888657
6 2.421011 478 1430 539938 1909294
6 2.422011 268 1544 573024 1891665
6 2.423011 358 1556 576928 1889211
6 2.424011 346 1539 549702 1909554
6 2.425011 374 1483 568050 1889285
6 2.426011 400 1485 570789 1899148
6 2.427011 370 1484 545436 1913295
6 2.428011 342 1532 569290 1897291
6 2.429011 544 1364 517719 1851989
6 2.430012 284 1549 572717 1896627
6 2.431012 371 1453 574557 1884064
6 2.432011 346 1516 546213 1915083
6 2.433011 389 1538 559176 1899099
6 2.434011 386 1499 566523 1904970
6 2.435011 396 1465 552169 1904419
6 2.436012 319 1485 568882 1905005
6 2.437010 433 1460 531320 1915317
6 2.438011 295 1441 562087 1911041
6 2.439011 361 1477 563299 1904570
6 2.440011 352 1422 545479 1917947
6 2.441013 446 1434 564349 1904061
6 2.442011 549 1455 552164 1910839
6 2.443011 371 1534 542041 1923085
6 2.444015 504 1510 554992 1928888
6 2.445011 693 1381 527642 1916215
6 2.446012 304 1538 568480 1893539
6 2.447012 392 1553 569718 1901432
6 2.448011 342 1518 550556 1902928
6 2.449011 396 1516 557816 1901171
6 2.450011 375 1542 563654 1906560
6 2.451012 327 1478 549457 1912017
6 2.452011 355 1449 566819 1901483
6 2.453011 427 1445 539976 1906216
6 2.454011 310 1602 570264 1895530
6 2.455011 356 1516 566459 1904495
6 2.456010 379 1468 559909 1900669
6 2.457011 393 1547 571781 1883647
6 2.458011 378 1492 569381 1895817
6 2.459010 346 1437 553415 1902389
6 2.460011 345 1518 567350 1906404
6 2.461011 404 1452 540511 1900373
6 2.462011 278 1557 575129 1888086
6 2.463012 383 1502 572211 1899222
6 2.464011 379 1419 542344 1918095
6 2.465011 389 1508 579115 1873779
6 2.466011 361 1558 579195 1884344
6 2.467010 352 1409 558751 1899404
6 2.468010 354 1510 590447 1863317
6 2.469011 418 1447 562482 1883407
6 2.470011 366 1551 585117 1879434
6 2.471010 385 1516 588129 1870819
6 2.472010 334 1484 561249 1896268
6 2.473011 371 1565 588168 1861264
6 2.474011 391 1501 560400 1888075
6 2.475010 275 1493 592391 1867782
6 2.476010 337 1551 591458 1872388
6 2.477010 326 1554 566038 1868375
6 2.478010 369 1480 578521 1889798
6 2.479011 369 1493 581828 1888111
6 2.480011 360 1532 560458 1893753
6 2.481010 387 1520 588674 1858590
6 2.482011 362 1584 572021 1880894
6 2.483010 362 1397 566248 1883958
6 2.484010 319 1465 581748 1885483
6 2.485011 346 1462 564363 1869501
6 2.486010 343 1482 581312 1884800
6 2.487010 356 1411 564186 1892482
6 2.488010 357 1746 612668 1839280
6 2.489010 491 1657 539205 1448131
6 2.490012 505 1837 585901 1619150
6 2.491010 420 2041 670535 1754303
6 2.492010 354 2001 648900 1766057
6 2.493010 380 2067 667561 1744162
6 2.494010 430 1988 644465 1770523
6 2.495009 287 2112 680919 1737312
6 2.496010 314 2131 672910 1739860
6 2.497010 344 2000 646714 1761002
6 2.498010 345 2084 668982 1756607
6 2.499009 321 2099 641742 1775505
6 2.500009 358 2153 674376 1748204
6 2.501010 327 2174 654474 1753477
6 2.502010 345 2131 673617 1748907
6 2.503010 408 2033 646697 1774244
6 2.504010 281 2180 679442 1743334
6 2.505010 329 2117 666697 1747901
6 2.506010 353 2035 649025 1770270
6 2.507011 370 1955 673783 1752713
6 2.508011 327 2148 655876 1759724
6 2.509009 349 2084 668678 1739195
6 2.510010 369 2058 643362 1782131
6 2.511010 372 2006 668401 1761674
6 2.512010 359 1738 583544 1557804
6 2.513011 354 2028 650590 1752715
6 2.514011 380 2061 670321 1759320
6 2.515010 329 2056 643691 1774105
6 2.516011 360 2054 671515 1758379
6 2.517010 348 2122 649328 1752666
6 2.518010 328 2112 676739 1743104
6 2.519011 389 2082 656980 1762311
6 2.520011 350 2040 671004 1755103
6 2.521009 368 2040 665205 1739068
6 2.522010 336 2076 648392 1771733
6 2.523010 310 2114 677847 1748076
6 2.524011 342 2111 657307 1760382
6 2.525010 349 2107 669792 1742262
6 2.526009 309 1992 652406 1761943
6 2.527011 324 2123 679530 1748663
6 2.528010 353 2113 646673 1772917
6 2.529010 334 2045 664518 1750051
6 2.530010 370 2102 674035 1750212
6 2.531010 362 1988 662076 1749348
6 2.532015 357 2134 675802 1781404
6 2.533010 336 2037 639513 1730031
6 2.534011 343 2071 674136 1748975
6 2.535009 331 2042 645242 1771434
6 2.536012 336 2138 679248 1748336
6 2.537010 321 2090 649398 1752821
6 2.538009 292 2123 671917 1747960
6 2.539010 412 2108 656773 1770400
6 2.540010 311 1997 676404 1739358
6 2.541010 328 2156 681208 1727401
6 2.542010 291 2058 655830 1767883
6 2.543010 337 2022 670455 1746872
6 2.544011 322 2048 649617 1771334
6 2.545010 360 2108 672319 1739020
6 2.546013 423 2040 637292 1795824
6 2.547011 345 1996 670707 1748689
6 2.548011 426 2049 643672 1777583
6 2.549010 329 2120 663985 1743348
6 2.550010 361 2071 673508 1747405
6 2.551010 308 2132 658897 1758054
6 2.552010 351 2070 677173 1739384
6 2.553011 320 2064 649085 1759232
6 2.554010 368 2083 674639 1746807
6 2.555010 341 2046 654365 1760792
6 2.556010 307 2107 676345 1751934
6 2.557010 412 2078 648638 1756752
6 2.558010 288 2052 674100 1750548
6 2.559053 349 2235 701268 1830499
6 2.560010 313 1916 619184 1692876
6 2.561011 413 2061 671367 1747263
6 2.562011 326 2039 650117 1767767
6 2.563011 361 2045 668161 1756175
6 2.564010 369 2010 649162 1765022
6 2.565010 363 2046 672859 1741068
6 2.566011 418 2020 636011 1792378
6 2.567010 282 2118 672885 1749681
6 2.568010 351 2135 657365 1692067
6 2.569010 319 1997 630045 1685713
6 2.570010 347 2075 651691 1694268
6 2.571011 346 2125 662769 1755646
6 2.572010 375 2051 670834 1757217
6 2.573010 362 1997 646686 1757507
6 2.574009 331 2107 673327 1753828
6 2.575010 355 2056 662121 1762551
6 2.576010 301 2072 667989 1751958
6 2.577010 362 2123 672013 1744939
6 2.578010 319 2112 657039 1757412
6 2.579010 372 2080 660977 1692132
6 2.580010 335 1969 638482 1698339
6 2.581010 372 2123 669696 1739419
6 2.582013 377 1995 645151 1789158
6 2.583010 295 2151 671681 1742704
6 2.584010 357 2085 671286 1759723
6 2.585010 330 2049 655752 1746226
6 2.586010 365 2064 675993 1747909
6 2.587010 320 2070 652637 1766470
6 2.588010 373 2013 669303 1753465
6 2.589010 337 1952 632183 1703175
6 2.590011 331 1968 655331 1697483
6 2.591010 382 2090 649396 1763500
6 2.592010 333 2053 659199 1696022
6 2.593011 380 2003 659334 1674469
6 2.594011 415 1770 572629 1879899
6 2.595013 532 1771 584485 1888439
6 2.596012 495 1712 564334 1880582
6 2.597011 459 1810 596852 1832773
6 2.598011 418 1750 594666 1860607
6 2.599011 413 1775 564702 1878120
6 2.600010 425 1804 596035 1857282
6 2.601011 466 1768 573082 1869472
6 2.602011 366 1769 598214 1856281
6 2.603012 437 1850 589693 1871465
6 2.604011 442 1743 569831 1882548
6 2.605011 430 1841 591281 1851996
6 2.606012 431 1740 567622 1885156
6 2.607011 372 1798 599218 1857326
6 2.608012 427 1797 592651 1865913
6 2.609013 395 1680 565053 1867166
6 2.610011 416 1724 591540 1852842
6 2.611011 459 1737 568580 1872133
6 2.612010 357 1578 517820 1625847
6 2.613011 531 1773 592155 1850527
6 2.614012 463 1758 571658 1883782
6 2.615011 435 1736 589423 1853684
6 2.616011 435 1878 586508 1871619
6 2.617014 398 1535 542492 1923574
6 2.618012 446 1028 504370 1978467
6 2.619013 451 984 510444 1968566
6 2.620012 417 1010 488617 1993939
6 2.621012 409 1015 507612 1969307
6 2.622012 507 1068 496121 1992545
6 2.623011 341 1075 514636 1967298
6 2.624011 426 1029 515951 1974568
6 2.625011 519 996 480973 1994806
6 2.626012 330 1016 515008 1981140
6 2.627013 419 962 505120 1984838
6 2.628012 494 1094 489880 1991850
6 2.629013 318 1034 512369 1961887
6 2.630013 404 1009 509286 1983032
6 2.631013 479 992 481169 2006699
6 2.632012 335 980 502508 1971712
6 2.633012 425 1058 507781 1959335
6 2.634011 463 1007 490553 1984409
6 2.635013 367 1036 510450 1986283
6 2.636012 407 1063 513950 1974635
6 2.637013 423 1023 488415 1982483
6 2.638012 359 1018 507770 1975401
6 2.639012 392 1037 513844 1978584
6 2.640011 427 1034 488425 1991431
6 2.641013 366 1051 511288 1962719
6 2.642012 427 1095 512636 1976016
6 2.643012 480 965 493129 1992499
6 2.644012 379 1074 510615 1981321
6 2.645012 429 1072 513403 1964870
6 2.646013 484 1015 482411 2010917
6 2.647012 409 1113 503403 1982222
6 2.648012 419 993 509742 1981602
6 2.649015 604 1018 481570 2003234
6 2.650012 406 1003 510354 1968141
6 2.651012 426 1024 507720 1983609
6 2.652012 427 1042 491903 1990666
6 2.653012 459 1007 483333 1876137
6 2.654012 534 1067 502095 1984965
6 2.655012 510 1060 491049 1992010
6 2.656013 375 1054 514345 1972206
6 2.657013 419 1043 504133 1972904
6 2.658013 435 1063 494250 1987366
6 2.659011 399 1065 514545 1965638
6 2.660012 406 1031 510479 1983313
6 2.661012 472 1088 491962 1973223
6 2.662012 403 1040 516233 1976181
6 2.663011 433 1090 513193 1976915
6 2.664012 452 1061 496524 1985069
6 2.665012 420 993 509084 1963659
6 2.666012 375 1011 506969 1987483
6 2.667011 425 1064 492101 1990623
6 2.668012 381 986 507984 1988383
6 2.669012 478 1014 511211 1968057
6 2.670012 452 1053 490656 1990662
6 2.671012 378 1065 513039 1979594
6 2.672013 423 1010 511224 1982998
6 2.673013 439 1023 487410 1987831
6 2.674012 397 1008 509917 1978466
6 2.675012 413 1083 523311 1959942
6 2.676014 425 1047 494973 1995283
6 2.677013 438 1003 509478 1961968
6 2.678012 461 1029 506774 1984406
6 2.679013 394 1015 490246 1992982
6 2.680012 400 1118 514451 1975060
6 2.681012 379 1084 505074 1968280
6 2.682013 398 1014 489085 1998136
6 2.683012 375 992 513301 1979961
6 2.684012 495 987 489437 1994625
6 2.685012 339 1048 507567 1968689
6 2.686012 390 1027 516002 1970493
6 2.687011 527 1047 488070 1991926
6 2.688013 322 1075 512849 1983459
6 2.689012 412 1026 511119 1961044
6 2.690012 479 920 480483 2010895
6 2.691012 339 936 516749 1973938
6 2.692011 415 1102 513320 1977113
6 2.693013 483 1036 480677 1991493
6 2.694271 500 1297 636803 2518262
6 2.695014 575 702 358299 1476696
6 2.696012 805 930 469088 2011230
6 2.697013 414 1134 506994 1973398
6 2.698012 456 1025 511368 1976614
6 2.699012 492 945 478687 2008399
6 2.700012 372 1059 514165 1972110
6 2.701012 423 1013 503389 1963504
6 2.702013 497 1052 486690 2003289
6 2.703012 355 1085 512863 1972415
6 2.704012 415 1103 513284 1973735
6 2.705013 497 1013 486610 1980898
6 2.706013 391 1079 515609 1971894
6 2.707013 411 1049 505874 1989884
6 2.708013 436 1001 491545 1995174
6 2.709013 418 1052 510890 1962030
6 2.710012 458 1065 513241 1971890
6 2.711013 465 1040 495757 1986897
6 2.712013 411 1065 508587 1945686
6 2.713012 512 929 454699 1783732
6 2.714013 549 1031 486798 1995007
6 2.715012 356 1034 507403 1979213
6 2.716012 412 1053 508654 1980686
6 2.717012 457 1022 490192 1979276
6 2.718012 399 1034 505332 1983358
6 2.719012 400 1065 512115 1973594
6 2.720012 462 1056 483400 1998504
6 2.721012 423 1088 511627 1960999
6 2.722013 390 1023 507073 1990771
6 2.723013 399 1036 486512 2001721
6 2.724012 379 1009 508131 1983767
6 2.725013 398 1042 514790 1965403
6 2.726011 459 1037 481544 1999970
6 2.727011 387 1095 511662 1979163
6 2.728011 440 1088 512692 1975424
6 2.729012 440 1054 488432 1987869
6 2.730012 343 1037 512733 1971637
6 2.731011 427 1058 510564 1983984
6 2.732011 425 1071 489530 1995939
6 2.733014 380 1054 507214 1962383
6 2.734013 458 1048 510863 1976905
6 2.735012 451 1000 493181 1994122
6 2.736012 378 1041 518269 1960834
6 2.737011 381 1042 513255 1963942
6 2.738012 400 1036 494910 1988811
6 2.739012 383 1064 518486 1972445
6 2.740011 409 1021 505700 1984679
6 2.741014 474 1020 482851 2005933
6 2.742012 412 1089 508990 1977748
6 2.743013 420 1011 514284 1974070
6 2.744013 431 1012 489911 1995234
6 2.745012 436 1166 522022 1950870
6 2.746013 416 1017 511541 1975706
6 2.747012 423 1025 492872 1982867
6 2.748012 409 1059 514136 1970811
6 2.749013 428 1025 499776 1992691
6 2.750012 437 1056 485544 1994078
6 2.751013 536 953 501841 2002516
6 2.752012 604 1001 501438 1984500
6 2.753012 448 1050 489520 1982019
6 2.754011 417 1071 513261 1968308
6 2.755012 445 1036 511215 1976539
6 2.756011 445 1041 491874 1987726
6 2.757012 474 991 509383 1968460
6 2.758013 605 1006 486408 2008142
6 2.759012 370 1034 509800 1967492
6 2.760012 438 979 508941 1981595
6 2.761011 538 1000 485476 1975414
6 2.762012 334 1089 521991 1966782
6 2.763012 386 1037 516376 1972273
6 2.764012 441 1056 494576 1991835
6 2.765012 371 1003 513333 1961060
6 2.766013 433 1041 507059 1987592
6 2.767011 466 1019 495252 1984699
6 2.768012 333 981 516980 1968071
6 2.769012 418 1040 510931 1962320
6 2.770013 488 991 489364 1994720
6 2.771012 362 1128 518840 1966624
6 2.772011 425 1083 519724 1965536
6 2.773020 443 1063 494940 1994324
6 2.774011 355 1052 509830 1958686
6 2.775012 414 1023 513383 1975156
6 2.776011 430 983 484709 1998492
6 2.777014 432 1033 512419 1977306
6 2.778014 441 1020 511094 1970586
6 2.779012 476 1052 489048 1991837
6 2.780012 365 1050 511561 1973595
6 2.781013 442 970 513792 1965390
6 2.782011 420 1058 484086 2002590
6 2.783012 399 1004 520363 1964911
6 2.784012 418 993 511763 1975531
6 2.785011 397 1090 497639 1971332
6 2.786012 348 1038 512333 1977110
6 2.787011 423 1036 510478 1977500
6 2.788012 422 1051 499353 1983867
6 2.789019 386 1112 518617 1979190
6 2.790012 390 1054 508351 1962653
6 2.791013 413 1038 495795 1988599
6 2.792012 399 1067 518024 1972213
6 2.793012 431 1065 523970 1952378
6 2.794011 412 1086 503823 1976641
6 2.795011 359 1061 519453 1965627
6 2.796012 389 1044 515938 1979178
6 2.797012 433 1036 493841 1970071
6 2.798012 388 1076 519907 1967095
6 2.799012 501 1047 490329 1999191
6 2.800011 309 1081 520975 1963908
6 2.801012 392 1051 510865 1962752
6 2.802013 540 1066 495190 1986155
6 2.803012 330 1028 518937 1965429
6 2.804011 404 1010 515242 1966182
6 2.805012 481 1039 496272 1974763
6 2.806013 358 1057 519701 1970926
6 2.807012 425 1051 517603 1971966
6 2.808011 466 1061 497609 1983243
6 2.809013 392 1033 515764 1963238
6 2.810013 462 1046 507746 1980442
6 2.811012 489 1031 496593 1986018
6 2.812011 379 1104 519635 1967415
6 2.813012 568 849 448351 1747445
6 2.814014 572 1025 483393 2004775
6 2.815013 370 1058 511834 1977269
6 2.816012 405 1091 513139 1971331
