7 0.001027 10551 20 27988 1977455
7 0.002016 13660 8 36962 2619128
7 0.003013 13868 7 37998 2659198
7 0.004012 13437 4 36548 2545680
7 0.005013 13925 11 38186 2674778
7 0.006012 14034 6 38101 2673481
7 0.007016 13820 10 37575 2678145
7 0.008011 13860 10 37997 2645266
7 0.009012 14118 6 38095 2676164
7 0.010014 14153 4 37971 2675889
7 0.011011 13888 6 38026 2663455
7 0.012011 14027 7 37874 2658977
7 0.013012 13961 7 37654 2673656
7 0.014011 14101 7 38043 2672713
7 0.015012 14007 13 38290 2669821
7 0.016011 13900 8 37580 2620307
7 0.017012 14051 11 38221 2673740
7 0.018011 14189 12 37891 2665945
7 0.019011 13889 5 38163 2674877
7 0.020011 13870 5 37586 2655128
7 0.021012 14052 4 38766 2673042
7 0.022012 14052 7 37774 2670084
7 0.023012 13983 11 37830 2666525
7 0.024010 13651 7 37468 2655620
7 0.025011 14028 10 38176 2671923
7 0.026011 14376 6 38020 2673266
7 0.027011 13922 8 37994 2668681
7 0.028011 14090 8 38158 2654002
7 0.029010 13978 5 38159 2667508
7 0.030011 14051 8 38088 2669841
7 0.031011 14098 9 38219 2672957
7 0.032010 13959 7 37653 2659610
7 0.033013 14129 9 38339 2681979
7 0.034012 13788 6 37475 2674860
7 0.035011 13994 18 38156 2671732
7 0.036011 14072 8 38065 2647574
7 0.037012 14037 6 37964 2670598
7 0.038012 14209 8 38743 2671980
7 0.039011 14022 12 38107 2668497
7 0.040011 13962 8 37791 2659051
7 0.041012 13825 7 37375 2673357
7 0.042012 14231 8 38523 2676148
7 0.043011 13919 10 38255 2667601
7 0.044011 13797 7 37347 2657325
7 0.045012 13960 11 38109 2674449
7 0.046011 14076 8 38390 2671416
7 0.047011 14043 11 38139 2677136
7 0.048011 13820 12 37912 2645657
7 0.049012 14050 9 38025 2678003
7 0.050011 14028 9 38065 2667823
7 0.051011 14001 9 38236 2594554
7 0.052011 14145 7 38031 2558437
7 0.053011 14121 9 38068 2573820
7 0.054011 13914 9 37799 2576769
7 0.055011 14137 8 37955 2574199
7 0.056011 14351 7 38029 2563559
7 0.057011 13684 8 36740 2562580
7 0.058013 14074 11 38605 2576601
7 0.059012 14051 8 37741 2574869
7 0.060012 14058 10 38049 2558936
7 0.061011 14014 12 38131 2576022
7 0.062012 14188 6 38278 2572386
7 0.063011 14329 4 38567 2565768
7 0.064011 13874 10 37992 2564537
7 0.065011 14000 8 37891 2574294
7 0.066011 14023 7 38237 2575372
7 0.067011 14189 11 38316 2574401
7 0.068011 14144 6 38226 2554606
7 0.069011 14016 6 38056 2578009
7 0.070011 14059 6 37834 2577117
7 0.071011 14028 11 37922 2573624
7 0.072011 13980 9 37777 2565027
7 0.073011 14354 14 38694 2573646
7 0.074011 13620 11 37094 2578493
7 0.075011 13867 12 37355 2572897
7 0.076011 14351 7 38348 2557445
7 0.077013 14134 8 38063 2578427
7 0.078012 14056 10 38708 2567637
7 0.079011 14107 9 37899 2572570
7 0.080011 13890 7 37454 2562727
7 0.081012 13057 8 35242 2571456
7 0.082013 13102 15 34738 2573189
7 0.083012 12777 10 34188 2577341
7 0.084012 12726 8 34200 2566922
7 0.085012 12825 11 34361 2574414
7 0.086012 12955 21 34534 2576672
7 0.087012 13118 11 34138 2581115
7 0.088011 12789 18 34435 2555082
7 0.089012 12850 14 34460 2576944
7 0.090012 12997 7 34608 2575381
7 0.091012 12660 12 33787 2573304
7 0.092012 12827 8 34445 2562688
7 0.093012 12821 12 34466 2578092
7 0.094012 12922 11 34623 2578639
7 0.095011 12894 9 34402 2574582
7 0.096011 12788 5 34249 2561286
7 0.097012 12867 13 34201 2580151
7 0.098012 12953 8 34622 2575526
7 0.099012 12846 13 34374 2576290
7 0.100012 12952 9 34321 2565618
7 0.101013 12772 12 34407 2581899
7 0.102012 12829 10 34273 2569963
7 0.103012 12976 6 34394 2577482
7 0.104012 12918 14 34179 2560093
7 0.105011 12978 12 34702 2571704
7 0.106012 12864 9 34219 2576273
7 0.107012 12510 18 33896 2574634
7 0.108011 12860 16 34253 2544843
7 0.109012 13036 8 34856 2578960
7 0.110012 12906 14 34282 2577400
7 0.111012 12812 5 34742 2574995
7 0.112012 12851 8 34687 2563311
7 0.113012 12726 8 34354 2572048
7 0.114013 13006 17 34546 2577431
7 0.115012 12849 9 34032 2575233
7 0.116013 12670 17 33852 2551747
7 0.117012 12989 6 34316 2572991
7 0.118012 12908 11 34358 2573332
7 0.119013 12503 7 32918 2580242
7 0.120013 11805 8 31861 2560694
7 0.121016 11753 14 31427 2582798
7 0.122013 11685 16 31764 2560500
7 0.123014 11746 8 31845 2574821
7 0.124012 11760 9 31485 2551455
7 0.125013 12106 11 32029 2574977
7 0.126012 11948 13 31825 2574570
7 0.127012 11951 18 31630 2574084
7 0.128011 11787 8 31975 2561300
7 0.129013 11930 14 32119 2574303
7 0.130013 11983 8 32009 2572973
7 0.131012 11794 9 31977 2573010
7 0.132013 11804 7 31863 2564228
7 0.133014 11955 8 32036 2567814
7 0.134013 11951 10 32373 2571923
7 0.135012 11997 5 32396 2568739
7 0.136012 11870 20 31887 2557457
7 0.137012 11901 11 32301 2573782
7 0.138013 11900 13 32092 2574993
7 0.139013 11939 7 32042 2573818
7 0.140012 11838 11 31904 2562063
7 0.141012 11655 7 31421 2573098
7 0.142014 11839 13 31826 2578859
7 0.143014 11655 14 31898 2567566
7 0.144013 11843 15 31709 2562537
7 0.145013 11902 9 31969 2577042
7 0.146013 11824 13 31658 2575296
7 0.147012 11916 8 31986 2571674
7 0.148012 11945 14 32065 2557346
7 0.149013 11913 13 31878 2573268
7 0.150014 11955 18 31925 2580904
7 0.151012 11845 8 31689 2571705
7 0.152013 11998 6 31865 2561697
7 0.153013 11911 6 32405 2572047
7 0.154013 11075 10 29701 2382926
7 0.155013 11843 10 31877 2571071
7 0.156013 11917 6 32073 2562332
7 0.157014 11657 7 31263 2577220
7 0.158013 11730 9 31704 2573047
7 0.159013 11875 10 31820 2572219
7 0.160011 11748 8 32075 2554501
7 0.161013 12024 9 32293 2580652
7 0.162013 11909 16 32138 2571678
7 0.163013 12121 11 32295 2578723
7 0.164012 11931 11 31741 2555529
7 0.165013 11937 10 32116 2576045
7 0.166013 11943 13 32134 2575223
7 0.167013 11951 12 32205 2577618
7 0.168012 11849 9 31757 2534815
7 0.169014 11876 11 32179 2581001
7 0.170013 11731 15 31868 2574890
7 0.171013 11900 5 32144 2571123
7 0.172013 11807 7 31998 2556463
7 0.173013 12000 15 32000 2574305
7 0.174128 12833 10 34838 2885843
7 0.175014 10471 11 28390 2267395
7 0.176013 11977 8 31845 2555470
7 0.177012 11773 14 31824 2566361
7 0.178013 11920 13 32112 2573875
7 0.179013 11804 14 31881 2571268
7 0.180012 11972 14 32201 2560768
7 0.181014 11864 11 32193 2580593
7 0.182013 11869 6 31624 2570631
7 0.183012 12004 7 32472 2574706
7 0.184013 12059 12 32231 2563298
7 0.185013 11837 10 31811 2573594
7 0.186013 11934 11 32210 2571842
7 0.187013 11950 12 31636 2572174
7 0.188012 11791 8 32017 2552496
7 0.189012 11799 13 32718 2571667
7 0.190013 11918 10 31887 2581080
7 0.191013 11665 14 31093 2578860
7 0.192012 11899 10 32191 2558053
7 0.193013 11916 11 32130 2580938
7 0.194012 11979 6 32136 2572906
7 0.195013 11958 7 32079 2570541
7 0.196012 11822 11 32208 2553228
7 0.197013 11779 17 31731 2574414
7 0.198013 11984 17 31615 2574474
7 0.199013 11823 12 32061 2572770
7 0.200013 11926 11 31713 2556791
7 0.201013 11719 12 32031 2574860
7 0.202012 11927 7 32172 2568162
7 0.203012 11979 13 31955 2575584
7 0.204012 11912 11 32224 2557326
7 0.205012 12104 13 32208 2576677
7 0.206013 11914 7 31966 2576698
7 0.207013 11633 10 31046 2571656
7 0.208013 11940 10 31955 2561218
7 0.209014 11876 8 32136 2573841
7 0.210013 11861 9 32315 2566886
7 0.211013 11798 16 31687 2576889
7 0.212012 11946 12 32129 2553482
7 0.213013 12002 13 32062 2573723
7 0.214013 11994 13 31874 2574700
7 0.215013 11917 7 31621 2574330
7 0.216013 11931 15 31942 2559196
7 0.217013 12015 11 32178 2571986
7 0.218013 12064 9 32400 2574680
7 0.219013 11937 8 32104 2579300
7 0.220012 11796 12 31736 2557489
7 0.221013 11959 10 31743 2570315
7 0.222013 11907 9 32187 2576631
7 0.223013 11710 15 31960 2573629
7 0.224013 11586 13 31352 2559518
7 0.225013 11930 11 32365 2577380
7 0.226013 11901 15 31859 2575505
7 0.227013 12070 7 31991 2568735
7 0.228012 11781 11 31771 2548981
7 0.229013 11796 8 31685 2576790
7 0.230013 11767 11 31918 2572117
7 0.231013 11813 12 32383 2572621
7 0.232012 11779 13 31803 2556759
7 0.233013 11853 13 31861 2574881
7 0.234012 11924 11 32146 2577675
7 0.235013 11829 14 31635 2572285
7 0.236012 11785 7 31823 2563829
7 0.237014 11884 9 32463 2580841
7 0.238012 11956 9 32055 2564180
7 0.239015 11583 6 31842 2582906
7 0.240012 11589 7 31403 2532286
7 0.241013 11614 8 31630 2578333
7 0.242012 11935 6 31759 2573550
7 0.243013 11968 7 32346 2579213
7 0.244137 12914 14 34758 2791174
7 0.245013 10564 5 28139 2256765
7 0.246014 12077 15 32082 2572393
7 0.247013 11910 10 31947 2568961
7 0.248012 11886 11 31881 2559474
7 0.249013 11804 8 31936 2582052
7 0.250013 6023 13 16132 1296307
7 0.251014 12091 11 32527 2575267
7 0.252823 20545 11 55560 4444688
7 0.253013 2030 5 5288 413231
7 0.254014 11879 9 32318 2578803
7 0.255014 12022 9 32068 2573187
7 0.256013 11887 6 31939 2552448
7 0.257013 11818 8 31912 2573412
7 0.258013 11769 11 32322 2572215
7 0.259013 11920 11 32111 2571913
7 0.260012 12002 10 32194 2549293
7 0.261013 11963 9 32254 2575756
7 0.262013 11976 6 32368 2574160
7 0.263013 11900 12 32032 2576915
7 0.264012 11773 13 31892 2555674
7 0.265012 11893 12 32490 2566964
7 0.266013 12041 9 32257 2581596
7 0.267013 11820 17 31953 2577937
7 0.268013 11990 13 31747 2559301
7 0.269014 11515 14 31369 2579828
7 0.270013 11613 14 31105 2576815
7 0.271014 11487 12 31160 2576371
7 0.272012 11465 10 31043 2552497
7 0.273014 11670 13 31472 2581111
7 0.274013 11336 5 30571 2569073
7 0.275014 11552 8 31124 2578166
7 0.276012 11468 8 31172 2552219
7 0.277013 11458 10 31567 2576947
7 0.278013 11700 8 31574 2576061
7 0.279012 11579 5 31351 2576118
7 0.280012 11605 12 31471 2559751
7 0.281013 11683 12 31574 2582120
7 0.282012 11467 8 31320 2571381
7 0.283013 11571 13 31150 2573521
7 0.284012 11463 9 31176 2565076
7 0.285013 11612 6 31157 2578229
7 0.286013 11591 10 30917 2579685
7 0.287012 11456 9 31409 2571102
7 0.288013 11401 9 31099 2555295
7 0.289013 11436 14 30753 2567465
7 0.290014 11661 10 31414 2579192
7 0.291013 11311 10 30715 2578826
7 0.292013 11538 10 31859 2560290
7 0.293013 11581 10 31009 2573831
7 0.294012 11626 10 31281 2574040
7 0.295012 11546 5 31497 2573042
7 0.296012 11631 10 31381 2557114
7 0.297013 11663 7 31457 2578440
7 0.298012 11546 10 31271 2573847
7 0.299013 11534 18 31342 2578637
7 0.300012 11563 21 31165 2553908
7 0.301013 11664 10 31328 2579425
7 0.302014 11608 19 31480 2583885
7 0.303013 11569 10 31777 2571685
7 0.304012 11792 9 32075 2558176
7 0.305013 11646 11 31328 2576600
7 0.306013 11629 6 31080 2574519
7 0.307013 11333 10 30929 2579279
7 0.308012 11534 9 31406 2554624
7 0.309014 11624 10 31373 2585978
7 0.310013 11650 6 31356 2563608
7 0.311013 11471 14 31503 2579950
7 0.312012 11628 10 31408 2554860
7 0.313013 11628 9 31468 2583134
7 0.314013 11560 10 31563 2574524
7 0.315012 11397 10 30987 2577247
7 0.316012 11529 7 31019 2564397
7 0.317013 11629 13 31867 2571287
7 0.318013 11820 7 31687 2580522
7 0.319013 11635 7 31617 2575245
7 0.320012 11595 18 31524 2558917
7 0.321013 11443 9 31275 2575460
7 0.322013 11443 7 30920 2576884
7 0.323012 11592 13 30857 2571840
7 0.324013 11306 9 30934 2555247
7 0.325013 11688 5 31773 2578933
7 0.326013 11684 13 31902 2574564
7 0.327013 11599 11 31472 2575576
7 0.328012 11537 13 31364 2560329
7 0.329012 11589 5 31010 2571774
7 0.330014 11407 12 30973 2579342
7 0.331012 11599 10 31211 2570401
7 0.332012 11695 8 31054 2561858
7 0.333012 11521 10 31154 2572929
7 0.334013 11426 11 31157 2579113
7 0.335012 11480 7 30906 2574388
7 0.336012 11668 6 31355 2559684
7 0.337013 11636 4 31532 2580997
7 0.338013 11635 14 31305 2578773
7 0.339013 11421 18 31092 2580939
7 0.340012 11162 4 30067 2469269
7 0.341013 11166 11 30512 2583923
7 0.342013 11538 7 30802 2574780
7 0.343012 11444 14 31631 2570523
7 0.344012 11585 10 31074 2561175
7 0.345012 11593 11 31258 2581062
7 0.346013 11519 6 31035 2580464
7 0.347012 11474 10 31051 2569728
7 0.348012 11716 18 31767 2545777
7 0.349013 11615 12 31746 2576503
7 0.350012 11568 7 31291 2575443
7 0.351013 11543 9 31552 2582178
7 0.352012 11518 6 31168 2564159
7 0.353013 11668 14 31711 2576791
7 0.354012 11578 8 31293 2572623
7 0.355013 11554 7 31319 2577613
7 0.356013 11611 7 31226 2561839
7 0.357012 11117 10 30294 2548352
7 0.358015 11616 6 31134 2585872
7 0.359013 11593 9 31978 2566993
7 0.360013 11159 14 30456 2494436
7 0.361013 11408 15 31474 2575942
7 0.362012 11673 4 31525 2578041
7 0.363012 11556 12 31225 2572316
7 0.364012 11720 11 31335 2547748
7 0.365014 11490 10 30933 2577815
7 0.366013 11569 5 31038 2572809
7 0.367013 11467 14 31240 2584718
7 0.368012 11338 12 31503 2560964
7 0.369013 11549 16 31512 2577823
7 0.370013 11480 12 31608 2577147
7 0.371012 11518 7 31643 2580721
7 0.372020 11682 11 31569 2583459
7 0.373013 11417 17 31297 2559890
7 0.374013 11372 12 30466 2575351
7 0.375013 11418 5 31362 2580574
7 0.376012 11458 17 31203 2555884
7 0.377013 11671 10 31731 2582125
7 0.378013 11451 8 31130 2573999
7 0.379013 11622 6 31240 2574356
7 0.380013 11499 8 31267 2563138
7 0.381012 11571 17 31257 2581153
7 0.382013 11565 12 31513 2578238
7 0.383012 11386 7 31234 2567135
7 0.384013 11662 10 31580 2568880
7 0.385012 11607 8 31555 2573898
7 0.386013 11678 6 31340 2579642
7 0.387013 11618 9 31702 2574964
7 0.388013 11754 6 31656 2561294
7 0.389013 11539 12 31629 2569254
7 0.390012 11584 11 31024 2579701
7 0.391014 11508 5 31438 2575021
7 0.392012 11962 9 31901 2559593
7 0.393013 11619 10 31798 2576166
7 0.394014 11554 11 31952 2575023
7 0.395012 11644 8 31342 2574379
7 0.396012 11583 18 31524 2559203
7 0.397012 11508 14 31213 2579881
7 0.398013 11536 8 31508 2583203
7 0.399012 11472 14 30945 2574032
7 0.400012 11195 14 30576 2560659
7 0.401013 11428 13 31346 2578444
7 0.402013 11648 10 31434 2575901
7 0.403012 11629 14 31217 2574751
7 0.404012 11524 7 31499 2561335
7 0.405013 11701 10 31410 2573485
7 0.406013 11651 8 31693 2579834
7 0.407012 11425 6 31089 2570506
7 0.408012 11387 7 30863 2545188
7 0.409012 11577 4 31752 2580977
7 0.410013 11390 14 31339 2578583
7 0.411012 11573 10 31332 2577022
7 0.412013 11582 7 31090 2569625
7 0.413013 11490 10 31363 2569449
7 0.414013 11629 7 31361 2579817
7 0.415012 11551 11 31162 2573968
7 0.416012 11591 12 31608 2562076
7 0.417013 11704 7 32174 2578467
7 0.418013 11600 7 31508 2571684
7 0.419013 11412 9 30976 2573155
7 0.420012 11486 9 30960 2559197
7 0.421013 11520 16 31220 2582990
7 0.422012 11373 10 31305 2571339
7 0.423012 11520 7 31587 2570724
7 0.424013 11286 8 30631 2561295
7 0.425012 11893 9 32674 2572860
7 0.426012 12230 6 33416 2575257
7 0.427013 11926 9 33002 2580079
7 0.428012 12056 10 33171 2559646
7 0.429013 12194 4 33458 2574960
7 0.430013 12271 5 33151 2576623
7 0.431012 12180 10 33224 2569965
7 0.432012 12051 5 33346 2562805
7 0.433013 12249 11 33534 2579137
7 0.434012 12269 11 32912 2571660
7 0.435012 12213 6 33170 2574994
7 0.436013 12076 7 33229 2566596
7 0.437013 11939 4 33319 2562232
7 0.438012 12037 5 33089 2568702
7 0.439012 12059 6 33606 2573946
7 0.440011 12078 3 33013 2558995
7 0.441013 11899 6 32317 2584093
7 0.442012 11986 5 33226 2571817
7 0.443012 12069 12 33311 2573285
7 0.444011 12156 5 33250 2565016
7 0.445012 12256 4 33362 2573731
7 0.446012 12276 7 33512 2572901
7 0.447013 12128 7 32816 2579814
7 0.448012 12178 11 33297 2561232
7 0.449012 12270 9 33225 2571134
7 0.450012 12208 4 33323 2573012
7 0.451012 12008 5 33213 2573461
7 0.452011 12201 11 33070 2559645
7 0.453013 12159 5 33047 2581305
7 0.454012 12042 8 32890 2575553
7 0.455011 12175 10 33277 2571524
7 0.456011 12285 11 33504 2562227
7 0.457013 11859 4 32639 2579152
7 0.458013 12181 7 33397 2575712
7 0.459013 12017 14 33133 2572463
7 0.460012 12157 8 33270 2562724
7 0.461013 12137 7 33259 2577271
7 0.462012 11931 11 33125 2575343
7 0.463013 12189 12 33499 2574375
7 0.464013 12105 12 33271 2562738
7 0.465012 12260 7 33518 2570901
7 0.466012 12384 14 33690 2569763
7 0.467012 12230 9 33596 2575769
7 0.468011 12271 10 33573 2547802
7 0.469012 12181 9 33365 2578173
7 0.470013 12395 10 33980 2582303
7 0.471012 12226 9 33902 2572618
7 0.472011 12269 8 33846 2561718
7 0.473013 12100 7 33708 2579953
7 0.474013 12085 9 33066 2575280
7 0.475013 12151 12 33584 2580105
7 0.476012 12081 10 33103 2556185
7 0.477012 12280 6 33667 2568941
7 0.478012 12352 12 33643 2575304
7 0.479012 12224 7 33767 2569407
7 0.480011 12344 5 34005 2556189
7 0.481012 6036 8 16702 1277440
7 0.482431 6676 3 17830 1407727
7 0.483016 0 0 0 0
7 0.485580 25610 3 70739 5468262
7 0.486018 4163 1 11704 883188
7 0.487015 12184 6 33612 2558789
7 0.488015 12050 10 32672 2499945
7 0.489013 12349 8 34181 2572013
7 0.490014 12093 3 33745 2574438
7 0.491016 10143 8 28245 2142145
7 0.492013 6583 10 17728 1419562
7 0.493013 2821 2 7632 583437
7 0.494015 10929 1 30023 2414468
7 0.495013 12049 7 33320 2568333
7 0.496012 11575 7 31753 2462125
7 0.497013 12240 6 33594 2574210
7 0.498013 11958 11 32850 2578380
7 0.499012 12086 10 33039 2573076
7 0.500012 12040 12 33030 2559619
7 0.501011 11851 7 32768 2525768
7 0.502013 12079 5 32952 2575587
7 0.503012 11933 8 33029 2565192
7 0.504012 12030 12 32867 2555248
7 0.505012 12018 10 33297 2571411
7 0.506012 12027 10 33116 2571715
7 0.507012 11707 4 31966 2535383
7 0.508012 11078 10 30009 2312505
7 0.509012 11705 7 32294 2577570
7 0.510012 12030 12 33078 2570658
7 0.511013 12129 5 33161 2581037
7 0.512012 11859 12 32870 2556714
7 0.513012 11954 6 33089 2573747
7 0.514011 12011 12 32913 2574858
7 0.515012 11732 7 32281 2575208
7 0.516012 12164 5 33240 2561748
7 0.517012 12001 6 33156 2576534
7 0.518012 11817 10 32598 2576672
7 0.519011 11997 6 32968 2576313
7 0.520012 11952 7 32921 2562158
7 0.521012 12069 10 33386 2575961
7 0.522012 11802 8 32454 2530405
7 0.523011 12006 5 33060 2577745
7 0.524012 11773 9 32175 2514938
7 0.525012 12360 8 33690 2575127
7 0.526012 12280 4 33776 2577658
7 0.527012 12435 7 34200 2573085
7 0.528012 12087 12 32968 2537423
7 0.529012 12306 10 33830 2576205
7 0.530013 12272 5 33539 2579329
7 0.531012 12415 10 33810 2571687
7 0.532012 12270 9 33540 2559251
7 0.533012 12312 9 33840 2570889
7 0.534013 12187 13 33598 2584906
7 0.535013 12338 13 33972 2579648
7 0.536012 12237 5 33779 2559507
7 0.537012 12300 10 33879 2571942
7 0.538011 12300 8 33576 2574691
7 0.539012 12337 11 33631 2574068
7 0.540012 12178 13 33586 2556607
7 0.541012 12157 11 32811 2572913
7 0.542012 12202 5 33534 2576437
7 0.543012 12296 12 33458 2567839
7 0.544012 11938 8 33038 2495007
7 0.545012 12361 4 33898 2577275
7 0.546012 12347 5 33755 2567945
7 0.547011 12322 6 33445 2572301
7 0.548010 12205 6 33588 2561965
7 0.549012 12408 10 34199 2577909
7 0.550011 12277 4 33895 2567821
7 0.551012 12401 9 33787 2571539
7 0.552012 12156 8 33630 2565292
7 0.553012 12473 11 34094 2571663
7 0.554011 12333 12 33704 2573270
7 0.555012 12325 7 33437 2580268
7 0.556012 12793 9 34032 2563076
7 0.557013 12411 11 34034 2577586
7 0.558012 12556 9 34329 2577376
7 0.559012 12590 11 33951 2579384
7 0.560011 12619 5 34009 2553939
7 0.561011 12567 12 34460 2574329
7 0.562013 12715 8 34537 2582756
7 0.563011 12434 9 34240 2571450
7 0.564013 12628 7 34799 2565727
7 0.565012 12435 10 34384 2567763
7 0.566012 12591 6 34411 2571799
7 0.567012 12870 12 34939 2573694
7 0.568011 12996 10 35478 2560421
7 0.569012 12887 3 35170 2575058
7 0.570012 13120 9 35518 2577272
7 0.571012 12896 12 35123 2575698
7 0.572011 12900 11 35024 2558893
7 0.573012 13019 13 35442 2569957
7 0.574012 12824 8 35029 2579268
7 0.575012 12998 10 34904 2576083
7 0.576012 12807 13 35146 2561063
7 0.577013 12940 8 35183 2572021
7 0.578012 12917 10 35291 2572241
7 0.579012 13073 12 35223 2576579
7 0.580011 13004 13 34969 2559086
7 0.581012 13020 11 35410 2576172
7 0.582012 12881 5 35053 2576007
7 0.583012 12890 4 35087 2573923
7 0.584012 13117 11 35783 2563555
7 0.585012 12935 9 35048 2574342
7 0.586012 12979 5 35528 2579695
7 0.587013 13045 11 35355 2581206
7 0.588012 12872 18 35104 2549864
7 0.589013 13054 12 35232 2578483
7 0.590012 12945 13 35231 2579725
7 0.591012 12727 9 34700 2573354
7 0.592013 12887 13 35379 2567306
7 0.593012 13001 13 35368 2572111
7 0.594012 13030 16 35551 2573431
7 0.595011 13000 10 35330 2566937
7 0.596011 12438 14 34254 2477321
7 0.597013 13070 12 35138 2582396
7 0.598012 13851 8 37107 2565152
7 0.599011 13721 9 37275 2570554
7 0.600011 13792 13 37713 2561680
7 0.601012 13658 9 36760 2583359
7 0.602011 13719 10 37542 2569473
7 0.603011 14010 12 37392 2576780
7 0.604011 13770 12 37916 2558908
7 0.605011 13773 13 36914 2570888
7 0.606012 13893 12 37644 2578297
7 0.607011 13445 10 36846 2575710
7 0.608012 13719 14 37176 2563432
7 0.609011 13861 10 37851 2573503
7 0.610012 13848 13 37496 2581593
7 0.611012 13826 7 37686 2568260
7 0.612010 13638 13 37387 2540870
7 0.613012 13862 6 37699 2582540
7 0.614012 13858 12 37577 2576031
7 0.615011 13952 6 37824 2574591
7 0.616011 13836 8 37397 2562849
7 0.617013 13731 10 37776 2581067
7 0.618012 13819 9 37147 2569136
7 0.619013 13907 5 37732 2579440
7 0.620011 14122 8 38437 2557086
7 0.621011 13705 7 36961 2575444
7 0.622012 13824 13 37352 2581310
7 0.623012 13662 12 37540 2569826
7 0.624011 13418 8 36270 2559398
7 0.625011 13693 9 37145 2574915
7 0.626012 13914 7 37823 2575034
7 0.627011 13809 11 37432 2575057
7 0.628011 13873 12 37429 2560536
7 0.629011 13871 6 37254 2577858
7 0.630012 13897 12 37555 2574824
7 0.631012 13859 7 37577 2572730
7 0.632011 13887 13 37446 2560732
7 0.633012 13924 12 37780 2576350
7 0.634012 13947 10 37694 2576280
7 0.635012 14005 21 37747 2574929
7 0.636011 13872 8 38092 2559944
7 0.637012 13791 12 37607 2578682
7 0.638012 13858 10 37716 2570331
7 0.639011 13746 16 37082 2575169
7 0.640011 13704 7 37150 2559731
7 0.641011 13577 3 36570 2549757
7 0.642013 13851 11 37431 2578594
7 0.643011 13748 6 37025 2574431
7 0.644011 13891 12 37311 2557161
7 0.645012 13859 9 37471 2577426
7 0.646012 13750 15 37348 2572976
7 0.647012 13933 11 38010 2576961
7 0.648011 13791 5 37169 2545704
7 0.649013 13890 10 37815 2582587
7 0.650011 13900 5 37118 2570545
7 0.651011 13687 12 37061 2574364
7 0.652011 13905 10 37730 2559739
7 0.653012 13884 16 37595 2575775
7 0.654011 13926 8 37563 2577495
7 0.655011 13737 5 37660 2576167
7 0.656011 13946 6 37661 2561411
7 0.657011 13544 7 36617 2578793
7 0.658012 13905 18 37409 2583986
7 0.659012 13534 11 37049 2574216
7 0.660011 13864 12 37316 2561881
7 0.661011 13805 7 37291 2576124
7 0.662012 13747 5 37230 2576469
7 0.663012 13741 11 37654 2575387
7 0.664011 14009 13 37339 2555102
7 0.665011 13767 9 37265 2570516
7 0.666012 13806 9 37238 2579510
7 0.667012 13720 10 37537 2575723
7 0.668011 13938 15 37806 2560383
7 0.669012 13991 10 37962 2575557
7 0.670011 13896 11 37256 2572091
7 0.671011 13816 12 37280 2574501
7 0.672011 13715 12 37375 2562979
7 0.673012 13778 15 37254 2579997
7 0.674011 13504 16 36687 2576394
7 0.675085 14730 13 39619 2767453
7 0.676011 12821 14 34514 2363720
7 0.677012 13978 5 37579 2572836
7 0.678012 13934 8 37305 2576892
7 0.679011 13960 12 37733 2573419
7 0.680011 13998 13 37901 2561270
7 0.681012 13808 10 37305 2575183
7 0.682012 13872 9 37912 2574604
7 0.683011 13916 16 37682 2572224
7 0.684011 13888 12 37556 2564334
7 0.685012 13775 9 37181 2573567
7 0.686012 14002 7 37408 2578703
7 0.687012 13704 9 36857 2573337
7 0.688012 13342 10 36159 2489759
7 0.689011 13950 13 37434 2570716
7 0.690015 13777 8 37756 2587998
7 0.691011 13626 6 37078 2541475
7 0.692011 13911 7 37698 2566132
7 0.693011 13816 13 37911 2571725
7 0.694012 13772 4 37290 2576746
7 0.695011 14010 12 37668 2573317
7 0.696011 13683 9 37488 2556022
7 0.697012 13996 7 37758 2575546
7 0.698013 13719 7 37429 2578843
7 0.699011 13707 16 37298 2567342
7 0.700010 13643 12 37360 2567782
7 0.701012 13875 10 37889 2579777
7 0.702011 13864 9 37566 2575196
7 0.703012 13773 12 37446 2570594
7 0.704011 13809 13 37830 2563363
7 0.705012 12885 11 34798 2584974
7 0.706011 12858 14 34275 2572853
7 0.707012 12501 7 33294 2577887
7 0.708012 12642 19 33659 2552892
7 0.709011 12461 7 33982 2584977
7 0.710012 12684 12 34171 2573473
7 0.711012 12706 12 33831 2573364
7 0.712013 12718 16 34396 2569043
7 0.713012 12739 12 34034 2577068
7 0.714011 12778 11 33916 2572764
7 0.715013 12723 10 33495 2578122
7 0.716011 12613 11 33925 2558404
7 0.717012 12546 11 34237 2578619
7 0.718011 12802 16 33587 2577748
7 0.719012 12908 7 34299 2579005
7 0.720012 12668 13 34003 2561588
7 0.721012 12583 13 33913 2577863
7 0.722012 12751 11 34144 2579334
7 0.723012 12853 9 33877 2573910
7 0.724011 12504 12 33240 2565392
7 0.725013 12782 13 33974 2580694
7 0.726012 12777 11 33748 2576145
7 0.727012 12658 20 33947 2576259
7 0.728011 12632 10 33686 2559914
7 0.729012 12715 11 33881 2577268
7 0.730013 12683 11 33357 2580701
7 0.731013 12798 16 33799 2567952
7 0.732012 12622 13 33622 2560242
7 0.733012 12712 15 33911 2577606
7 0.734012 12720 16 33981 2578261
7 0.735013 12715 21 33597 2575444
7 0.736011 12491 13 33556 2543067
7 0.737012 12739 17 34102 2573886
7 0.738012 11630 8 31534 2584851
7 0.739013 11793 11 32185 2569487
7 0.740015 11499 8 31138 2568738
7 0.741013 11732 15 31979 2571354
7 0.742012 11764 12 31305 2569067
7 0.743014 11767 8 31729 2578336
7 0.744013 11728 12 31789 2558846
7 0.745013 11727 7 31630 2574178
7 0.746013 11853 8 31332 2571691
7 0.747013 11818 10 31858 2573547
7 0.748013 11667 11 31565 2564107
7 0.749014 11778 11 31245 2580129
7 0.750013 11658 8 31209 2569585
7 0.751013 11796 10 31624 2573937
7 0.752012 11747 8 31602 2558125
7 0.753014 11759 14 31561 2579826
7 0.754014 11695 13 31301 2572572
7 0.755012 11745 7 31643 2568427
7 0.756013 11752 9 31427 2563323
7 0.757014 11601 7 31159 2578388
7 0.758013 11823 12 31655 2568375
7 0.759013 11725 16 31727 2573959
7 0.760013 11813 15 31466 2563531
7 0.761013 11785 15 31619 2571945
7 0.762013 11733 11 31422 2570966
7 0.763013 11792 11 31438 2576625
7 0.764014 11762 10 31540 2559714
7 0.765014 11792 16 31688 2572117
7 0.766012 11704 10 31405 2577576
7 0.767014 11763 7 31484 2578028
7 0.768013 11684 14 31317 2553807
7 0.769013 11699 14 31482 2577157
7 0.770013 11767 11 31740 2568971
7 0.771013 11473 15 31429 2575379
7 0.772012 11588 16 31696 2560647
7 0.773013 11937 12 31505 2579481
7 0.774013 11474 9 30987 2570246
7 0.775013 11821 19 31406 2578675
7 0.776013 11595 19 31301 2553400
7 0.777013 11823 10 31637 2575401
7 0.778014 11712 9 31182 2580064
7 0.779013 11660 9 31509 2572021
7 0.780013 11602 14 31209 2556601
7 0.781014 11691 15 31498 2579470
7 0.782013 11606 18 31282 2570296
7 0.783013 11743 16 32042 2570989
7 0.784013 11681 9 31763 2551871
7 0.785013 11833 11 31872 2570362
7 0.786013 11579 8 31147 2576281
7 0.787013 11696 10 31476 2567213
7 0.788014 11455 7 31046 2571126
7 0.789013 11691 17 31386 2570955
7 0.790013 11507 11 31284 2581581
7 0.791014 11530 6 31681 2569959
7 0.792013 11693 11 31498 2566031
7 0.793013 11689 9 31645 2569902
7 0.794014 11866 9 31826 2570795
7 0.795013 11668 8 31520 2576534
7 0.796012 11573 14 31239 2557872
7 0.797014 11792 8 31607 2581374
7 0.798013 11695 13 31461 2569952
7 0.799013 11792 11 31742 2573969
7 0.800012 11730 6 31409 2560477
7 0.801013 11624 11 31467 2575002
7 0.802012 11740 9 31686 2575762
7 0.803013 11822 10 31834 2581586
7 0.804012 11603 8 31490 2560942
7 0.805013 11597 11 31269 2573775
7 0.806013 11728 12 31499 2572891
7 0.807013 11444 22 31238 2574368
7 0.808013 11582 10 31131 2559830
7 0.809013 11733 9 31632 2583092
7 0.810014 11714 8 31558 2573074
7 0.811013 11794 7 32014 2570549
7 0.812012 11917 16 31974 2558021
7 0.813013 11684 9 31249 2573640
7 0.814013 11730 9 31963 2579316
7 0.815013 11802 6 31817 2574522
7 0.816012 11947 9 31899 2551544
7 0.817013 11593 7 31847 2573466
7 0.818013 11841 13 30654 2566724
7 0.819012 11643 10 30863 2575333
7 0.820012 11623 8 30845 2559655
7 0.821013 11604 11 30944 2573334
7 0.822013 11761 12 31168 2576774
7 0.823014 11677 10 31378 2575368
7 0.824012 11408 12 30189 2563703
7 0.825013 11869 14 30995 2577506
7 0.826013 11797 6 31001 2569100
7 0.827013 11832 5 31147 2577322
7 0.828012 11666 11 30773 2551039
7 0.829013 11598 7 30893 2582996
7 0.830013 11663 11 31248 2578161
7 0.831013 11582 12 31336 2570537
7 0.832012 11607 11 30915 2558485
7 0.833014 11584 5 31197 2585113
7 0.834013 11615 11 30518 2566583
7 0.835013 11568 12 30565 2578831
7 0.836012 11544 6 30663 2563968
7 0.837013 11549 9 30625 2574389
7 0.838012 11634 6 30885 2570726
7 0.839012 11738 10 31275 2579016
7 0.840012 11512 12 30752 2560561
7 0.841012 11604 9 30922 2579823
7 0.842013 11514 10 30621 2581511
7 0.843013 11628 19 31137 2573378
7 0.844012 11724 10 30834 2558733
7 0.845012 11758 7 31197 2578298
7 0.846013 11794 17 31216 2572692
7 0.847013 11728 15 31118 2575179
7 0.848011 11608 9 30666 2558257
7 0.849012 11533 13 30811 2576974
7 0.850013 11757 11 31106 2573787
7 0.851014 11704 8 31340 2579619
7 0.852013 11613 19 30999 2558215
7 0.853013 11723 9 31199 2577631
7 0.854013 11435 13 30456 2573068
7 0.855013 11556 5 30653 2575262
7 0.856012 11528 7 30939 2563694
7 0.857013 11427 10 30362 2581107
7 0.858013 11453 6 30852 2573404
7 0.859013 11653 12 31122 2579795
7 0.860012 11440 17 30838 2544409
7 0.861013 11697 6 30509 2579357
7 0.862013 11654 13 31076 2582878
7 0.863013 11648 9 31111 2574690
7 0.864013 11572 11 30805 2563399
7 0.865013 11661 12 30810 2572292
7 0.866012 11576 9 30843 2573759
7 0.867013 11551 8 30990 2580114
7 0.868013 11551 10 30590 2563669
7 0.869014 11758 8 31296 2578708
7 0.870012 11741 12 31129 2570529
7 0.871013 11638 17 31135 2580140
7 0.872012 11697 9 31191 2563640
7 0.873013 11725 8 31261 2573896
7 0.874013 11317 14 30143 2575875
7 0.875013 11801 9 30932 2575389
7 0.876013 11669 12 30986 2566205
7 0.877012 11707 6 31310 2567308
7 0.878012 11730 10 31339 2572955
7 0.879013 11652 11 31299 2580084
7 0.880013 11588 12 30900 2562613
7 0.881013 11709 14 31452 2578289
7 0.882012 11699 8 30955 2572666
7 0.883013 11760 10 31320 2581206
7 0.884012 11623 11 30979 2556884
7 0.885013 11558 6 30822 2577898
7 0.886013 11468 7 31016 2575765
7 0.887013 11743 13 31227 2578634
7 0.888012 11589 13 31083 2551792
7 0.889013 11792 10 31296 2574695
7 0.890013 11340 9 30352 2579843
7 0.891013 11728 17 31135 2577034
7 0.892012 11673 14 31096 2561263
7 0.893012 11755 11 31279 2571373
7 0.894013 11718 11 31031 2577682
7 0.895013 11671 11 31420 2571856
7 0.896012 11550 9 31092 2562745
7 0.897013 11795 8 31398 2577914
7 0.898013 11746 8 30854 2577077
7 0.899014 11534 13 31018 2576239
7 0.900013 11845 8 31014 2559229
7 0.901012 11615 8 31162 2571385
7 0.902013 11714 8 31454 2573883
7 0.903012 11757 15 30979 2574216
7 0.904012 11709 11 31221 2560838
7 0.905013 11625 7 30954 2577038
7 0.906012 11824 8 31437 2574515
7 0.907013 11510 9 30564 2577506
7 0.908012 11600 13 31314 2563603
7 0.909012 11768 14 31387 2578094
7 0.910013 11845 11 31425 2574143
7 0.911013 11613 17 31580 2578974
7 0.912012 11749 15 31630 2563508
7 0.913013 11884 7 31388 2576626
7 0.914013 11828 16 31418 2575705
7 0.915012 11696 10 31110 2574262
7 0.916013 11649 17 30929 2565438
7 0.917013 11718 8 31250 2581083
7 0.918013 11779 15 31631 2575633
7 0.919012 11759 18 31351 2575031
7 0.920012 11783 14 31437 2565601
7 0.921194 13777 11 36424 3060792
7 0.922014 9484 11 25268 2094049
7 0.923013 11729 6 31243 2573431
7 0.924012 11608 12 30628 2558444
7 0.925012 11746 7 31126 2575141
7 0.926012 11678 9 31322 2578600
7 0.927013 11830 7 31236 2576425
7 0.928013 11717 20 31318 2563023
7 0.929013 11794 8 31278 2576836
7 0.930012 11734 5 31289 2575299
7 0.931013 11734 9 31129 2578383
7 0.932012 11764 14 31334 2561356
7 0.933013 11699 6 31013 2580404
7 0.934013 11843 8 31268 2576837
7 0.935011 11697 10 31408 2573907
7 0.936012 11856 8 31175 2563891
7 0.937013 11773 9 31436 2574856
7 0.938013 11703 13 31492 2577303
7 0.939012 11658 12 31317 2571065
7 0.940012 11430 9 30563 2562546
7 0.941013 11738 7 31132 2578937
7 0.942012 11622 13 30901 2581660
7 0.943013 11788 13 31275 2580112
7 0.944012 11243 11 29945 2457203
7 0.945013 11734 9 31401 2576493
7 0.946013 11494 13 30945 2577668
7 0.947012 11428 16 30725 2577378
7 0.948012 11447 8 30545 2554428
7 0.949013 11732 13 31026 2578562
7 0.950014 11775 14 31192 2574733
7 0.951012 11693 7 31060 2574017
7 0.952014 11775 13 31073 2566595
7 0.953013 11724 6 31472 2575648
7 0.954014 11937 7 31235 2576037
7 0.955013 11803 12 31436 2573712
7 0.956012 11691 10 31175 2564155
7 0.957013 11561 10 30659 2576353
7 0.958012 11714 5 31137 2576066
7 0.959012 11878 10 31559 2574018
7 0.960012 11577 10 31135 2561797
7 0.961012 11753 11 31048 2580098
7 0.962013 11571 11 31335 2573453
7 0.963013 11634 13 31273 2574131
7 0.964013 11732 6 31049 2568102
7 0.965013 11575 7 30990 2576921
7 0.966013 11599 15 31288 2569528
7 0.967014 11705 15 31482 2576204
7 0.968012 11641 17 31155 2562459
7 0.969012 11759 7 31340 2574735
7 0.970013 11725 10 31435 2582065
7 0.971013 11834 14 31617 2576814
7 0.972012 11778 13 31460 2561488
7 0.973013 11742 17 31313 2576968
7 0.974013 11652 6 31044 2579296
7 0.975013 11759 7 31215 2575058
7 0.976013 11592 15 30977 2560683
7 0.977013 11793 13 31401 2568585
7 0.978013 11927 10 31670 2574408
7 0.979013 11726 6 31254 2569271
7 0.980013 11451 14 31009 2560675
7 0.981013 11660 16 31045 2578061
7 0.982012 11523 13 31366 2572890
7 0.983012 11733 14 31401 2572181
7 0.984011 11670 8 30947 2543295
7 0.985013 11847 8 31593 2579836
7 0.986013 11793 10 30948 2574762
7 0.987012 11736 8 31237 2576498
7 0.988012 11690 10 31309 2564336
7 0.989013 11725 10 31615 2576485
7 0.990013 11809 13 30963 2577202
7 0.991013 11849 10 31302 2569303
7 0.992012 11743 10 31500 2561002
7 0.993013 11633 11 31024 2581502
7 0.994014 11900 8 31383 2580599
7 0.995012 11592 8 31100 2573341
7 0.996012 11781 17 31483 2557516
7 0.997013 11861 6 31710 2578852
7 0.998014 11746 7 31376 2575213
7 0.999012 11699 15 31109 2572962
7 1.000013 11716 14 31264 2563723
7 1.001014 11745 12 31418 2580364
7 1.002014 11858 7 31808 2574454
7 1.003013 11953 12 31520 2570769
7 1.004013 11673 15 31120 2561747
7 1.005013 11747 10 31651 2578295
7 1.006012 11794 12 31387 2574311
7 1.007013 11453 17 30500 2579769
7 1.008012 11196 6 30073 2474688
7 1.009012 11851 10 31786 2577294
7 1.010012 11713 11 31310 2575766
7 1.011013 11648 8 30984 2577418
7 1.012012 11907 13 30701 2556632
7 1.013012 11847 15 31412 2578277
7 1.014012 11758 11 30865 2577049
7 1.015012 11655 13 31300 2576340
7 1.016012 11652 12 31444 2564636
7 1.017013 11867 10 31482 2572322
7 1.018013 11811 12 31303 2571449
7 1.019012 11657 16 31501 2581609
7 1.020013 11731 14 31663 2562707
7 1.021013 11810 21 30957 2579087
7 1.022013 11769 17 31426 2578278
7 1.023012 11641 10 31081 2575135
7 1.024013 11574 9 30839 2562021
7 1.025013 11677 8 31231 2574205
7 1.026013 11895 11 31718 2574479
7 1.027013 11697 7 31381 2579370
7 1.028013 11670 15 31015 2569363
7 1.029013 11623 10 31035 2576206
7 1.030013 11864 8 31197 2578422
7 1.031013 11760 11 31374 2574859
7 1.032012 11763 10 31180 2563314
7 1.033013 11687 11 31282 2576115
7 1.034012 11763 9 31024 2574913
7 1.035013 11771 6 31631 2578598
7 1.036012 11770 11 31334 2561620
7 1.037013 11719 16 31296 2577470
7 1.038013 11668 8 30877 2576036
7 1.039013 11928 6 31745 2574818
7 1.040012 11261 14 30467 2557541
7 1.041013 11586 8 30890 2581154
7 1.042013 11718 11 31427 2575912
7 1.043013 11729 12 31491 2577532
7 1.044012 11731 11 31528 2559670
7 1.045013 11635 15 30881 2578786
7 1.046013 11763 7 31327 2573131
7 1.047012 11752 9 31286 2571362
7 1.048012 11694 18 31058 2571262
7 1.049012 11787 8 31154 2575875
7 1.050013 12116 9 32880 2581268
7 1.051012 12109 7 32607 2568025
7 1.052012 11913 5 32399 2556678
7 1.053012 12099 9 32685 2577110
7 1.054012 12167 11 32868 2574058
7 1.055013 12175 6 33150 2575205
7 1.056012 12100 5 32585 2562677
7 1.057012 12002 6 32249 2580208
7 1.058013 12220 12 32598 2573492
7 1.059012 12115 7 32859 2575536
7 1.060012 12070 9 32528 2563880
7 1.061012 12201 10 33077 2571471
7 1.062013 12175 7 33124 2580453
7 1.063013 12106 9 32557 2571776
7 1.064012 12112 18 32796 2559803
7 1.065013 12065 9 32799 2576913
7 1.066013 12350 7 32946 2578599
7 1.067012 12085 7 32535 2571632
7 1.068012 12216 6 32962 2547183
7 1.069013 12163 12 32728 2579583
7 1.070013 11992 3 32253 2580964
7 1.071012 12027 4 32526 2563306
7 1.072012 12232 8 32656 2561747
7 1.073012 12058 11 33235 2577307
7 1.074012 11852 11 31942 2568493
7 1.075012 12203 9 32513 2574570
7 1.076013 12054 9 32361 2566346
7 1.077013 12190 12 32732 2570206
7 1.078012 12198 5 32964 2570857
7 1.079012 12136 13 32688 2569671
7 1.080012 12051 8 32612 2558725
7 1.081012 12145 8 32521 2569899
7 1.083013 14909 10 40473 3350204
7 1.083078 393 13 780 55832
7 1.084014 11425 6 31162 2388639
7 1.085014 12283 5 33264 2570421
7 1.086012 12301 7 33363 2576245
7 1.087013 12213 10 33295 2580401
7 1.088014 12186 8 33002 2558274
7 1.089014 12242 5 32643 2569636
7 1.090013 11930 9 32833 2574047
7 1.091012 12446 9 33328 2567792
7 1.092012 8339 5 22382 1754157
7 1.095833 44045 17 119046 9582835
7 1.096016 1239 0 3216 248433
7 1.097016 12215 9 33261 2573321
7 1.098014 12298 13 32847 2545361
7 1.099013 12205 9 33795 2578220
7 1.100013 12293 10 32944 2555716
7 1.101012 12445 7 33266 2570681
7 1.102012 12217 12 33006 2573458
7 1.103013 12377 5 33088 2569973
7 1.104013 10627 11 28751 2263229
7 1.105012 12387 9 32937 2576442
7 1.106012 12297 7 32836 2558443
7 1.107014 7133 6 19020 1490660
7 1.108011 11846 3 31793 2528107
