2 0.001034 4640 68 801744 1047836
2 0.002014 6 3 1499947 1298280
2 0.003011 9990 62 1424107 1448475
2 0.004010 4 0 1563163 1343635
2 0.005011 10000 57 1450623 1448310
2 0.006014 2 0 1561427 1363474
2 0.007010 9 1 1564243 1340099
2 0.008013 9800 98 1432851 1475265
2 0.009010 6 2 1551566 1331481
2 0.010011 9779 102 1433913 1473338
2 0.011009 5 0 1567343 1331435
2 0.012012 9760 111 1441288 1465609
2 0.013500 6 0 2304742 1997014
2 0.014008 9783 118 638212 794135
2 0.015011 1 1 1559943 1355654
2 0.016008 7 0 1569463 1333836
2 0.017009 9787 107 1430018 1450034
2 0.018009 3 0 1587956 1339357
2 0.019007 9734 112 1455971 1436843
2 0.020009 3 0 1582206 1323942
2 0.021009 9782 123 1448742 1432301
2 0.022009 2 1 1580940 1340253
2 0.023024 9882 123 1405138 1544998
2 0.024011 8 0 1543027 1266931
2 0.025010 4783 106 1492788 1392187
2 0.026009 4551 7 1521729 1380154
2 0.027007 5 0 1579999 1324609
2 0.028011 9774 109 1447881 1478393
2 0.029068 10 1 1666409 1401054
2 0.030065 9736 118 1443443 1402198
2 0.031008 1 0 1527769 982460
2 0.032012 9576 107 1492637 1309500
2 0.033005 8 5 1382894 943205
2 0.034008 9908 96 1444094 1398396
2 0.035057 1 1 1703963 1307113
2 0.036009 2 1 1445386 1241962
2 0.037009 9853 98 1415831 1470038
2 0.038010 1 1 1570421 1328148
2 0.039009 9755 98 1416361 1482615
2 0.040009 5 1 1572002 1340571
2 0.041009 9695 131 1420030 1462846
2 0.042009 1 0 1567902 1339357
2 0.043010 9736 100 1433657 1473951
2 0.044008 3 1 1554377 1348402
2 0.045007 7 1 1547753 1339653
2 0.046010 9843 116 1425919 1482612
2 0.047009 5 1 1560663 1342175
2 0.048010 9814 64 1425996 1473700
2 0.049008 1 1 1548874 1328512
2 0.050010 9775 87 1434715 1479887
2 0.051008 2 0 1563890 1350844
2 0.052009 9844 98 1419198 1488830
2 0.053010 2 0 1549636 1345032
2 0.054011 3795 120 1512770 1410300
2 0.055008 5561 6 1480849 1403233
2 0.056009 1 2 1585162 1332790
2 0.057007 9854 115 1413046 1435517
2 0.058009 1 0 1586080 1250714
2 0.059011 9861 84 1474697 1310892
2 0.060010 1 0 1667599 1108678
2 0.061006 9849 92 1498035 1300160
2 0.062008 2 1 1625983 1210295
2 0.063008 9854 54 1358792 1474193
2 0.064009 6 0 1547141 1360641
2 0.065008 4 1 1536898 1346401
2 0.066009 9788 113 1429700 1458928
2 0.067008 4 0 1559515 1347761
2 0.068008 9734 93 1426748 1468437
2 0.069007 5 1 1553305 1338732
2 0.070009 9866 128 1424683 1481128
2 0.071008 3 2 1572466 1335635
2 0.072008 9837 115 1447571 1457784
2 0.073008 4 0 1563677 1344718
2 0.074031 2093 77 1451884 1508398
2 0.075007 7542 9 1375300 1329090
2 0.076009 4 0 1674282 1121098
2 0.077007 9818 107 1438010 1341909
2 0.078009 2 2 1650017 1181154
2 0.079006 9920 98 1458944 1343593
2 0.080009 3 2 1567507 1360451
2 0.081007 9862 117 1413628 1474442
2 0.082009 2 0 1565308 1339625
2 0.083009 9831 113 1425173 1481077
2 0.084007 2 0 1565708 1326017
2 0.085009 5 0 1563539 1347207
2 0.086009 9777 118 1402603 1491505
2 0.087008 7 0 1527740 1319055
2 0.088008 9752 98 1365895 1443451
2 0.089008 3 0 1502943 1299359
2 0.090008 9787 118 1365811 1448204
2 0.091009 3 1 1509479 1303417
2 0.092011 2867 133 1473791 1348533
2 0.093008 6735 5 1399126 1367660
2 0.094009 3 1 1509468 1300501
2 0.095008 9851 103 1356592 1440632
2 0.096008 5 2 1504050 1312123
2 0.097008 9744 119 1352664 1442672
2 0.098011 3 1 1512522 1304843
2 0.099010 5713 124 1436374 1375753
2 0.100008 3609 7 1455349 1335832
2 0.101008 3 0 1492555 1304794
2 0.102010 9804 126 1370012 1441321
2 0.103009 4 2 1503987 1314835
2 0.104009 9851 107 1371246 1433046
2 0.105008 1 1 1488412 1302553
2 0.106009 7700 99 1387765 1422612
2 0.107008 1682 1 1481211 1304295
2 0.108009 3 0 1510302 1302031
2 0.109009 9839 96 1361226 1424285
2 0.110009 1 1 1511277 1314919
2 0.111010 9852 141 1351000 1452470
2 0.112009 5 0 1501294 1314912
2 0.113012 9878 107 1355072 1457505
2 0.114009 3 1 1500546 1298198
2 0.115009 2 1 1519881 1292732
2 0.116008 9797 88 1376573 1421667
2 0.117011 2 2 1506537 1289689
2 0.118009 9725 123 1353601 1441987
2 0.119009 2 1 1510782 1299417
2 0.120010 9780 131 1386098 1427578
2 0.121008 2 0 1500751 1306422
2 0.122010 4 0 1517010 1310264
2 0.123008 9820 130 1372499 1435135
2 0.124010 4 0 1520934 1298886
2 0.125008 9797 110 1361888 1434826
2 0.126008 2 0 1513723 1298204
2 0.127010 9805 118 1364964 1444499
2 0.128009 5 1 1500570 1315285
2 0.129008 1 1 1492781 1313280
2 0.130009 9767 107 1374218 1439802
2 0.131009 14 4 1503117 1288306
2 0.132009 9854 114 1357849 1442127
2 0.133007 4 0 1492343 1305025
2 0.134009 9844 109 1366815 1462187
2 0.135010 9 0 1507890 1302622
2 0.136008 3 0 1516430 1306673
2 0.137009 9852 94 1362053 1444662
2 0.138008 2 0 1523307 1293704
2 0.139010 9812 94 1372814 1435882
2 0.140009 3 1 1513100 1304856
2 0.141009 9826 92 1369953 1437733
2 0.142007 1 2 1501039 1307981
2 0.143009 3 0 1507840 1312082
2 0.144010 9805 119 1353271 1457556
2 0.145008 2 1 1510204 1292101
2 0.146009 9805 87 1364020 1434269
2 0.147008 3 0 1509630 1298780
2 0.148009 9756 83 1369601 1432199
2 0.149009 1 1 1500369 1302545
2 0.150009 11 38 1513743 1311183
2 0.151009 9531 4 1375835 1413424
2 0.152009 7 0 1513155 1302635
2 0.153008 9815 94 1381654 1407475
2 0.154009 3 0 1524483 1297530
2 0.155011 9720 104 1376840 1441695
2 0.156009 5 0 1502973 1298771
2 0.157009 7476 82 1397906 1400594
2 0.158008 2119 6 1477640 1323346
2 0.159010 5 1 1518329 1298045
2 0.160008 9749 90 1360470 1439254
2 0.161008 2 2 1502743 1302415
2 0.162008 9788 101 1367406 1444915
2 0.163010 2 0 1504559 1310878
2 0.164010 9824 125 1373595 1438537
2 0.165009 2 1 1493239 1306554
2 0.166010 3 1 1512753 1309635
2 0.167008 9796 120 1358225 1450136
2 0.168008 3 0 1517771 1298276
2 0.169008 9688 121 1362384 1442935
2 0.170009 4 0 1510170 1308274
2 0.171008 9852 109 1374473 1430888
2 0.172008 2 1 1515183 1301430
2 0.173008 3 1 1501758 1299431
2 0.174008 9742 135 1363127 1450933
2 0.175009 2 0 1504901 1314139
2 0.176007 9774 121 1369753 1437555
2 0.177008 5 3 1494409 1298399
2 0.178009 9837 122 1367722 1437431
2 0.179009 2 2 1509592 1305797
2 0.180008 6 0 1512999 1295539
2 0.181008 9787 119 1377068 1420535
2 0.182009 2 1 1504912 1320456
2 0.183011 9730 123 1383274 1433158
2 0.184008 1 0 1501625 1302236
2 0.185008 9822 125 1376192 1434323
2 0.186009 2 1 1511642 1297582
2 0.187009 2 1 1518251 1299667
2 0.188008 9736 123 1365701 1439992
2 0.189009 2 2 1512061 1300896
2 0.190008 9814 103 1354419 1442632
2 0.191008 2 0 1509914 1293992
2 0.192009 9806 133 1366103 1433378
2 0.193007 5 4 1496602 1293038
2 0.194008 2 0 1505422 1307995
2 0.195009 9789 82 1370915 1435029
2 0.196009 3 0 1520349 1295201
2 0.197008 9763 126 1355500 1428894
2 0.198009 4 1 1520495 1290544
2 0.199010 9767 143 1371712 1431584
2 0.200008 3 0 1510863 1292071
2 0.201009 4614 122 1437131 1372962
2 0.202008 4848 2 1449396 1352969
2 0.203010 5 1 1531851 1292942
2 0.204008 9885 135 1388443 1421476
2 0.205007 3 2 1534323 1288034
2 0.206009 9800 117 1389492 1425578
2 0.207007 2 1 1516685 1309209
2 0.208009 9803 134 1407276 1428340
2 0.209008 1 0 1522082 1271750
2 0.210007 3 1 1510237 1306360
2 0.211010 9744 130 1378893 1422039
2 0.212008 3 0 1507511 1309463
2 0.213007 9822 105 1387494 1414821
2 0.214030 12 0 1599760 1267075
2 0.215016 9972 81 1305542 1376896
2 0.216014 10 1 1503089 1307834
2 0.217012 6 2 1479914 1265362
2 0.218013 9817 65 1329144 1385391
2 0.219047 3 0 1591935 1221860
2 0.220011 9928 77 1192054 1255806
2 0.221011 9 2 1460165 1249147
2 0.222012 9821 68 1348334 1366938
2 0.223012 2 2 1465517 1249875
2 0.224015 2 0 1460891 1270511
2 0.225014 9828 109 1334307 1298060
2 0.226013 4 0 1546590 1031650
2 0.227010 9627 101 1344793 1249947
2 0.228014 2 1 1552307 1103835
2 0.229010 9792 119 1333980 1262305
2 0.230010 7 1 1465065 1258410
2 0.231012 2 1 1470228 1257478
2 0.232010 9770 117 1349760 1353087
2 0.233009 8 2 1443619 1240069
2 0.234009 9838 106 1333714 1377067
2 0.235011 8 1 1469904 1257526
2 0.236009 9703 130 1344859 1368513
2 0.237017 13 1 1464782 1213967
2 0.238014 7 1 1452343 1242724
2 0.239011 10023 58 1324245 1364484
2 0.240011 13 1 1466056 1240482
2 0.241036 9438 36 996859 1767559
2 0.242009 513 4 1342956 1146113
2 0.243010 3 0 1462695 1260815
2 0.244011 9920 56 1337406 1368046
2 0.245016 6 4 1441400 1215815
2 0.246013 9989 55 1332435 1240547
2 0.247009 0 0 1540586 1023888
2 0.248009 4 0 1559133 1078128
2 0.249007 9992 59 1346216 1235848
2 0.250010 2 1 1457400 1267277
2 0.251007 9979 66 1299596 1397204
2 0.252011 3 0 1449283 1269608
2 0.253011 9940 63 1288528 1395524
2 0.254010 3 2 1454145 1264637
2 0.255009 4 0 1454827 1265631
2 0.256011 9831 96 1329432 1371372
2 0.257009 3 1 1452315 1247759
2 0.258009 9803 102 1310678 1391737
2 0.259009 1 2 1470582 1246618
2 0.260008 1 3 1474954 1247940
2 0.261009 9782 86 1299678 1389444
2 0.262009 1 1 1447389 1267139
2 0.263011 9842 101 1320344 1389394
2 0.264009 3 1 1457679 1259614
2 0.265009 9843 109 1314249 1388826
2 0.266009 4 1 1472011 1255510
2 0.267010 2 1 1447869 1266811
2 0.268009 9840 114 1297706 1398136
2 0.269009 3 2 1459516 1243035
2 0.270009 9861 109 1322016 1393599
2 0.271009 2 1 1454077 1275850
2 0.272010 4 0 1454078 1273032
2 0.273009 9791 81 1306474 1383843
2 0.274009 2 1 1457953 1254122
2 0.275008 9880 99 1308256 1388300
2 0.276009 1 1 1463392 1261846
2 0.277009 9862 115 1305729 1394130
2 0.278008 1 1 1451406 1259250
2 0.279009 1 0 1462136 1263832
2 0.280008 9841 86 1317448 1393656
2 0.281008 2 0 1440591 1267980
2 0.282009 9840 78 1323766 1388842
2 0.283009 5 0 1461563 1256480
2 0.284008 4 0 1464216 1238129
2 0.285009 9864 120 1316822 1388551
2 0.286010 1 3 1477858 1239216
2 0.287008 9883 111 1317070 1392973
2 0.288010 3 0 1472653 1254886
2 0.289008 9858 118 1328204 1369986
2 0.290009 1 0 1469785 1250502
2 0.291009 5 1 1471464 1254408
2 0.292010 9791 140 1323774 1384714
2 0.293009 2 2 1455730 1242606
2 0.294008 9783 102 1308680 1397804
2 0.295009 3 0 1459058 1260321
2 0.296009 4430 65 1388114 1337760
2 0.297008 5055 8 1363256 1322203
2 0.298010 1 1 1459825 1271050
2 0.299008 9794 133 1316080 1387005
2 0.300009 5 2 1465918 1256580
2 0.301010 9790 98 1311200 1397387
2 0.302010 2 0 1466047 1239370
2 0.303010 3 1 1470992 1248451
2 0.304008 9842 98 1328389 1384614
2 0.305008 5 0 1461095 1260428
2 0.306009 9882 86 1315033 1398620
2 0.307008 1 2 1446377 1279486
2 0.308011 5062 86 1376352 1346052
2 0.309008 4106 3 1375631 1299690
2 0.310008 2 1 1472871 1254977
2 0.311009 9883 119 1329921 1384018
2 0.312009 4 0 1451895 1269412
2 0.313011 9871 118 1331709 1380428
2 0.314008 2 1 1446136 1274608
2 0.315011 2 1 1456119 1272651
2 0.316010 9931 87 1319038 1388133
2 0.317009 1 0 1451681 1259722
2 0.318009 9867 78 1323376 1391025
2 0.319009 7 1 1468635 1259038
2 0.320010 8502 49 1356214 1372417
2 0.321008 936 6 1436549 1257781
2 0.322009 5 0 1465899 1251109
2 0.323009 9872 99 1310738 1408162
2 0.324009 3 1 1464667 1258806
2 0.325010 9807 135 1311506 1395598
2 0.326008 4 3 1457571 1261381
2 0.327009 3 0 1456946 1256682
2 0.328008 9832 105 1325161 1382483
2 0.329009 4 0 1462037 1247376
2 0.330009 9840 70 1322667 1391911
2 0.331008 4 1 1462391 1246570
2 0.332009 9874 121 1319614 1393729
2 0.333008 1 1 1449843 1248172
2 0.334009 6 1 1462881 1269888
2 0.335008 9868 132 1322909 1387403
2 0.336010 2 1 1477980 1248907
2 0.337009 9865 121 1306079 1402316
2 0.338010 4 2 1464650 1261936
2 0.339008 5 1 1453851 1261229
2 0.340008 9861 112 1312452 1401359
2 0.341009 2 0 1455785 1257068
2 0.342009 9809 106 1306361 1400821
2 0.343009 3 1 1454653 1256830
2 0.344007 9871 115 1312409 1383944
2 0.345008 3 3 1451768 1249587
2 0.346011 4 0 1458769 1269805
2 0.347008 9729 90 1309947 1397233
2 0.348009 2 0 1459455 1275956
2 0.349009 9788 101 1318136 1382916
2 0.350009 5 1 1449315 1268425
2 0.351009 1 0 1454240 1253300
2 0.352009 9776 68 1323736 1386772
2 0.353010 3 0 1458731 1250559
2 0.354010 9863 119 1325987 1394515
2 0.355008 3 1 1451097 1265186
2 0.356009 9809 125 1320801 1398847
2 0.357009 3 1 1440024 1261322
2 0.358010 4 1 1449758 1273775
2 0.359009 9870 109 1312976 1403850
2 0.360009 1 2 1386179 1301329
2 0.361009 9897 90 1192297 1476301
2 0.362008 2 1 1360384 1307556
2 0.363008 1 3 1378183 1307655
2 0.364009 9892 63 1201148 1472812
2 0.365009 3 0 1371191 1293319
2 0.366010 3635 112 1309246 1377786
2 0.367009 6065 5 1285009 1386884
2 0.368008 10 0 1359271 1310137
2 0.369008 9778 141 1188723 1484324
2 0.370010 2 1 1385163 1300632
2 0.371009 3 1 1382429 1295143
2 0.372010 9810 121 1211965 1474881
2 0.373009 10 2 1371694 1297698
2 0.374009 9847 148 1198533 1471879
2 0.375009 1 2 1354292 1315114
2 0.376008 1 0 1367558 1304206
2 0.377007 9909 122 1205589 1457129
2 0.378010 2 0 1364095 1312324
2 0.379009 9671 104 1193471 1487049
2 0.380009 5 2 1358669 1313526
2 0.381008 3 3 1356196 1303730
2 0.382009 9878 121 1207756 1469013
2 0.383009 3 1 1363815 1304235
2 0.384009 2458 119 1338512 1343110
2 0.385008 7226 7 1239820 1415064
2 0.386008 4 1 1373518 1305358
2 0.387010 9876 138 1187960 1496136
2 0.388009 1 1 1368773 1295480
2 0.389009 5 0 1371404 1306369
2 0.390008 9867 149 1207991 1469925
2 0.391009 2 2 1382373 1301644
2 0.392010 9854 107 1208732 1473866
2 0.393008 5 1 1363366 1298583
2 0.394008 4 1 1371124 1307199
2 0.395009 9893 106 1208658 1475170
2 0.396008 2 0 1365865 1309397
2 0.397009 8936 132 1134055 1409997
2 0.398008 735 3 1353914 1306715
2 0.399010 8 2 1368466 1317002
2 0.400009 9830 131 1167758 1499018
2 0.401008 1 2 1362912 1302893
2 0.402009 3 1 1377784 1300925
2 0.403010 9881 86 1176034 1506357
2 0.404008 2 1 1371457 1301759
2 0.405008 9860 104 1198571 1481645
2 0.406010 1 1 1369349 1309152
2 0.407009 3 2 1363050 1311561
2 0.408009 9848 129 1197736 1481306
2 0.409009 2 1 1372688 1299981
2 0.410009 9831 147 1205850 1476507
2 0.411009 3 1 1360549 1304863
2 0.412009 2 2 1370823 1314441
2 0.413009 9827 123 1211142 1457414
2 0.414009 2 1 1358452 1309940
2 0.415009 4597 119 1299370 1387892
2 0.416009 5016 11 1241134 1351524
2 0.417008 1 2 1300616 1254833
2 0.418009 9911 130 1159130 1427179
2 0.419009 2 0 1330337 1257283
2 0.420009 5 2 1320780 1267331
2 0.421007 9852 131 1144727 1422589
2 0.422009 2 0 1345362 1245393
2 0.423010 5565 120 1229619 1362342
2 0.424010 4039 6 1258096 1317690
2 0.425008 2 0 1330976 1248098
2 0.426010 9810 119 1157781 1426946
2 0.427010 3 0 1323668 1262486
2 0.428009 3 0 1319785 1257650
2 0.429007 9750 129 1143361 1430155
2 0.430009 3 2 1328704 1261263
2 0.431010 6416 138 1213250 1378672
2 0.432008 3247 6 1267462 1297958
2 0.433009 2 3 1323085 1258870
2 0.434010 9829 126 1121806 1459699
2 0.435009 10 2 1326413 1252087
2 0.436010 3 1 1327387 1259399
2 0.437007 9754 121 1137054 1427421
2 0.438009 8 1 1325250 1257295
2 0.439010 4641 124 1238475 1347246
2 0.440011 4866 8 1234593 1343605
2 0.441009 1 1 1325108 1257024
2 0.442009 9744 108 1157947 1425536
2 0.443010 2 2 1322908 1259352
2 0.444008 2 2 1314730 1267448
2 0.445009 9876 92 1135117 1444956
2 0.446009 1 1 1302598 1279905
2 0.447010 1645 89 1271962 1319430
2 0.448008 7982 3 1190689 1382356
2 0.449009 4 0 1312721 1256698
2 0.450010 9770 123 1155794 1431652
2 0.451008 3 1 1317356 1256538
2 0.452010 3 1 1332349 1256477
2 0.453008 9787 116 1151634 1422382
2 0.454010 2 1 1336843 1251999
2 0.455009 2796 100 1275590 1309400
2 0.456010 6731 11 1211417 1360502
2 0.457008 6 1 1330216 1251818
2 0.458010 9861 70 1146048 1434904
2 0.459009 2 3 1318376 1265666
2 0.460010 2 2 1339918 1256498
2 0.461010 9823 135 1153373 1420418
2 0.462008 1 0 1313139 1261724
2 0.463011 4006 128 1262674 1329175
2 0.464010 5557 3 1225084 1332261
2 0.465008 2 1 1320548 1251233
2 0.466009 9895 129 1155705 1422286
2 0.467010 1 0 1324702 1253010
2 0.468008 3 0 1322112 1255449
2 0.469007 9838 119 1152280 1420408
2 0.470009 3 1 1332683 1260271
2 0.471010 5047 120 1234376 1355577
2 0.472007 4370 7 1246375 1312415
2 0.473008 5 2 1329343 1245726
2 0.474009 9880 136 1155068 1428472
2 0.475008 3 0 1335126 1246365
2 0.476009 3 1 1333539 1253953
2 0.477008 9867 154 1149038 1411215
2 0.478009 1 0 1328393 1255106
2 0.479010 8338 140 1188317 1405557
2 0.480009 1190 2 1300980 1267819
2 0.481008 2 0 1323340 1258777
2 0.482010 9808 110 1166215 1434850
2 0.483007 1 0 1324261 1251322
2 0.484010 4 0 1330281 1259941
2 0.485007 9826 114 1155093 1421204
2 0.486008 3 1 1326964 1264065
2 0.487009 9854 122 1157173 1428100
2 0.488007 2 2 1306068 1263820
2 0.489007 2 3 1323163 1255337
2 0.490010 9834 128 1166125 1428535
2 0.491009 4 3 1324024 1243588
2 0.492010 1 1 1321514 1263843
2 0.493008 9830 130 1158642 1407225
2 0.494008 1 1 1322153 1263158
2 0.495009 9856 112 1148437 1440586
2 0.496010 1 1 1327060 1254066
2 0.497009 5 3 1313142 1246848
2 0.498009 9809 117 1155434 1418210
2 0.499009 2 2 1321668 1262578
2 0.500009 1 2 1324039 1262196
2 0.501010 9876 113 1132923 1444638
2 0.502009 2 2 1334167 1243447
2 0.503009 9887 132 1155522 1429197
2 0.504010 6 2 1334307 1257861
2 0.505009 2 1 1327670 1240398
2 0.506009 9837 135 1154010 1428089
2 0.507008 1 0 1321233 1252568
2 0.508008 1 1 1326573 1259596
2 0.509009 9797 138 1140323 1423960
2 0.510009 2 2 1330724 1258203
2 0.511008 9806 129 1139760 1440961
2 0.512010 1 0 1321307 1259654
2 0.513008 6 1 1327750 1246753
2 0.514009 9654 105 1136970 1446490
2 0.515008 3 1 1309201 1278506
2 0.516007 6 0 1311061 1270451
2 0.517011 9830 118 1165079 1416822
2 0.518010 2 1 1330878 1258657
2 0.519010 9743 103 1159932 1419917
2 0.520009 2 1 1324283 1260722
2 0.521008 2 1 1318581 1248920
2 0.522009 9860 136 1169856 1419827
2 0.523009 2 2 1328657 1251391
2 0.524009 1 1 1325154 1260138
2 0.525008 9851 115 1150847 1420636
2 0.526008 3 0 1335747 1255059
2 0.527008 9771 128 1177656 1409083
2 0.528008 3 2 1338382 1250356
2 0.529010 3 1 1340597 1249148
2 0.530009 9907 116 1173345 1408787
2 0.531009 2 0 1316979 1264686
2 0.532009 3 0 1343323 1248979
2 0.533008 9850 129 454955 726243
2 0.534010 18 7 898605 868383
2 0.535009 1 0 1319239 1264737
2 0.536009 9918 147 1148115 1436255
2 0.537009 2 3 1312318 1243290
2 0.538009 1 2 1324771 1263153
2 0.539007 9735 120 1190021 1393974
2 0.540009 2 0 1335097 1254000
2 0.541008 9882 122 1173230 1404925
2 0.542012 11 11 1040288 935925
2 0.543007 2 2 1405762 1080551
2 0.544009 9743 123 1245088 1289383
2 0.545008 0 4 1388559 1122757
2 0.546008 1 1 1359648 1191149
2 0.547010 9851 106 1160921 1434056
2 0.548010 1 2 1328261 1258504
2 0.549008 9800 123 1154066 1411180
2 0.550009 1 1 1302022 1284518
2 0.551009 5 6 1084764 1029732
2 0.552009 9874 146 1154882 1436241
2 0.553009 2 3 1310559 1260157
2 0.554009 1 0 1322877 1262970
2 0.555009 9857 142 1184677 1405333
2 0.556008 2 3 1334808 1246109
2 0.557008 5 2 1331582 1247121
2 0.558008 9856 122 1166633 1399935
2 0.559010 3 0 1404486 1114446
2 0.560007 9742 119 1203590 1305935
2 0.561007 1 3 1410703 1114572
2 0.562008 1 2 1384279 1152188
2 0.563009 9791 79 1158217 1432576
2 0.564008 2 1 1325913 1255622
2 0.565009 9788 121 1155850 1421090
2 0.566009 1 1 1330837 1252233
2 0.567007 5 3 1330601 1251718
2 0.568010 9839 138 1170149 1417342
2 0.569008 12 2 1311637 1256483
2 0.570008 1 1 1325674 1264039
2 0.571010 9742 140 1155380 1431615
2 0.572009 2 1 1324582 1258184
2 0.573010 9755 118 1138763 1432016
2 0.574010 5 2 1337149 1253040
2 0.575009 1 1 1321813 1253146
2 0.576009 9861 138 1145145 1444173
2 0.577007 2 0 1315967 1249061
2 0.578009 2 0 1311114 1271529
2 0.579009 9854 109 1144321 1442869
2 0.580010 1 0 1324163 1258310
2 0.581009 9756 129 1154327 1417637
2 0.582009 1 0 1326716 1247783
2 0.583009 2 1 1325196 1261547
2 0.584010 9765 142 1145559 1436826
2 0.585009 2 3 1330516 1245579
2 0.586010 2 2 1331387 1260470
2 0.587009 9835 117 1157035 1420893
2 0.588008 3 3 1313841 1268184
2 0.589007 9763 117 1142296 1425795
2 0.590008 3 0 1318992 1265885
2 0.591011 3 2 1324645 1266955
2 0.592009 9744 90 1147380 1425293
2 0.593009 1 3 1319906 1259739
2 0.594009 1 0 1326131 1260242
2 0.595009 9806 141 1154863 1425415
2 0.596008 1 2 1313506 1268401
2 0.597009 9838 97 1145636 1421659
2 0.598009 2 2 1319698 1264606
2 0.599007 2 0 1316375 1256364
2 0.600009 9838 91 1158874 1425191
2 0.601010 1 2 1331777 1246201
2 0.602009 3 1 1328008 1256713
2 0.603008 9855 132 1163967 1420689
2 0.604010 2 0 1337758 1251770
2 0.605008 9826 111 1157656 1416685
2 0.606010 2 1 1328938 1261843
2 0.607010 3 3 1326106 1254542
2 0.608009 9613 113 1157612 1422432
2 0.609009 3 0 1322249 1250518
2 0.610009 2 2 1326894 1262214
2 0.611009 9718 130 1162597 1414458
2 0.612010 2 0 1328495 1258569
2 0.613010 9781 159 1149381 1425412
2 0.614009 2 1 1332143 1244789
2 0.615009 2 1 1325709 1260790
2 0.616009 9816 128 1158118 1426943
2 0.617007 3 3 1327991 1239425
2 0.618010 1723 97 1304335 1292622
2 0.619009 7425 8 1200878 1367865
2 0.620009 1 2 1330182 1246961
2 0.621008 9846 158 1154245 1421989
2 0.622009 3 0 1315552 1266337
2 0.623010 3 0 1319337 1269898
2 0.624009 9861 85 1164931 1421292
2 0.625008 2 2 1323938 1249500
2 0.626010 3813 116 1256363 1329919
2 0.627009 5906 4 1227250 1342880
2 0.628008 3 1 1316798 1260231
2 0.629008 9869 105 1149653 1423358
2 0.630008 2 2 1327703 1254282
2 0.631009 5 2 1326163 1260355
2 0.632009 9916 152 1146419 1435044
2 0.633009 3 2 1318826 1257814
2 0.634011 3482 125 1251280 1334575
2 0.635008 6092 7 1214051 1353501
2 0.636008 2 1 1324635 1263177
2 0.637008 9788 132 1158374 1415109
2 0.638008 5 2 1325882 1256526
2 0.639008 5 1 1319564 1266278
2 0.640009 9866 119 1160983 1422646
2 0.641008 4 2 1327693 1258993
2 0.642010 4939 81 1233492 1349565
2 0.643010 4680 8 1231995 1335054
2 0.644009 4 2 1318213 1266798
2 0.645008 9854 127 1142278 1429610
2 0.646008 1 1 1323413 1248493
2 0.647008 2 0 1329604 1251803
2 0.648010 9901 114 1158381 1431212
2 0.649009 3 2 1326678 1244463
2 0.650008 4786 118 1233601 1356020
2 0.651008 4691 5 1233884 1330817
2 0.652009 1 1 1327333 1265896
2 0.653008 9897 69 1174248 1404964
2 0.654008 2 2 1329895 1250964
2 0.655010 3 0 1314664 1282222
2 0.656008 9840 100 1147058 1424533
2 0.657008 1 1 1616805 1020730
2 0.658011 9788 104 1479556 1187774
2 0.659009 3 1 1677215 986287
2 0.660011 9836 125 1477157 1181459
2 0.661007 1 3 1672351 973559
2 0.662010 9880 115 1485428 1177380
2 0.663010 1 1 1681308 984268
2 0.664009 7963 107 1513634 1151390
2 0.665009 1456 6 1643897 999939
2 0.666009 3 0 1687118 986730
2 0.667008 9822 105 1485068 1168495
2 0.668009 3 0 1681376 984097
2 0.669008 9841 77 1458504 1191085
2 0.670010 2 0 1688413 986988
2 0.671010 9830 116 1477924 1183533
2 0.672007 1 0 1675705 980735
2 0.673007 9783 78 1487388 1160853
2 0.674010 1 1 1687940 984781
2 0.675010 9799 113 1478087 1186028
2 0.676010 4 1 1681288 981863
2 0.677008 9723 84 1458595 1185848
2 0.678010 2 0 1687550 986203
2 0.679010 9833 119 1478340 1182284
2 0.680010 3 1 1682094 985737
2 0.681008 9723 105 1472436 1173295
2 0.682008 5 2 1685808 988688
2 0.683009 3986 117 1594441 1063278
2 0.684009 5555 2 1574134 1088646
2 0.685009 1 0 1675072 981695
2 0.686009 9786 97 1482151 1174801
2 0.687009 2 0 1682703 986884
2 0.688010 9863 126 1490799 1170990
2 0.689008 3 0 1673935 982198
2 0.690008 9811 119 1478336 1179942
2 0.691009 3 3 1689838 989233
2 0.692009 9881 122 1477099 1179077
2 0.693009 1 3 1681390 980724
2 0.694010 9889 92 1472180 1190163
2 0.695008 2 0 1682073 984752
2 0.696008 9850 112 1477087 1185730
2 0.697008 5 0 1677912 986088
2 0.698009 9831 126 1472753 1190086
2 0.699010 3 1 1685530 985479
2 0.700010 9860 106 1471743 1188819
2 0.701007 1 1 1676179 980792
2 0.702007 74 80 1677210 992171
2 0.703008 9405 5 1487485 1165255
2 0.704009 3 0 1685080 991553
2 0.705008 9791 147 1465339 1179273
2 0.706009 1 3 1691173 990128
2 0.707008 9789 118 1462003 1195951
2 0.708009 0 1 1690708 986879
2 0.709008 9855 125 1482597 1163793
2 0.710008 2 0 1682369 987987
2 0.711009 9823 107 1491450 1165206
2 0.712010 4 0 1690841 985604
2 0.713009 9808 115 1475007 1175052
2 0.714009 3 2 1680609 985179
2 0.715010 9882 96 1488355 1167720
2 0.716010 3 1 1681706 985756
2 0.717010 9880 118 1473477 1163992
2 0.718010 5 2 1686097 983652
2 0.719011 8513 115 1518035 1156750
2 0.720009 984 2 1660096 996836
2 0.721009 2 0 1676249 982925
2 0.722010 9814 111 1501574 1159036
2 0.723008 1 0 1681356 983760
2 0.724009 9868 115 1499893 1165789
2 0.725009 2 3 1678863 984121
2 0.726009 9828 109 1487952 1178124
2 0.727010 1 1 1683356 986093
2 0.728009 9845 103 1492822 1163499
2 0.729009 3 1 1681945 986460
2 0.730008 9888 118 1507319 1146135
2 0.731009 3 3 1686997 988175
2 0.732008 9852 87 1491753 1164808
2 0.733009 4 1 1680314 982450
2 0.734009 9878 141 1517256 1143464
2 0.735008 1 2 1684249 991414
2 0.736010 9805 103 1486265 1185810
2 0.737008 4 2 1675085 982319
2 0.738008 9700 105 1483542 1172957
2 0.739009 2 0 1680432 986144
2 0.740008 3068 120 1611516 1053603
2 0.741009 6330 5 1549951 1097984
2 0.742007 1 2 1679538 981484
2 0.743010 9671 121 1486054 1172149
2 0.744011 3 0 1689276 990236
2 0.745009 9703 105 1461638 1177777
2 0.746011 3 1 1684630 988463
2 0.747009 9740 104 1485297 1170607
2 0.748010 1 0 1684113 985956
2 0.749009 9857 91 1489940 1144212
2 0.750008 4 1 1683109 984603
2 0.751010 9811 123 1493832 1167389
2 0.752010 2 2 1679543 989985
2 0.753008 9885 113 1456856 1193416
2 0.754010 2 2 1683313 989385
2 0.755010 9915 117 1485012 1171039
2 0.756009 2 1 1682761 987105
2 0.757008 9875 112 1473738 1175923
2 0.758009 3 0 1687095 990730
2 0.759009 739 101 1665223 1000679
2 0.760009 8800 4 1517456 1132070
2 0.761008 3 3 1665968 976266
2 0.762008 9809 92 1502910 1153142
2 0.763010 3 1 1685658 988536
2 0.764009 9803 124 1478519 1174430
2 0.765008 3 3 1672785 984824
2 0.766009 9855 118 1476994 1180741
2 0.767009 5 1 1683274 986920
2 0.768010 9761 106 1479754 1181031
2 0.769009 1 2 1678742 984267
2 0.770009 9837 107 1484684 1174363
2 0.771009 1 1 1682812 988018
2 0.772011 9830 115 1482497 1180325
2 0.773008 2 2 1674544 975899
2 0.774010 9760 115 1484015 1175428
2 0.775009 2 0 1680476 982692
2 0.776011 8687 99 1508814 1161389
2 0.777009 874 4 1643172 985669
2 0.778009 4 2 1685902 986508
2 0.779008 9832 119 1476060 1178327
2 0.780009 2 0 1678858 989415
2 0.781008 9791 108 1480984 1165199
2 0.782009 4 1 1685724 986712
2 0.783010 9785 125 1490036 1171709
2 0.784011 1 0 1684031 984083
2 0.785008 9812 126 1479912 1161104
2 0.786010 5 2 1682997 986654
2 0.787010 9833 122 1486372 1170024
2 0.788010 2 2 1683359 980702
2 0.789009 9871 103 1480860 1172249
2 0.790008 1 1 1685916 988594
2 0.791011 9866 102 1484608 1176997
2 0.792009 1 1 1683969 981299
2 0.793009 9847 111 1479827 1166134
2 0.794008 1 1 1684446 979098
2 0.795011 8586 108 1527075 1136033
2 0.796008 1029 3 1665216 986408
2 0.797009 7 3 1675752 986050
2 0.798011 9851 91 1487857 1179735
2 0.799009 3 1 1679015 982557
2 0.800009 9838 106 1477482 1174601
2 0.801008 3 1 1676363 983768
2 0.802009 9831 107 1479235 1172040
2 0.803010 2 0 1682614 985143
2 0.804009 9826 116 1477557 1178278
2 0.805008 4 2 1675915 980494
2 0.806009 9829 111 1489446 1174476
2 0.807010 2 2 1681813 990510
2 0.808011 9879 99 1481866 1177162
2 0.809009 3 2 1673878 982877
2 0.810009 9837 58 1482527 1172017
2 0.811008 2 0 1686689 985702
2 0.812013 9836 95 1490399 1176337
2 0.813008 2 1 1670429 980218
2 0.814009 6609 105 1553712 1116029
2 0.815009 2843 4 1629757 1022636
2 0.816009 1 2 1685586 983852
2 0.817009 9828 123 1468579 1176302
2 0.818008 6 0 1682434 986896
2 0.819010 9815 94 1477956 1183172
2 0.820009 4 1 1681285 984075
2 0.821008 9818 127 1473573 1167254
2 0.822009 3 3 1691775 984084
2 0.823009 9786 107 1479529 1171973
2 0.824011 1 2 1682406 985252
2 0.825008 9833 110 1478515 1165788
2 0.826009 1 0 1685849 984846
2 0.827010 9717 106 1484013 1170110
2 0.828009 2 2 1685894 986878
2 0.829010 9830 122 1486865 1168228
2 0.830010 2 0 1680184 983123
2 0.831010 9816 110 1479159 1180016
2 0.832008 2 0 1676745 983764
2 0.833008 5024 86 1571711 1081791
2 0.834009 4526 4 1587699 1065750
2 0.835008 1 0 1684670 989765
2 0.836010 9864 127 1476853 1180914
2 0.837009 3 2 1665696 978798
2 0.838009 9819 129 1478418 1176844
2 0.839009 3 1 1684571 985410
2 0.840010 9840 109 1474351 1179937
2 0.841010 1 1 1682120 979162
2 0.842010 9803 128 1479911 1179841
2 0.843010 2 2 1681236 986111
2 0.844011 9878 110 1502845 1167851
2 0.845008 1 1 1666657 978384
2 0.846011 9791 105 1482400 1183674
2 0.847009 4 1 1683462 976913
2 0.848010 9800 118 1490688 1170071
2 0.849009 2 3 1673995 984188
2 0.850009 9866 100 1482857 1170344
2 0.851009 1 2 1680523 980683
2 0.852010 3468 108 1617390 1052846
2 0.853009 6136 5 1549659 1087071
2 0.854008 3 2 1679697 980859
2 0.855009 9884 91 1463347 1195467
2 0.856011 1 2 1687485 987660
2 0.857008 9863 132 1468352 1173865
2 0.858011 2 2 1684584 981009
2 0.859008 9808 115 1474474 1183936
2 0.860010 1 1 1685995 988679
2 0.861008 9827 121 1478105 1163480
2 0.862009 1 1 1686174 988506
2 0.863010 9848 85 1463240 1192340
2 0.864009 4 0 1677373 982170
2 0.865009 9873 131 1471122 1174949
2 0.866009 2 1 1682535 988136
2 0.867009 9891 124 1451036 1199133
2 0.868009 2 1 1684202 988199
2 0.869009 6929 132 1530997 1116495
2 0.870009 2680 3 1621189 1026066
2 0.871010 1 1 1684740 990046
2 0.872010 9858 110 1474969 1182816
2 0.873009 5 3 1678910 984977
2 0.874010 9812 99 1478172 1178498
2 0.875009 2 0 1683636 985819
2 0.876010 9774 132 1469858 1187996
2 0.877009 2 0 1667284 981585
2 0.878010 9813 96 1472125 1189792
2 0.879009 2 3 1675496 983932
2 0.880010 9928 102 1477997 1185567
2 0.881009 2 3 1676438 989605
2 0.882009 9809 102 1477506 1174649
2 0.883009 1 0 1685475 984351
2 0.884010 9758 106 1467008 1192167
2 0.885009 2 0 1675509 982149
2 0.886010 9793 118 1482838 1179663
2 0.887011 4 1 1681358 981726
2 0.888010 1311 91 1653656 1012607
2 0.889008 8141 2 1502586 1129993
2 0.890009 2 1 1684141 986259
2 0.891008 9840 116 1478978 1179859
2 0.892009 1 1 1684262 993682
2 0.893009 9833 130 1465832 1186073
2 0.894009 3 3 1678754 992544
2 0.895011 9842 96 1476563 1176436
2 0.896008 2 1 1681176 983681
2 0.897009 9822 84 1472732 1172480
2 0.898010 2 1 1689053 992209
2 0.899009 9820 102 1481076 1172032
2 0.900011 1 1 1684747 985141
2 0.901010 9870 118 1463247 1178856
2 0.902011 6 2 1678350 988195
2 0.903009 9805 96 1489215 1168418
2 0.904009 1 3 1680938 979286
2 0.905007 6419 95 1539853 1110514
2 0.906010 3036 6 1630551 1030293
2 0.907009 3 1 1683927 987638
2 0.908009 9761 93 1481987 1173150
2 0.909008 3 1 1679212 981555
2 0.910009 9823 93 1473663 1173121
2 0.911009 3 1 1688737 987722
2 0.912010 9808 105 1490353 1165587
2 0.913008 1 0 1671487 979210
2 0.914010 9824 98 1483815 1172338
2 0.915009 1 0 1681430 983150
2 0.916010 9741 128 1480120 1181279
2 0.917007 1 4 1670087 979246
2 0.918008 9774 101 1497804 1169549
2 0.919009 2 2 1690102 990131
2 0.920010 9836 94 1497613 1154036
2 0.921009 1 1 1673192 982777
2 0.922012 9738 119 1497139 1172009
2 0.923009 3 1 1678429 982935
2 0.924009 7041 93 1541328 1122611
2 0.925009 2487 4 1622377 1020374
2 0.926009 2 2 1684976 984199
2 0.927009 9823 125 1486569 1166261
2 0.928010 3 2 1689382 988906
2 0.929009 9844 107 1479272 1166429
2 0.930015 2 2 1692912 986888
2 0.931011 9711 100 1479113 1171480
2 0.932009 2 0 1684018 981316
2 0.933009 9657 89 1489099 1161575
2 0.934008 2 0 1683166 976342
2 0.935010 9689 128 1492971 1165792
2 0.936009 3 0 1680370 979054
2 0.937009 9837 117 1472967 1168067
2 0.938008 2 0 1682788 984519
2 0.939009 9851 98 1481027 1179914
2 0.940008 2 0 1684727 981970
2 0.941008 9870 98 1466301 1164175
2 0.942009 2 0 1685109 981884
2 0.943010 6667 98 1551906 1108186
2 0.944009 2548 2 1618690 1029566
2 0.945008 2 3 1676623 985511
2 0.946011 9832 111 1488229 1176914
2 0.947009 3 0 1679187 980989
2 0.948009 9833 119 1487626 1168868
2 0.949009 3 2 1673515 988768
2 0.950009 9815 111 1473224 1188539
2 0.951009 2 2 1682486 988208
2 0.952010 9761 113 1487032 1174242
2 0.953008 2 2 1676031 982882
2 0.954010 9802 101 1477025 1182170
2 0.955009 2 3 1415594 1202268
2 0.956010 9163 97 1284636 1338093
2 0.957009 261 7 1395791 1200389
2 0.958009 2 0 1394473 1225783
2 0.959010 9868 105 1258552 1349437
2 0.960009 3 0 1406330 1210147
2 0.961009 9558 101 1256664 1344013
2 0.962010 2 0 1400509 1222673
2 0.963009 7 1 1413800 1213054
2 0.964009 9799 62 1274637 1352772
2 0.965008 2 1 1382825 1225328
2 0.966010 9869 101 1272203 1347511
2 0.967010 2 1 1391124 1229298
2 0.968010 3 2 1392948 1232740
2 0.969008 9790 89 1258356 1334355
2 0.970010 2 0 1411234 1213431
2 0.971010 9793 107 1266793 1354301
2 0.972008 2 0 1391082 1215795
2 0.973009 2 0 1400579 1221912
2 0.974009 9802 121 1261259 1358665
2 0.975009 1 0 1402768 1228780
2 0.976009 9837 93 1276242 1350904
2 0.977009 2 0 1386479 1223141
2 0.978010 3 2 1400470 1226890
2 0.979010 9885 89 1265967 1348129
2 0.980009 4 0 1400419 1222413
2 0.981009 9820 128 1256013 1354985
2 0.982009 3 1 1397466 1219040
2 0.983009 7 1 1405023 1220241
2 0.984009 9816 44 1252167 1358703
2 0.985007 4 0 1396455 1209136
2 0.986010 9854 100 1280636 1342556
2 0.987009 2 1 1397986 1214762
2 0.988010 4 1 1407854 1221459
2 0.989010 9800 109 1267423 1327834
2 0.990007 1 1 1396956 1222693
2 0.991009 9764 95 1287764 1337633
2 0.992010 2 1 1406224 1217570
2 0.993009 3 2 1394063 1218319
2 0.994009 9815 70 1259878 1357797
2 0.995008 2 0 1395314 1228455
2 0.996009 9808 90 1258466 1362445
2 0.997008 3 0 1400364 1214879
2 0.998010 1 1 1402511 1214625
2 0.999010 9844 96 1277244 1334190
2 1.000009 3 1 1391800 1231968
2 1.001007 9848 124 1258190 1342655
2 1.002009 1 0 1396070 1226012
2 1.003009 1 0 1402719 1232082
2 1.004008 9874 80 1274103 1333897
2 1.005010 1 0 1417609 1200613
2 1.006010 9856 81 1277945 1333799
2 1.007010 2 1 1396049 1217954
2 1.008010 2 0 1397139 1221106
2 1.009010 9891 91 1261650 1341073
2 1.010009 2 2 1400050 1226953
2 1.011009 9809 68 1272038 1345845
2 1.012010 2 1 1405766 1221939
2 1.013007 2 2 1405183 1211575
2 1.014008 9881 116 1260141 1359375
2 1.015008 3 2 1400705 1233254
2 1.016009 9850 93 1271338 1358568
2 1.017010 4 2 1391511 1220710
2 1.018010 4 2 1402820 1227948
2 1.019008 9901 106 1267759 1342923
2 1.020009 3 1 1405713 1220899
2 1.021008 9895 104 1256610 1339939
2 1.022011 3 0 1407063 1228273
2 1.023010 3 2 1407044 1210238
2 1.024008 9889 131 1269337 1345308
2 1.025008 2 2 1404526 1211243
2 1.026010 9795 67 1260907 1353096
2 1.027009 3 1 1392385 1232128
2 1.028010 2 0 1401315 1228544
2 1.029008 9876 104 1265957 1333140
2 1.030009 3 0 1403154 1233704
2 1.031008 9821 92 1278612 1347826
2 1.032007 2 0 1420580 1221116
2 1.033008 5 0 1403833 1221049
2 1.034007 9861 116 1278309 1341773
2 1.035009 5 1 1406525 1227213
2 1.036009 9859 116 1269253 1345104
2 1.037008 2 0 1399491 1211776
2 1.038010 3 1 1409248 1219068
2 1.039011 9774 94 1260975 1351478
2 1.040009 3 2 1414158 1208723
2 1.041009 9838 139 1264727 1347799
2 1.042008 3 0 1404936 1225591
2 1.043011 3 2 1409494 1229778
2 1.044008 9828 73 1263825 1343905
2 1.045008 4 1 1398093 1228389
2 1.046008 9818 101 1257444 1356092
2 1.047008 2 2 1390983 1239953
2 1.048010 456 114 1400320 1233104
2 1.049010 9025 11 1280717 1328926
2 1.050008 4 1 1401272 1217814
2 1.051010 9823 99 1274609 1347698
2 1.052009 3 0 1395340 1218084
2 1.053009 1924 96 1362437 1250466
2 1.054009 7539 9 1304492 1299580
2 1.055009 1 1 1407546 1226398
2 1.056007 9848 99 1273470 1340123
2 1.057009 4 0 1402648 1218763
2 1.058009 6269 105 1329688 1295202
2 1.059009 3126 2 1362934 1240466
2 1.060009 2 3 1404090 1216989
2 1.061007 9845 109 1253739 1344180
2 1.062008 3 1 1402313 1227566
2 1.063009 7954 104 1295664 1323839
2 1.064011 1233 3 1395346 1220386
2 1.065009 4 2 1392172 1211690
2 1.066008 9841 125 1268997 1343851
2 1.067009 4 1 1402785 1222681
2 1.068010 9818 123 1275493 1348066
2 1.069009 4 2 1398861 1207115
2 1.070009 2 0 1404075 1221193
2 1.071009 9784 99 1267941 1342706
2 1.072009 8 0 1412368 1211836
2 1.073007 9767 88 1261264 1334667
2 1.074010 3 0 1408284 1219045
2 1.075009 2 1 1406434 1220190
2 1.076009 9809 136 1275051 1346009
2 1.077007 2 1 1381288 1211001
2 1.078009 9811 89 1262108 1356890
2 1.079010 2 1 1401684 1229477
2 1.080010 1 1 1402770 1216115
2 1.081008 9857 131 1256541 1339657
2 1.082009 6 1 1396053 1237797
2 1.083009 9851 116 1266510 1353842
2 1.084009 3 2 1396814 1220175
2 1.085008 5 1 1400742 1214192
2 1.086008 9849 105 1267257 1349347
2 1.087009 2 1 1403249 1223158
2 1.088010 9860 96 1281030 1348028
2 1.089007 1 1 1391498 1220760
2 1.090009 3 0 1394424 1231184
2 1.091009 9868 105 1258299 1356833
2 1.092010 2 0 1409874 1219084
2 1.093010 9797 85 1266815 1348084
2 1.094009 3 1 1403514 1209155
2 1.095008 2 1 1396232 1223231
2 1.096008 9795 89 1268398 1345275
2 1.097010 2 1 1406239 1216987
2 1.098011 9795 98 1277393 1343178
2 1.099009 4 2 1408003 1207668
2 1.100009 2 0 1400806 1220643
2 1.101009 9847 91 1272789 1334352
2 1.102010 2 1 1402027 1225348
2 1.103011 9845 118 1277487 1342628
2 1.104009 1 1 1408124 1213220
2 1.105008 5 1 1402957 1216572
2 1.106009 9821 93 1266293 1341760
2 1.107008 1 2 1409013 1214550
2 1.108008 9847 109 1270088 1347846
2 1.109010 3 2 1405072 1219220
2 1.110009 3 1 1400876 1224663
2 1.111008 9829 80 1266004 1342972
2 1.112009 3 1 1402851 1224631
2 1.113008 9828 98 1264590 1344218
2 1.114009 1 0 1400992 1211506
2 1.115009 2 0 1400120 1227234
2 1.116011 9800 82 1273685 1346064
2 1.117010 3 0 1400529 1213842
2 1.118011 9845 68 1279221 1342065
2 1.119009 2 0 1392397 1225972
2 1.120011 3 1 1393679 1238314
2 1.121008 9852 103 1260584 1340435
2 1.122011 3 1 1413538 1215181
2 1.123008 9857 104 1280684 1342317
2 1.124010 3 1 1410113 1221470
2 1.125010 2 0 1392563 1224928
2 1.126009 9901 102 1282587 1330623
2 1.127010 1 1 1413231 1212893
2 1.128010 9821 91 1272986 1342489
2 1.129008 3 2 1402259 1224751
2 1.130011 5 0 1395655 1238395
2 1.131009 9842 105 1273300 1346892
2 1.132009 4 0 1404500 1226957
2 1.133008 9786 87 1263613 1346122
2 1.134008 1 4 1407230 1209581
2 1.135010 3 1 1424527 1217329
2 1.136009 9892 139 1291463 1327907
2 1.137009 6 3 1389078 1219456
2 1.138008 9895 123 1290496 1321748
2 1.139008 3 0 1422902 1222490
2 1.140008 5817 106 1338821 1294619
2 1.141007 3533 8 1364184 1231937
2 1.142008 2 0 1410327 1221113
2 1.143009 9827 126 1271452 1351545
2 1.144010 3 1 1392403 1232984
2 1.145010 7651 99 1280917 1329443
2 1.146010 1706 3 1376754 1234197
2 1.147011 3 0 1406797 1230421
2 1.148010 9585 103 1269849 1349262
2 1.149010 3 1 1399434 1220498
2 1.150011 9628 116 1266580 1350670
2 1.151010 2 2 1396669 1207153
2 1.152008 1 0 1389944 1218834
2 1.153009 9744 124 1255173 1345213
2 1.154009 2 0 1392321 1231571
2 1.155009 9426 95 1271754 1348088
2 1.156009 2 0 1402578 1223326
2 1.157009 4 0 1398200 1216902
2 1.158009 9779 73 1264851 1347907
2 1.159011 1 1 1413538 1222018
2 1.160009 9831 87 1267144 1336042
2 1.161009 2 1 1401574 1208698
2 1.162008 2 0 1394253 1215751
2 1.163008 9786 93 1262514 1344828
2 1.164010 1 0 1405721 1217041
2 1.165009 9754 133 1262403 1338100
2 1.166008 3 0 1390345 1229049
2 1.167007 4 1 1407457 1217393
2 1.168008 9777 111 1258495 1345824
2 1.169008 2 0 1393945 1222311
2 1.170009 9830 112 1268269 1357026
2 1.171011 1 1 1408917 1220930
2 1.172010 1 1 1409827 1218813
2 1.173008 9802 99 1256716 1336505
2 1.174008 2 0 1392184 1236503
2 1.175009 9690 104 1265261 1350122
2 1.176007 5 0 1380713 1220350
2 1.177009 4 0 1402874 1218299
2 1.178008 9733 131 1264338 1341863
2 1.179009 1 2 1405174 1222871
2 1.180009 9816 93 1274013 1343343
2 1.181009 3 1 1399904 1215340
2 1.182009 3 2 1408140 1216150
2 1.183009 9769 79 1273366 1341179
2 1.184010 5 1 1404415 1216135
2 1.185008 9846 130 1272180 1340557
2 1.186008 1 0 1413111 1219323
2 1.187008 7 1 1405671 1224999
2 1.188009 9736 101 1274093 1347295
2 1.189008 2 1 1401257 1213355
2 1.190010 9809 101 1297580 1338763
2 1.191008 2 1 1408096 1216905
2 1.192011 3 2 1403790 1230200
2 1.193008 9852 116 1271724 1327927
2 1.194009 3 0 1412531 1204631
2 1.195009 9767 127 1272346 1352506
2 1.196009 1 0 1403981 1221118
2 1.197009 2 2 1395528 1210623
2 1.198008 9844 115 1271382 1343361
2 1.199009 3 0 1401085 1225280
2 1.200009 9844 100 1259523 1358987
2 1.201008 1 1 1401224 1206803
2 1.202009 2 2 1410810 1218648
2 1.203010 9865 93 1257670 1356227
2 1.204009 3 0 1397556 1237928
2 1.205009 9791 92 1273676 1340974
2 1.206009 3 1 1397783 1221635
2 1.207009 2 1 1404545 1225359
2 1.208009 9853 110 1272276 1346819
2 1.209009 2 0 1393164 1219078
2 1.210011 9889 99 1275014 1353405
2 1.211009 2 3 1393640 1226198
2 1.212010 2 2 1401871 1231991
2 1.213009 9871 142 1268519 1335506
2 1.214008 3 2 1404414 1220817
2 1.215011 9814 75 1269518 1359348
2 1.216008 3 0 1400849 1223251
2 1.217008 3 3 1398920 1230187
2 1.218010 9864 132 1272447 1350072
2 1.219010 2 3 1411524 1218667
2 1.220010 9886 116 1271735 1343775
2 1.221008 1 1 1397548 1218076
2 1.222010 3 1 1404279 1232231
2 1.223010 9707 106 1275504 1337914
2 1.224009 3 2 1404240 1214361
2 1.225010 9750 122 1284296 1330044
2 1.226009 3 3 1412566 1214350
2 1.227010 3 0 1403749 1221766
2 1.228010 9790 109 1270765 1331022
2 1.229010 2 0 1405204 1216511
2 1.230011 9831 113 1270980 1349787
2 1.231010 1 0 1401330 1228507
2 1.232010 2809 90 1367446 1262318
2 1.233008 6425 5 1312833 1284621
2 1.234010 3 0 1396533 1237951
2 1.235009 9850 125 1257178 1354208
2 1.236009 4 0 1392471 1231908
2 1.237009 3171 89 1356249 1260040
2 1.238010 6311 4 1331126 1281332
2 1.239010 2 0 1401948 1224698
2 1.240009 9801 121 1242288 1362938
2 1.241008 3 1 1394240 1222476
2 1.242010 4702 115 1346500 1290563
2 1.243010 4820 8 1340858 1274279
2 1.244008 3 1 1406848 1217727
2 1.245009 9885 94 1271620 1330865
2 1.246010 3 2 1409299 1225010
2 1.247010 8978 89 1287301 1332721
2 1.248010 597 6 1393112 1215991
2 1.249009 1 0 1411766 1213588
2 1.250009 9838 106 1270875 1350779
2 1.251008 1 1 1390653 1224218
2 1.252008 9837 104 1278126 1340703
2 1.253010 4 0 1399438 1209906
2 1.254010 2 0 1403013 1226926
2 1.255008 9898 113 1283378 1330137
2 1.256009 2 0 1408508 1217541
2 1.257010 9835 127 1262034 1337779
2 1.258008 2 1 1390537 1229025
2 1.259011 3 2 1414855 1222455
2 1.260009 9780 132 1271829 1336157
2 1.261008 2 2 1396934 1216843
2 1.262008 9789 105 1282314 1336350
2 1.263010 4 0 1408562 1213820
2 1.264007 2 0 1390520 1228003
2 1.265008 9854 89 1264760 1342025
2 1.266009 2 0 1402370 1220875
2 1.267008 9823 102 1280213 1347043
2 1.268008 2 0 1407607 1214705
2 1.269008 4 2 1397361 1220754
2 1.270010 9885 91 1273581 1350245
2 1.271009 3 1 1410651 1227013
2 1.272010 9867 92 1266344 1359073
2 1.273009 2 1 1389334 1223128
2 1.274011 5 0 1404881 1214468
2 1.275009 9867 112 1263030 1342334
2 1.276009 4 1 1421236 1213147
2 1.277010 9829 122 1288933 1335084
2 1.278009 1 1 1423802 1208532
2 1.279011 3 1 1424257 1214207
2 1.280010 9791 97 1279753 1337016
2 1.281008 3 0 1413347 1204345
2 1.282008 9854 120 1271200 1351773
2 1.283008 3 0 1424253 1207454
2 1.284008 1 1 1418551 1217607
2 1.285010 9798 62 1273976 1344899
2 1.286008 3 2 1410260 1213362
2 1.287010 9845 124 1280948 1350962
2 1.288008 5 2 1407549 1212235
2 1.289009 4 2 1408639 1218550
2 1.290008 9866 115 1253005 1371796
2 1.291008 3 0 1411009 1220639
2 1.292011 9681 110 1268306 1361358
2 1.293007 2 2 1401965 1202971
2 1.294010 65 102 1423561 1233110
2 1.295009 9506 9 1284762 1324198
2 1.296008 2 0 1408516 1221893
2 1.297007 9796 67 1276366 1336186
2 1.298009 3 2 1413420 1206543
2 1.299011 6249 111 1331666 1302741
2 1.300009 3232 5 1356870 1252104
2 1.301009 4 0 1415719 1204354
2 1.302009 9843 126 1269569 1358529
2 1.303010 2 2 1408031 1220558
2 1.304010 9862 136 1271649 1356592
2 1.305009 3 1 1403209 1206390
2 1.306009 1 0 1420155 1230725
2 1.307010 9811 113 1281156 1349409
2 1.308008 3 1 1406114 1226784
2 1.309008 9806 118 1275261 1342526
2 1.310009 4 2 1404830 1219593
2 1.311009 3 2 1408790 1221317
2 1.312010 9834 105 1272855 1345098
2 1.313007 2 2 1404748 1210343
2 1.314010 9748 98 1256455 1376108
2 1.315009 3 0 1393534 1225190
2 1.316010 3 3 1414304 1232890
2 1.317009 9863 129 1261614 1343972
2 1.318009 2 1 1416349 1215344
2 1.319011 9763 134 1278827 1346336
2 1.320007 2 1 1424707 1200960
2 1.321008 3 1 1411664 1208236
2 1.322008 9676 119 1269980 1351631
2 1.323008 4 0 1406630 1208007
2 1.324009 9807 74 1262043 1356038
2 1.325010 4 1 1405310 1211528
2 1.326009 2 2 1416334 1208086
2 1.327009 9863 76 1269269 1346596
2 1.328009 6 0 1414614 1209738
2 1.329007 9797 126 1272431 1333294
2 1.330008 4 3 1413641 1209316
2 1.331010 4 0 1420422 1212538
2 1.332009 9875 104 1267704 1346146
2 1.333008 5 2 1410925 1210212
2 1.334009 9858 117 1275671 1344613
2 1.335009 3 0 1420379 1213497
2 1.336008 3 2 1408341 1216044
2 1.337009 9841 126 1279557 1325942
2 1.338009 2 1 1431348 1198455
2 1.339009 9791 110 1271703 1348221
2 1.340009 3 0 1410363 1214178
2 1.341008 1 0 1411080 1203112
2 1.342008 9844 116 1288030 1336548
2 1.343008 2 0 1421500 1208530
2 1.344009 9866 104 1285878 1341994
2 1.345008 2 0 1410139 1214583
2 1.346010 6792 118 1328060 1290139
2 1.347008 2662 4 1382000 1230711
2 1.348008 4 1 1414906 1207039
2 1.349008 9800 133 1290659 1319870
2 1.350009 5 1 1424049 1205605
2 1.351009 9792 113 1278446 1341169
2 1.352008 4 1 1415467 1208890
2 1.353008 3 1 1403147 1218099
2 1.354010 9825 91 1283197 1341819
2 1.355010 1 1 1426035 1204530
2 1.356009 9632 112 1281013 1342861
2 1.357009 10 3 1325217 1141450
2 1.358008 1 2 1412429 1218990
2 1.359009 9627 116 1265392 1354317
2 1.360008 5 2 1412482 1208267
2 1.361009 9762 117 1278720 1338665
2 1.362008 2 0 1406492 1210091
2 1.363008 6 0 1400326 1221122
2 1.364007 9806 108 1257359 1340470
2 1.365008 8 0 1409998 1215916
2 1.366009 9830 106 1266417 1355201
2 1.367011 1 1 1422330 1218969
2 1.368009 1 2 1415447 1217758
2 1.369009 9875 114 1262867 1353236
2 1.370008 1 2 1399232 1223737
2 1.371009 9774 40 1293665 1340808
2 1.372009 3 0 1401967 1220478
2 1.373007 2 4 1407374 1213808
2 1.374009 9841 112 1283296 1337226
2 1.375008 4 0 1412575 1214309
2 1.376009 9781 117 1282220 1343387
2 1.377009 2 1 1406034 1207664
2 1.378009 3 3 1404179 1229248
2 1.379009 9821 113 1276509 1340357
2 1.380009 5 0 1424871 1200917
2 1.381009 9805 134 1270738 1341694
2 1.382009 1 0 1420807 1208084
2 1.383011 2 0 1413071 1224519
2 1.384009 9876 100 1268839 1339856
2 1.385007 1 2 1404499 1211019
2 1.386010 9843 108 1284461 1337160
2 1.387008 2 2 1406257 1215143
2 1.388008 5 0 1406230 1227529
2 1.389009 9852 86 1260528 1353525
2 1.390010 5 0 1419192 1206686
2 1.391010 9870 123 1276454 1338407
2 1.392009 2 0 1415366 1204632
2 1.393009 3722 105 1351437 1266988
2 1.394009 5763 4 1324939 1283441
2 1.395009 3 0 1410990 1219895
2 1.396009 9825 93 1270063 1346481
2 1.397010 2 0 1405057 1218884
2 1.398010 7556 97 1304174 1330572
2 1.399009 1819 7 1387626 1227870
2 1.400011 2 2 1415813 1224886
2 1.401009 9826 126 1262286 1345145
2 1.402010 4 0 1408311 1225133
2 1.403009 9760 63 1270651 1356736
2 1.404010 4 1 1414499 1221104
2 1.405009 7 1 1406949 1210066
2 1.406009 9828 86 1266455 1347014
2 1.407008 2 3 1408855 1211188
2 1.408009 9820 82 1284896 1332544
2 1.409008 2 0 1416202 1201863
2 1.410011 2 2 1422166 1210766
2 1.411009 9833 99 1276257 1332432
2 1.412009 3 0 1421342 1207457
2 1.413007 9812 102 1275526 1338104
2 1.414009 1 0 1410501 1217280
2 1.415009 3 1 1411755 1217455
2 1.416009 9804 114 1273050 1339190
2 1.417008 3 2 1399611 1219473
2 1.418010 9870 106 1276217 1346303
2 1.419008 3 1 1399234 1211772
2 1.420008 3 0 1408106 1221704
2 1.421009 9845 137 1266188 1338935
2 1.422009 3 1 1423257 1206631
2 1.423010 9831 124 1268576 1355849
2 1.424009 2 0 1399165 1223345
2 1.425008 2 1 1401698 1227267
2 1.426009 9793 99 1296356 1336953
2 1.427008 3 0 1414181 1225937
2 1.428008 9809 100 1292518 1328416
2 1.429007 2 1 1408776 1220203
2 1.430007 3 1 1419391 1223943
2 1.431010 9777 107 1294264 1344284
2 1.432008 6 2 1421357 1211483
2 1.433008 9832 83 1291380 1323541
2 1.434007 2 0 1427149 1203727
2 1.435007 4918 93 1370228 1261795
2 1.436009 4607 5 1360437 1254907
2 1.437008 4 0 1419316 1199892
2 1.438008 9803 109 1309152 1314329
2 1.439007 2 2 1439258 1195360
2 1.440009 9788 114 1315561 1324182
2 1.441008 2 2 1420781 1205149
2 1.442009 1 0 1433395 1216528
2 1.443008 9716 63 1311512 1315341
2 1.444009 3 0 1429426 1202687
2 1.445009 9789 142 1314558 1308998
2 1.446008 2 0 1426781 1208384
2 1.447008 3 1 1423421 1222601
2 1.448008 9745 129 1304856 1317330
2 1.449008 2 1 1426614 1210251
2 1.450009 9744 137 1295910 1333648
2 1.451008 3 1 1410799 1223794
2 1.452008 3 0 1417276 1228154
2 1.453008 9694 107 1300840 1322839
2 1.454009 3 1 1425802 1212558
2 1.455008 9733 79 1292960 1339785
2 1.456008 3 0 1424390 1223364
2 1.457009 8617 116 1308619 1320886
2 1.458008 1006 3 1419372 1214088
2 1.459009 2 0 1424622 1214445
2 1.460008 9840 106 1300886 1324219
2 1.461008 2 0 1417491 1211349
2 1.462009 9805 114 1325694 1316998
2 1.463007 1 2 1422269 1215317
2 1.464008 4 0 1434405 1211421
2 1.465009 9799 106 1305367 1318904
2 1.466008 2 0 1426187 1217893
2 1.467008 9749 122 1301974 1325313
2 1.468007 1 3 1416698 1217754
2 1.469008 3 1 1425648 1212059
2 1.470009 9836 91 1288334 1342095
2 1.471007 3 0 1426288 1212786
2 1.472008 9740 102 1282065 1355714
2 1.473008 5 0 1419966 1212193
2 1.474009 1 2 1439745 1218495
2 1.475009 9762 105 1296321 1338348
2 1.476008 4 0 1432760 1220757
2 1.477009 9741 115 1314138 1312631
2 1.478009 2 2 1437139 1208067
2 1.479009 9785 98 1310125 1331424
2 1.480010 2 2 1432675 1209136
2 1.481009 2 0 1425460 1211220
2 1.482008 9760 116 1298810 1324816
2 1.483008 3 1 1438139 1207814
2 1.484008 9856 114 1288427 1343107
2 1.485006 3 0 1409607 1204516
2 1.486008 2 0 1431760 1216258
2 1.487007 9720 82 1308806 1323092
2 1.488009 2 0 1436621 1213178
2 1.489009 9773 131 1296559 1329116
2 1.490009 3 1 1429373 1216344
2 1.491007 3 0 1428836 1216230
2 1.492009 9815 106 1305840 1336580
2 1.493007 3 1 1428987 1200186
2 1.494008 9893 112 1314497 1325540
2 1.495008 2 3 1429510 1216648
2 1.496009 8671 108 1332731 1301553
2 1.497007 791 5 1411128 1191998
2 1.498008 3 0 1434616 1209420
2 1.499009 9857 116 1308570 1328658
2 1.500008 3 1 1432077 1213450
2 1.501007 9878 117 1303195 1316151
2 1.502008 3 1 1419956 1224642
2 1.503008 2 0 1424608 1222120
2 1.504008 9764 101 1271165 1348629
2 1.505009 2 3 1401291 1213498
2 1.506009 9837 67 1282032 1336674
2 1.507009 3 0 1420410 1207582
2 1.508009 1 1 1414618 1223048
2 1.509009 9788 86 1266638 1340703
2 1.510009 3 0 1415540 1214408
2 1.511009 9835 101 1269119 1347678
2 1.512009 1 0 1405578 1220599
2 1.513009 3 2 1404048 1224703
2 1.514009 9792 96 1277537 1349322
2 1.515010 1 0 1418588 1213480
2 1.516010 9664 94 1277464 1348980
2 1.517009 2 0 1399239 1214345
2 1.518009 2 0 1404218 1222822
2 1.519008 9801 125 1273321 1350009
2 1.520009 3 1 1407156 1229495
2 1.521009 9825 111 1280412 1337170
2 1.522008 2 0 1412512 1214400
2 1.523009 3 1 1425784 1203691
2 1.524011 9782 112 1272462 1345984
2 1.525009 2 1 1405916 1212571
2 1.526008 9864 114 1273991 1335683
2 1.527010 2 1 1412477 1225006
2 1.528009 1382 95 1392921 1236092
2 1.529007 8046 7 1303078 1297718
2 1.530011 3 1 1421290 1210347
2 1.531008 9817 134 1271994 1347849
2 1.532008 2 1 1404882 1217146
2 1.533008 6641 144 1316050 1299173
2 1.534010 2864 4 1366382 1242546
2 1.535009 5 0 1399615 1223580
2 1.536008 9839 111 1272898 1349879
2 1.537008 5 0 1393811 1220536
2 1.538008 8705 85 1284615 1341576
2 1.539008 801 4 1391950 1221343
2 1.540009 4 2 1417755 1213762
2 1.541010 9812 81 1266111 1344095
2 1.542009 2 2 1417453 1204292
2 1.543009 9866 106 1286656 1330149
2 1.544009 4 1 1400033 1216836
2 1.545009 4 2 1421755 1206353
2 1.546009 9889 123 1272640 1348192
2 1.547010 3 0 1416590 1215902
2 1.548010 9821 113 1282134 1333268
2 1.549010 1 1 1396484 1221849
2 1.550009 3 0 1399953 1216199
2 1.551009 9873 117 1261935 1362799
2 1.552009 4 1 1407555 1221408
2 1.553009 9878 103 1197482 1259617
2 1.554008 3 1 1412682 1208660
2 1.555009 4 1 1403319 1227048
2 1.556008 9813 76 1267430 1355169
2 1.557010 4 2 1395230 1215496
2 1.558008 9884 113 1262099 1353477
2 1.559008 3 0 1404401 1215182
2 1.560009 3 0 1404486 1224321
2 1.561008 9851 91 1257181 1348524
2 1.562008 3 0 1418810 1209356
2 1.563009 9815 88 1281776 1348467
2 1.564009 3 1 1414229 1207057
2 1.565009 3 2 1408038 1208552
2 1.566010 9875 60 1270743 1351412
2 1.567009 3 0 1393749 1217866
2 1.568009 9884 130 1271011 1342072
2 1.569007 1 0 1408808 1193737
2 1.570008 3 1 1430093 1201837
2 1.571008 9836 120 1277097 1335128
2 1.572009 2 1 1427743 1204806
2 1.573008 9858 95 1278118 1337450
2 1.574007 1 1 1407583 1218531
2 1.575010 3 0 1422713 1221765
2 1.576009 9795 105 1271060 1340828
2 1.577008 2 0 1413193 1215471
2 1.578009 9791 99 1276147 1351673
2 1.579009 1 1 1420692 1206476
2 1.580008 2 1 1403080 1224587
2 1.581008 9780 91 1261638 1352825
2 1.582009 3 0 1419965 1207231
2 1.583009 9827 110 1289165 1335334
2 1.584009 1 0 1412171 1214932
2 1.585009 183 88 1407197 1221789
2 1.586008 9246 9 1292015 1315573
2 1.587007 3 2 1406874 1214130
2 1.588009 9872 98 1288515 1343537
2 1.589009 2 1 1410221 1211101
2 1.590009 7581 93 1314401 1304768
2 1.591008 1856 4 1385457 1222668
2 1.592009 0 0 1419816 1215563
2 1.593009 9769 93 1279097 1329930
2 1.594009 3 2 1410849 1223769
2 1.595010 9828 113 1283084 1350623
2 1.596009 3 0 1400234 1223591
2 1.597007 9 0 1403730 1213521
2 1.598007 9844 101 1282991 1342485
2 1.599009 2 2 1330756 1258468
2 1.600009 5288 114 1226387 1353905
2 1.601009 4144 6 1261139 1309579
2 1.602009 1 1 1341772 1251767
2 1.603009 9801 124 1160265 1420245
2 1.604008 3 2 1326819 1252378
2 1.605009 6 1 1331547 1255243
2 1.606009 9893 137 1155732 1428644
2 1.607008 2 1 1319916 1257635
2 1.608009 8872 150 1173928 1414094
2 1.609010 680 3 1318408 1250846
2 1.610009 3 2 1320341 1262737
2 1.611009 9773 57 1148834 1424857
2 1.612009 1 1 1326405 1261024
2 1.613007 2 1 1326951 1245492
2 1.614008 9821 135 1156774 1432231
2 1.615009 1 0 1340183 1254152
2 1.616010 9859 146 1154990 1429457
2 1.617008 4 4 1304550 1258257
2 1.618008 5 0 1331900 1253155
2 1.619008 9861 136 1158360 1421166
2 1.620008 2 2 1316022 1261215
2 1.621009 3 2 1321504 1256717
2 1.622008 9855 92 1155383 1422707
2 1.623009 2 0 1322300 1261575
2 1.624009 9869 95 1140472 1438222
2 1.625008 1 0 1322309 1253669
2 1.626008 2 2 1319758 1265727
2 1.627008 9861 126 1141824 1448692
2 1.628009 1 0 1317706 1259556
2 1.629007 4 0 1328203 1247588
2 1.630009 9871 116 1161807 1421291
2 1.631009 2 2 1329352 1254244
2 1.632009 9883 141 1168728 1414870
2 1.633009 4 1 1318540 1251805
2 1.634010 1 2 1326791 1260078
2 1.635010 9801 106 1165611 1420748
2 1.636009 5 2 1327552 1255452
2 1.637008 1 2 1325528 1247995
2 1.638009 9858 138 1150181 1435654
2 1.639009 2 2 1322751 1263310
2 1.640009 9889 101 1151675 1438751
2 1.641007 4 3 1320953 1247426
2 1.642009 1 0 1324986 1265106
2 1.643009 9911 121 1145364 1438063
2 1.644009 1 2 1327495 1247459
2 1.645008 1 3 1329495 1247818
2 1.646008 9835 137 1146106 1436423
2 1.647008 2 3 1331313 1248156
2 1.648010 9827 97 1147750 1433312
2 1.649008 1 2 1317926 1253437
2 1.650009 1 1 1325951 1257591
2 1.651010 9776 140 1168897 1410055
2 1.652009 2 0 1332951 1248165
2 1.653008 2 2 1325434 1249505
2 1.654010 9823 96 1155203 1431886
2 1.655009 2 0 1325450 1257661
2 1.656009 9794 103 1153549 1423196
2 1.657008 1 3 1314637 1253904
2 1.658009 1 0 1321487 1276150
2 1.659009 9887 125 1162979 1417290
2 1.660009 1 0 1324290 1254783
2 1.661008 2 1 1326109 1255568
2 1.662008 9883 121 1154638 1426923
2 1.663010 2 0 1330267 1257553
2 1.664010 9874 111 1169123 1414552
2 1.665008 1 1 1323265 1246957
2 1.666008 1 1 1327873 1262036
2 1.667009 9909 136 1144041 1436209
2 1.668009 3 1 1326718 1248750
2 1.669009 1 1 1315278 1256659
2 1.670008 9864 114 1141218 1437290
2 1.671010 2 0 1327433 1261178
2 1.672009 9830 77 1146962 1439229
2 1.673007 2 1 1321932 1247159
2 1.674008 2 0 1336404 1243398
2 1.675009 9893 147 1157324 1428825
2 1.676010 1 2 1322910 1256614
2 1.677009 1 3 1315894 1252013
2 1.678008 9729 108 1158169 1426502
2 1.679009 2 0 1329988 1265997
2 1.680010 9862 137 1165273 1421556
2 1.681008 2 2 1320205 1254279
2 1.682010 2 1 1326339 1264609
2 1.683008 9880 90 1148350 1437292
2 1.684008 2 0 1326624 1267721
2 1.685008 2 0 1333787 1239016
2 1.686009 9870 103 1171679 1413976
2 1.687009 6 1 1326417 1264746
2 1.688010 9896 94 1149028 1434277
2 1.689009 1 2 1320713 1250411
2 1.690009 3 2 1331979 1253149
2 1.691008 9868 111 1147536 1433827
2 1.692009 2 3 1325795 1257892
2 1.693010 3 1 1323679 1255355
2 1.694009 9897 12 1166716 1402615
2 1.695009 2 0 1327045 1251691
2 1.696009 9856 111 1162498 1427713
2 1.697009 2 2 1328317 1253558
2 1.698010 2 1 1320631 1265269
2 1.699009 9841 112 1153017 1428880
2 1.700009 3 1 1322449 1265485
2 1.701008 1815 123 1291499 1286358
2 1.702009 7790 4 1198759 1379107
2 1.703009 3 2 1339772 1254998
2 1.704009 9762 81 1169979 1414126
2 1.705008 2 2 1320597 1248704
2 1.706008 2 2 1327186 1259708
2 1.707009 9832 154 1148381 1437655
2 1.708009 3 2 1332471 1250524
2 1.709008 5243 103 1228219 1348414
2 1.710010 4265 8 1258979 1321636
2 1.711009 2 3 1312342 1270505
2 1.712009 9859 142 1152749 1442853
2 1.713008 2 0 1316473 1258767
2 1.714008 3 0 1333055 1252420
2 1.715007 9813 131 1153513 1423412
2 1.716009 1 2 1320035 1265211
2 1.717008 5241 125 1222915 1347717
2 1.718010 4425 5 1254835 1328492
2 1.719008 2 0 1322100 1259766
2 1.720010 9835 149 1149381 1434097
2 1.721007 1 3 1323671 1250259
2 1.722010 3 0 1334402 1252422
2 1.723008 9915 118 1162829 1417151
2 1.724009 4 1 1321103 1271366
2 1.725008 7286 73 1199409 1377988
2 1.726009 2290 5 1275079 1289942
2 1.727009 2 2 1325118 1263836
2 1.728009 9828 117 1157165 1426044
2 1.729009 2 1 1321300 1254173
2 1.730009 1 2 1337290 1256886
2 1.731008 9815 142 1153338 1430618
2 1.732010 1 1 1330736 1255459
2 1.733008 8655 112 1171191 1407310
2 1.734008 917 6 1306887 1260595
2 1.735007 2 2 1337159 1252197
2 1.736009 9892 156 1183977 1409857
2 1.737007 1 3 1321307 1244565
2 1.738007 1 2 1333144 1249696
2 1.739007 9901 159 1185994 1403159
2 1.740009 1 0 1346841 1250132
2 1.741007 9814 131 1184929 1389656
2 1.742008 1 1 1342404 1248864
2 1.743008 5 2 1336046 1255639
2 1.744008 9781 129 1190358 1392853
2 1.745008 3 3 1331487 1239085
2 1.746007 1 2 1332253 1257893
2 1.747010 9770 147 1186717 1405543
2 1.748007 6 0 1334019 1245519
2 1.749007 9728 146 1179936 1395863
2 1.750008 1 1 1346103 1246876
2 1.751008 2 2 1337008 1257109
2 1.752009 9742 140 1167802 1415751
2 1.753009 4 3 1330791 1256152
2 1.754010 4743 128 1238509 1343359
2 1.755009 4738 8 1245085 1320078
2 1.756009 4 2 1327029 1257099
2 1.757007 9720 119 1150886 1404128
2 1.758010 2 1 1331675 1263527
2 1.759009 2 2 1313154 1266753
2 1.760009 9747 143 1166028 1414015
2 1.761007 2 3 1313063 1259803
2 1.762008 5737 140 1219384 1366531
2 1.763009 3698 8 1256412 1318042
2 1.764008 2 1 1314918 1267461
2 1.765007 9725 111 1156361 1420638
2 1.766008 3 2 1321762 1261151
2 1.767009 1 3 1332178 1255506
2 1.768008 9805 146 1132515 1433490
2 1.769007 2 3 1316990 1258181
2 1.770011 5005 130 1234851 1357275
2 1.771010 4548 6 1240969 1324447
2 1.772010 2 0 1335057 1252017
2 1.773008 9712 125 1127413 1444072
2 1.774009 3 0 1326048 1264729
2 1.775008 4 2 1314013 1270747
2 1.776009 9800 143 1135140 1449558
2 1.777008 3 2 1312422 1258010
2 1.778010 1984 67 1278095 1310341
2 1.779009 7651 9 1189450 1381879
2 1.780010 2 1 1318699 1263107
2 1.781008 9751 123 1140802 1430916
2 1.782008 1 2 1322813 1260406
2 1.783008 2 2 1324977 1261921
2 1.784009 9748 142 1141120 1442840
2 1.785009 2 1 1318942 1249729
2 1.786011 811 109 1308000 1279363
2 1.787009 8702 9 1158502 1402813
2 1.788009 2 2 1322803 1257476
2 1.789008 9795 133 1135422 1429596
2 1.790010 1 1 1329393 1265772
2 1.791010 1 0 1317622 1264102
2 1.792010 9795 119 1138870 1440305
2 1.793008 1 3 1315822 1255921
2 1.794008 1 1 1331815 1255444
2 1.795009 9784 110 1157857 1427515
2 1.796009 1 2 1316051 1268483
2 1.797007 9742 132 1140169 1419005
2 1.798008 2 0 1331227 1255572
2 1.799007 3 0 1327733 1259818
2 1.800010 9810 137 1149724 1440644
2 1.801008 1 5 1323376 1248913
2 1.802009 446 80 1330176 1264321
2 1.803007 9036 4 1172553 1393778
2 1.804009 1 1 1318826 1265863
2 1.805009 9875 130 1056855 1341501
2 1.806010 1 0 1336390 1253174
2 1.807008 1 0 1323737 1254012
2 1.808010 9842 128 1155471 1433157
2 1.809008 3 1 1319345 1247806
2 1.810008 2 2 1332315 1255988
2 1.811011 9880 127 1169587 1423393
2 1.812009 1 2 1326105 1250022
2 1.813008 9839 97 1157896 1422014
2 1.814009 2 2 1318284 1277161
2 1.815008 2 0 1338323 1246717
2 1.816008 9846 109 1158780 1431902
2 1.817008 2 1 1329419 1251508
2 1.818009 441 128 1314712 1275733
2 1.819009 9226 9 1172703 1391784
2 1.820008 3 1 1322330 1258202
2 1.821009 9889 136 1158820 1421606
2 1.822010 2 2 1312415 1275505
2 1.823008 1 0 1330390 1250394
2 1.824009 9823 120 1157821 1430950
2 1.825007 2 2 1318954 1253804
2 1.826008 2423 126 1291241 1300321
2 1.827008 7162 10 1216399 1355558
2 1.828009 1 0 1342633 1244386
2 1.829009 9793 130 1153859 1428420
2 1.830009 2 2 1341942 1239294
2 1.831009 1 0 1324702 1259734
2 1.832010 9867 130 1151471 1434589
2 1.833010 3 2 1320810 1261970
2 1.834011 6728 83 1212079 1369283
2 1.835008 2820 5 1272978 1285656
2 1.836010 2 1 1332114 1254913
2 1.837008 9868 135 1157250 1412443
2 1.838008 2 1 1314087 1263677
2 1.839008 1 1 1317513 1266733
2 1.840008 9832 97 1151201 1425815
2 1.841009 2 3 1316380 1261561
2 1.842008 7166 139 1205800 1388277
2 1.843009 2397 6 1278322 1291732
2 1.844008 3 2 1313977 1265295
2 1.845009 9823 141 1160969 1415169
2 1.846009 1 2 1332163 1252315
2 1.847010 2 2 1331216 1255958
2 1.848009 9780 138 1146490 1434019
2 1.849010 2 3 1329404 1249302
2 1.850009 9026 141 1175571 1407490
2 1.851010 564 2 1315834 1258741
2 1.852009 3 0 1325511 1260095
2 1.853007 9855 136 1146035 1424462
2 1.854008 2 1 1329081 1253189
2 1.855009 4 2 1333987 1252320
2 1.856010 9879 118 1158716 1427391
2 1.857009 1 2 1321541 1251878
2 1.858010 9838 129 1153892 1432539
2 1.859008 1 2 1333324 1255696
2 1.860008 1 1 1317637 1258859
2 1.861008 9830 148 1152849 1425051
2 1.862008 2 2 1315187 1260037
2 1.863009 1 1 1324936 1262631
2 1.864008 9869 103 1160436 1415373
2 1.865008 3 1 1331070 1240547
2 1.866009 9813 145 1153123 1441275
2 1.867008 2 1 1318487 1261958
2 1.868009 1 3 1330911 1259975
2 1.869008 9879 118 1164422 1407477
2 1.870009 2 1 1330864 1259411
2 1.871010 2 1 1338245 1258508
2 1.872010 9699 124 1150164 1426185
2 1.873009 2 1 1329237 1253252
2 1.874010 9795 148 1155916 1436981
2 1.875009 5 2 1323688 1260055
2 1.876008 3 0 1328247 1258425
2 1.877008 9809 128 1165498 1410193
2 1.878008 3 1 1336422 1252623
2 1.879009 1 1 1341097 1247710
2 1.880009 9865 120 1155431 1432725
2 1.881009 7 0 1323327 1250847
2 1.882008 9886 115 1161010 1422186
2 1.883009 2 2 1325206 1256829
2 1.884009 1 3 1326819 1258530
2 1.885009 9856 136 1141183 1423774
2 1.886009 1 0 1323629 1259799
2 1.887008 1 2 1323575 1261911
2 1.888008 9848 113 1143644 1428451
2 1.889011 3 1 1328218 1254314
2 1.890008 9847 123 1270789 1328881
2 1.891007 3 0 1686646 984432
2 1.892009 9908 130 1485296 1180459
2 1.893008 2 2 1676330 979259
2 1.894009 5638 103 1559732 1100832
2 1.895009 4020 4 1590732 1063356
2 1.896009 4 2 1685927 988279
2 1.897009 9810 112 1459517 1183998
2 1.898009 3 1 1687089 985282
2 1.899009 9801 124 1475582 1180611
2 1.900009 1 2 1686478 985703
2 1.901008 9829 98 1465781 1179287
2 1.902008 2 1 1688868 983741
2 1.903010 9858 93 1481799 1179931
2 1.904009 1 1 1684048 983118
2 1.905008 9789 115 1458583 1187891
2 1.906009 3 3 1684792 985759
2 1.907009 9838 118 1465965 1201312
2 1.908008 1 1 1683129 986906
2 1.909008 9832 126 1482094 1164676
2 1.910010 3 2 1686640 986855
2 1.911010 9733 87 1491882 1168771
2 1.912009 2 1 1683874 984688
2 1.913009 1388 80 1648619 1014021
2 1.914009 8073 3 1509230 1131249
2 1.915010 2 0 1679729 986988
2 1.916009 9813 100 1475521 1181734
2 1.917007 2 1 1668930 972982
2 1.918009 9826 113 1477586 1188622
2 1.919009 4 2 1684762 988917
2 1.920011 9805 100 1485026 1173440
2 1.921008 2 2 1673836 981347
2 1.922011 9845 116 1487849 1181178
2 1.923011 2 3 1682931 984954
2 1.924008 9779 113 1488850 1163153
2 1.925009 3 2 1679398 980381
2 1.926009 9777 117 1477852 1176397
2 1.927010 1 1 1685704 985597
2 1.928011 9768 107 1489088 1173266
2 1.929009 3 3 1674098 975911
2 1.930009 8140 83 1512448 1150751
2 1.931009 1024 4 1661368 985990
2 1.932009 2 1 1685396 983494
2 1.933011 9805 81 1486628 1173009
2 1.934009 4 0 1678579 981400
2 1.935009 9885 131 1482068 1173641
2 1.936010 2 0 1690132 983788
2 1.937010 9786 126 1479828 1159309
2 1.938010 2 1 1688388 985614
2 1.939010 9764 104 1486618 1166596
2 1.940010 2 0 1680796 986076
2 1.941010 9792 101 1496292 1154048
2 1.942009 2 0 1682189 984547
2 1.943010 9824 84 1499496 1163981
2 1.944009 1 2 1683100 982690
2 1.945011 9807 153 1472863 1173352
2 1.946009 3 2 1678532 977612
2 1.947009 9897 136 1485016 1175250
2 1.948009 1 2 1681881 987084
2 1.949008 9281 93 1483750 1159083
2 1.950010 389 4 1679134 977625
2 1.951010 9 105 1684216 989735
2 1.952010 9544 1 1512440 1137789
2 1.953010 1 1 1675250 976157
2 1.954010 9880 88 1488600 1174610
2 1.955011 1 2 1682273 982561
2 1.956008 9872 98 1472685 1176771
2 1.957009 3 0 1679110 985995
2 1.958008 9890 125 1473261 1184167
2 1.959008 2 1 1681680 986363
2 1.960011 9883 109 1491807 1176676
2 1.961010 3 2 1674008 986665
2 1.962011 9784 109 1486754 1169602
2 1.963009 2 1 1677381 983230
2 1.964010 9846 66 1483151 1178883
2 1.965008 2 2 1672723 979416
2 1.966007 9852 110 1475202 1185575
2 1.967009 2 0 1688976 989805
2 1.968008 8586 67 1512492 1149067
2 1.969010 888 5 1658155 989713
2 1.970008 3 0 1683658 983371
2 1.971008 9774 106 1480027 1170485
2 1.972009 3 1 1688367 991950
2 1.973010 9756 111 1470395 1161203
2 1.974009 2 1 1686259 982904
2 1.975010 9815 107 1474349 1175411
2 1.976008 3 2 1682535 983706
2 1.977009 9804 108 1474189 1158123
2 1.978009 2 1 1686965 985765
2 1.979010 9814 115 1476607 1183715
2 1.980007 2 1 1678088 983889
2 1.981009 9827 114 1470351 1181559
2 1.982009 3 0 1689424 988627
2 1.983008 9858 119 1490799 1168138
2 1.984009 1 2 1679473 978895
2 1.985009 9854 130 1497190 1157866
2 1.986009 3 2 1687038 980549
2 1.987010 6863 104 1543590 1122591
2 1.988011 2758 4 1635400 1022851
2 1.989007 5 2 1669116 982098
2 1.990010 9847 106 1490690 1169457
2 1.991010 3 1 1681573 985510
2 1.992010 9772 131 1482165 1181743
2 1.993008 1 2 1676088 978069
2 1.994010 9826 121 1479423 1181503
2 1.995010 1 2 1685346 989660
2 1.996010 9841 99 1484416 1168080
2 1.997008 2 2 1676603 986719
2 1.998009 9879 124 1491870 1159558
2 1.999008 3 0 1684590 986352
2 2.000011 9879 130 1490328 1167247
2 2.001009 3 2 1673247 977201
2 2.002010 9664 80 1490896 1170809
2 2.003009 1 1 1682260 989979
2 2.004008 9840 71 1481821 1177785
2 2.005008 4 1 1677133 983493
2 2.006010 5898 123 1562468 1109869
2 2.007009 3631 5 1616000 1027841
2 2.008010 2 3 1686069 988413
2 2.009009 9809 103 1475614 1161507
2 2.010009 4 3 1683721 988222
2 2.011009 9849 117 1475155 1181613
2 2.012010 2 2 1684637 984068
2 2.013007 9801 97 1472915 1171820
2 2.014009 2 1 1687813 990714
2 2.015008 9810 140 1478394 1172782
2 2.016010 6 1 1682955 986921
2 2.017008 9815 90 1483786 1162290
2 2.018008 1 0 1682061 987565
2 2.019009 9882 120 1494972 1168243
2 2.020009 1 1 1686588 984625
2 2.021007 9812 115 1463701 1176339
2 2.022011 2 0 1690770 989958
2 2.023009 9834 118 1475557 1175842
2 2.024010 3 1 1688251 984798
2 2.025010 4440 117 1578467 1086770
2 2.026009 5213 6 1570720 1076258
2 2.027011 1 0 1685657 979751
2 2.028011 9840 97 1484065 1170128
2 2.029010 3 0 1681341 980627
2 2.030010 9862 116 1476700 1179525
2 2.031010 2 1 1682582 988996
2 2.032008 9809 103 1488761 1165635
2 2.033009 3 3 1678018 984937
2 2.034009 9820 116 1486173 1170803
2 2.035010 4 1 1686844 991352
2 2.036010 9877 89 1497552 1153930
2 2.037010 2 3 1673024 977342
2 2.038010 9870 93 1501629 1163239
2 2.039008 2 2 1680646 981230
2 2.040008 9757 91 1495733 1173112
2 2.041008 2 3 1674910 981174
2 2.042009 9871 101 1474052 1190160
2 2.043009 1 0 1685799 992054
2 2.044008 4104 119 1601462 1073833
2 2.045008 5502 4 1569167 1080279
2 2.046009 2 1 1681762 992294
2 2.047009 9769 114 1480293 1175536
2 2.048009 2 0 1683769 986561
2 2.049009 9837 73 1464855 1178703
2 2.050010 3 1 1690351 986133
2 2.051010 9824 116 1482787 1167849
2 2.052009 2 2 1685620 984621
2 2.053010 9786 126 1486561 1165641
2 2.054008 1 2 1678991 988996
2 2.055011 9773 113 1490750 1172482
2 2.056011 2 1 1684894 990790
2 2.057009 9849 121 1476661 1166821
2 2.058010 2 2 1687207 984186
2 2.059007 9792 109 1482861 1168605
2 2.060010 1 1 1681194 990005
2 2.061009 9853 92 1474794 1175713
2 2.062009 1 3 1687389 980780
2 2.063010 3067 116 1618719 1046102
2 2.064010 6437 6 1551492 1094710
2 2.065010 0 1 1678540 987429
2 2.066010 9788 102 1491514 1160704
2 2.067008 1 3 1687768 984041
2 2.068010 9854 136 1504398 1164860
2 2.069010 1 2 1673780 978800
2 2.070010 9858 110 1477057 1178872
2 2.071009 2 1 1678690 991950
2 2.072008 9852 127 1468254 1180710
2 2.073008 2 1 1675552 985725
2 2.074009 9807 114 1486312 1168819
2 2.075008 2 2 1687050 987374
2 2.076009 9854 123 1479868 1170438
2 2.077009 2 2 1676040 980491
2 2.078011 9890 112 1482600 1183066
2 2.079010 1 0 1683699 976063
2 2.080010 9893 123 1482158 1176766
2 2.081009 1 2 1676081 978752
2 2.082010 1711 66 1649098 1024700
2 2.083009 7891 4 1541788 1114526
2 2.084011 1 2 1690753 989995
2 2.085009 9841 119 1461551 1178262
2 2.086009 1 0 1690792 985790
2 2.087009 9896 128 1503554 1154601
2 2.088009 3 0 1686535 984970
2 2.089008 9835 120 1486380 1155508
2 2.090010 1 0 1687610 978223
2 2.091009 9833 133 1484651 1174547
2 2.092009 2 2 1682534 985039
2 2.093008 9800 102 1476158 1171583
2 2.094009 1 3 1687824 988755
2 2.095011 9828 106 1487390 1173409
2 2.096009 1 0 1685818 981192
2 2.097009 9821 85 1461376 1167750
2 2.098009 2 1 1679824 987063
2 2.099010 9866 97 1480109 1187433
2 2.100009 2 2 1684366 987300
2 2.101009 2115 101 1629321 1019826
2 2.102009 7539 4 1535035 1120568
2 2.103011 1 1 1686116 993055
2 2.104009 9869 109 1474585 1179041
2 2.105008 2 3 1672455 980473
2 2.106009 9843 116 1496063 1171398
2 2.107008 1 1 1679368 985630
2 2.108010 9839 126 1471191 1189826
2 2.109007 6 2 1673891 979383
2 2.110008 9894 101 1473369 1183017
2 2.111010 1 2 1686628 984631
2 2.112010 9859 111 1479755 1175983
2 2.113009 1 1 1683950 987327
2 2.114010 9884 110 1493650 1164464
2 2.115010 3 0 1684998 981220
2 2.116010 9842 104 1478313 1179502
2 2.117011 2 2 1684660 978964
2 2.118010 9845 85 1502493 1150070
2 2.119009 1 0 1682197 976846
2 2.120010 2130 84 1646673 1026288
2 2.121009 7492 5 1528031 1107555
2 2.122009 1 0 1686178 983937
2 2.123009 9751 125 1490382 1170113
2 2.124008 1 1 1686242 982301
2 2.125009 9823 104 1470292 1174217
2 2.126009 2 0 1687534 985898
2 2.127009 9837 134 1489376 1166363
2 2.128010 3 1 1686414 986251
2 2.129008 9841 64 1499691 1146530
2 2.130008 5 0 1682592 984819
2 2.131010 9857 112 1490928 1174664
2 2.132009 1 2 1686643 983055
2 2.133010 9853 137 1467987 1179199
2 2.134009 2 2 1683161 981365
2 2.135010 9870 71 1490303 1173843
2 2.136008 2 2 1679005 980630
2 2.137009 9799 110 1488568 1158985
2 2.138009 3 2 1683960 983186
2 2.139009 3185 115 1622530 1048107
2 2.140009 6376 6 1551400 1093682
2 2.141008 1 2 1682190 983218
2 2.142009 9839 108 1477089 1178478
2 2.143009 1 1 1678539 984652
2 2.144009 9790 116 1481969 1177090
2 2.145009 1 3 1680885 983835
2 2.146009 9799 110 1491854 1167417
2 2.147010 2 1 1680574 984659
2 2.148010 9800 134 1480514 1174389
2 2.149008 3 1 1672514 975071
2 2.150012 9821 97 1498646 1167360
2 2.151009 1 0 1681318 980366
2 2.152009 9708 117 1485777 1173347
2 2.153008 3 2 1669896 980720
2 2.154009 9841 104 1485069 1169026
2 2.155010 2 1 1689822 982616
2 2.156010 9737 104 1491157 1163537
2 2.157009 2 3 1668046 968373
2 2.158009 2511 92 1633338 1034378
2 2.159010 7068 3 1543445 1106938
2 2.160008 1 0 1685470 980186
2 2.161009 9865 83 1474690 1173616
2 2.162011 5 2 1687617 987763
2 2.163009 9788 108 1478593 1168237
2 2.164009 1 1 1683505 985508
2 2.165009 9838 119 1479255 1174344
2 2.166009 2 0 1678977 983459
2 2.167009 9816 103 1470687 1182722
2 2.168009 2 2 1685889 985685
2 2.169009 9838 105 1480064 1175569
2 2.170009 1 3 1680458 985146
2 2.171010 9799 117 1481687 1177968
2 2.172008 1 0 1683581 986504
2 2.173009 9837 114 1472203 1187074
2 2.174010 1 0 1686309 983523
2 2.175010 9592 125 1491309 1181553
2 2.176010 2 2 1680642 980060
2 2.177008 7 27 1674695 981469
2 2.178009 9708 6 1498327 1158409
2 2.179009 2 0 1688353 987403
2 2.180010 9759 93 1505903 1158456
2 2.181008 1 0 1671941 980899
2 2.182010 9848 135 1482274 1186384
2 2.183011 2 1 1689335 991147
2 2.184010 9847 123 1450204 1203002
2 2.185009 2 3 1681965 985465
2 2.186012 9825 118 1479482 1176210
2 2.187010 1 1 1621270 1030520
2 2.188010 9793 132 1252718 1362484
2 2.189008 1 3 1395688 1224132
2 2.190008 2 1 1391248 1229863
2 2.191009 9863 125 1265373 1357356
2 2.192009 3 1 1391568 1239044
2 2.193008 9790 99 1258285 1359113
2 2.194010 2 2 1403090 1228632
2 2.195008 2 1 1389939 1227942
2 2.196009 9852 106 1261440 1354759
2 2.197008 2 2 1394076 1223729
2 2.198009 9794 88 1260893 1367336
2 2.199007 2 1 1389447 1235331
2 2.200010 1 0 1401029 1233540
2 2.201009 9875 113 1250764 1351504
2 2.202010 2 2 1405711 1226017
2 2.203009 9793 92 1276944 1351499
2 2.204010 2 1 1398114 1237809
2 2.205009 1 1 1393235 1221731
2 2.206010 9881 118 1266759 1367775
2 2.207010 2 1 1389767 1245049
2 2.208010 9829 110 1269957 1351380
2 2.209009 3 1 1383203 1222587
2 2.210010 5 2 1397350 1227930
2 2.211008 9836 116 1252749 1351679
2 2.212009 1 1 1399851 1223894
2 2.213009 9784 93 1263389 1352619
2 2.214009 4 1 1389620 1238419
2 2.215010 4 2 1396064 1239845
2 2.216009 9826 104 1267827 1346229
2 2.217008 5 1 1380275 1228852
2 2.218010 9819 115 1258685 1368732
2 2.219010 2 0 1408213 1229304
2 2.220008 2 2 1400281 1222365
2 2.221008 9848 118 1261582 1332283
2 2.222010 2 2 1412478 1212964
2 2.223010 9829 114 1267608 1355054
2 2.224010 4 1 1408669 1220274
2 2.225009 1 0 1391440 1214000
2 2.226009 9849 109 1263795 1355463
2 2.227009 3 1 1411683 1217542
2 2.228010 9845 121 1271669 1350162
2 2.229009 1 1 1395004 1216173
2 2.230009 2 1 1411556 1219743
2 2.231010 9797 84 1268636 1343797
2 2.232010 2 1 1407085 1215384
2 2.233008 9765 73 1268111 1338175
2 2.234010 2 1 1400987 1226407
2 2.235008 2 0 1391854 1226518
2 2.236011 9764 85 1278343 1345950
2 2.237009 3 0 1390780 1214510
2 2.238009 9740 72 1260753 1350856
2 2.239009 2 1 1400379 1225485
2 2.240008 6 2 1398620 1222337
2 2.241010 9778 131 1268369 1341574
2 2.242009 1 0 1408411 1221732
2 2.243009 9819 92 1261607 1354188
2 2.244009 1 0 1397377 1231630
2 2.245009 1 2 1395594 1235516
2 2.246009 9763 125 1271537 1337076
2 2.247009 2 0 1403767 1226339
2 2.248010 9758 104 1267775 1357941
2 2.249009 3 0 1393976 1219761
2 2.250008 3 2 1397622 1224756
2 2.251010 9735 103 1254153 1356257
2 2.252010 1 1 1398874 1224803
2 2.253009 9780 69 1266362 1339664
2 2.254009 4 2 1402238 1219511
2 2.255009 1 1 1405566 1219643
2 2.256010 9848 113 1275445 1345936
2 2.257009 3 0 1394826 1214563
2 2.258008 9889 73 1266903 1350214
2 2.259009 4 2 1406246 1228871
2 2.260009 4 1 1403182 1228945
2 2.261010 9859 120 1264047 1341287
2 2.262009 1 2 1410298 1215263
2 2.263009 9825 107 1269007 1339887
2 2.264009 2 0 1397971 1225576
2 2.265009 10 37 1399475 1219597
2 2.266011 9370 7 1266663 1338403
2 2.267009 3 0 1400987 1213854
2 2.268009 9860 106 1274649 1337274
2 2.269009 3 2 1401456 1217820
2 2.270009 1933 127 1369843 1256883
2 2.271009 7636 5 1307399 1318011
2 2.272007 4 1 1393327 1224158
2 2.273008 9851 81 1256482 1357646
2 2.274008 3 0 1403721 1223442
2 2.275010 3148 125 1355962 1272676
2 2.276010 6435 6 1329886 1283621
2 2.277009 2 0 1397475 1222260
2 2.278010 9772 111 1262504 1359401
2 2.279009 2 0 1406392 1222285
2 2.280010 6356 105 1315681 1308973
2 2.281009 3090 7 1359674 1243048
2 2.282010 2 1 1410269 1213866
2 2.283008 9843 98 1277163 1330457
2 2.284009 3 3 1397698 1222369
2 2.285009 9766 80 1281315 1330596
2 2.286009 1 0 1395530 1231963
2 2.287009 2 0 1412466 1220513
2 2.288008 9837 112 1270998 1343518
2 2.289009 3 0 1399120 1218223
2 2.290009 9773 92 1273766 1347695
2 2.291008 1 1 1401484 1207256
2 2.292009 2 2 1405238 1233870
2 2.293010 9800 112 1258202 1354558
2 2.294010 1 1 1395920 1235494
2 2.295010 9752 133 1268309 1354519
2 2.296009 2 1 1394976 1224483
2 2.297008 2 1 1401213 1225168
2 2.298008 9845 91 1256867 1362039
2 2.299008 1 2 1400319 1229244
2 2.300012 9873 146 1285062 1351290
2 2.301009 2 0 1399844 1204870
2 2.302009 3 1 1399530 1222752
2 2.303010 9867 117 1273295 1346791
2 2.304009 3 1 1401384 1211056
2 2.305008 9810 108 1273239 1337755
2 2.306009 3 1 1413426 1210162
2 2.307009 3 2 1402399 1221224
2 2.308010 9846 88 1276464 1342818
2 2.309009 3 1 1399746 1209201
2 2.310010 9759 115 1270173 1360173
2 2.311009 3 0 1387804 1236454
2 2.312012 2 1 1403068 1228165
2 2.313009 9853 99 1258353 1336409
2 2.314010 3 1 1402724 1233586
2 2.315009 9831 60 1264548 1352808
2 2.316009 1 0 1400092 1218465
2 2.317009 4 1 1401120 1219970
2 2.318008 9816 99 1273653 1343124
2 2.319008 3 1 1413776 1217717
2 2.320011 9827 95 1272378 1351503
2 2.321009 1 1 1397558 1214817
2 2.322010 2 1 1384413 1197711
2 2.323011 9845 105 1224571 1300508
2 2.324009 2 2 1355709 1173787
2 2.325009 9770 112 1215760 1302292
2 2.326010 4 2 1352342 1178538
2 2.327010 4 0 1358181 1166212
2 2.328010 9831 125 1225145 1294630
2 2.329009 0 1 1350513 1173761
2 2.330010 4578 117 1292502 1244522
2 2.331010 4840 4 1294598 1234902
2 2.332010 3 1 1347459 1185725
2 2.333009 9852 77 1213424 1300432
2 2.334010 3 1 1356303 1166001
2 2.335011 2 2 1352928 1175319
2 2.336010 9828 99 1234161 1278854
2 2.337008 1 0 1354534 1161051
2 2.338009 9896 120 1253960 1284040
2 2.339009 2 1 1367764 1176619
2 2.340008 6 1 1361593 1180257
2 2.341007 9875 125 1238493 1276923
2 2.342007 3 0 1379090 1168490
2 2.343009 9804 113 1228377 1305183
2 2.344010 1 1 1351396 1183199
2 2.345009 2 2 1345925 1171072
2 2.346009 9819 112 1223457 1292590
2 2.347010 3 2 1348819 1190688
2 2.348010 9471 98 1231084 1303257
2 2.349009 3 1 1348783 1174919
2 2.350008 4 2 1352554 1180192
2 2.351008 9790 111 1232175 1294465
2 2.352010 1 0 1353371 1183595
2 2.353009 5 0 1342273 1178798
2 2.354010 9806 122 1212741 1312641
2 2.355010 1 1 1355833 1174182
2 2.356011 9815 113 1223294 1298821
2 2.357009 2 0 1358118 1161896
2 2.358010 4 3 1342559 1185447
2 2.359009 9831 118 1218464 1294418
2 2.360009 3 0 1348098 1179945
2 2.361008 9864 102 1206420 1302735
2 2.362010 3 1 1362349 1175434
2 2.363010 2 2 1364908 1169511
2 2.364008 9842 118 1218048 1295040
2 2.365009 3 3 1350549 1167641
2 2.366009 5747 91 1283121 1241309
2 2.367010 3877 8 1309696 1202439
2 2.368010 4 0 1353269 1174923
2 2.369010 9814 73 1214945 1296516
2 2.370008 2 1 1349970 1186399
2 2.371010 3 1 1360216 1178417
2 2.372010 9784 123 1209257 1309967
2 2.373007 3 0 1341332 1169363
2 2.374011 9765 103 1235107 1294857
2 2.375010 2 0 1354641 1175083
2 2.376010 5 2 1355197 1174750
2 2.377009 9830 115 1212126 1296413
2 2.378010 3 2 1357248 1177787
2 2.379010 9761 122 1217237 1300926
2 2.380009 2 3 1349916 1173325
2 2.381008 4 2 1343413 1168302
2 2.382009 9847 114 1230471 1293000
2 2.383010 4 0 1359125 1178532
2 2.384011 1973 106 1323671 1212660
2 2.385009 7484 3 1243538 1256761
2 2.386009 2 2 1357412 1177927
2 2.387008 9849 135 1223150 1302977
2 2.388008 2 1 1354002 1171206
2 2.389007 1 2 1343644 1164316
2 2.390010 9850 93 1216654 1310208
2 2.391010 2 0 1343288 1188441
2 2.392009 9808 88 1242653 1283682
2 2.393008 2 1 1343595 1175128
2 2.394008 2 0 1357083 1178899
