4 0.001050 0 0 0 0
4 0.003584 0 0 0 0
4 0.004023 0 0 0 0
4 0.005022 0 0 0 0
4 0.006022 0 0 0 0
4 0.007021 0 0 0 0
4 0.008022 0 0 0 0
4 0.009022 0 0 0 0
4 0.010022 0 0 0 0
4 0.011021 0 0 0 0
4 0.012021 0 0 0 0
4 0.013023 0 0 0 0
4 0.014022 0 0 0 0
4 0.015022 0 0 0 0
4 0.016021 0 0 0 0
4 0.017022 0 0 0 0
4 0.018022 0 0 0 0
4 0.019021 0 0 0 0
4 0.020021 0 0 0 0
4 0.021022 0 0 0 0
4 0.022022 0 0 0 0
4 0.023021 0 0 0 0
4 0.024021 0 0 0 0
4 0.025020 0 0 0 0
4 0.026020 0 0 0 0
4 0.027021 3933 6 133 2113554
4 0.028021 3431 8 108 1838899
4 0.029020 4326 4 112 2325803
4 0.030020 4335 3 133 2330796
4 0.031020 4276 3 120 2328203
4 0.032020 4343 6 132 2320457
4 0.033020 4444 6 119 2334761
4 0.034020 4314 5 158 2337876
4 0.035020 4383 4 134 2333220
4 0.036021 4272 6 125 2319286
4 0.037020 4320 3 152 2324668
4 0.038020 4456 8 115 2338588
4 0.039020 4342 4 147 2339124
4 0.040020 4323 7 181 2321323
4 0.041020 4321 3 124 2331909
4 0.042020 4380 3 111 2332179
4 0.043020 4415 3 140 2335423
4 0.044026 4299 7 148 2332717
4 0.045021 4250 4 99 2316168
4 0.046020 4462 3 105 2332739
4 0.047020 4273 7 120 2328016
4 0.048020 4391 5 128 2326428
4 0.049020 4337 3 156 2334624
4 0.050020 4379 4 124 2333883
4 0.051020 4403 6 115 2328800
4 0.052020 4616 6 98 2320952
4 0.053020 4315 5 92 2331216
4 0.054020 4278 4 114 2331304
4 0.055020 4419 4 185 2333864
4 0.056020 4351 5 85 2306741
4 0.057020 4337 3 133 2332530
4 0.058020 4432 4 101 2327333
4 0.059020 4425 5 120 2327825
4 0.060020 4359 7 74 2330311
4 0.061020 4372 3 148 2335005
4 0.062020 4367 3 88 2331957
4 0.063020 4403 3 121 2325285
4 0.064020 4338 6 120 2330804
4 0.065020 4313 3 139 2337159
4 0.066020 4366 3 134 2331363
4 0.067020 4335 5 120 2331677
4 0.068020 4284 6 139 2325101
4 0.069021 4303 4 164 2337112
4 0.070020 4397 3 93 2329065
4 0.071020 4286 5 156 2331577
4 0.072020 4319 7 140 2332804
4 0.073020 4312 4 116 2334065
4 0.074020 4274 5 135 2329419
4 0.075020 4375 3 118 2327713
4 0.076020 4379 9 166 2327356
4 0.077020 4361 3 163 2332161
4 0.078020 4291 3 77 2329218
4 0.079020 4383 5 141 2331522
4 0.080020 4330 6 104 2327698
4 0.081021 4337 4 116 2326301
4 0.082020 4336 4 128 2331250
4 0.083020 4345 3 129 2332234
4 0.084020 4472 7 118 2325218
4 0.085020 4399 4 121 2332441
4 0.086020 4350 4 115 2337424
4 0.087020 4346 3 88 2332753
4 0.088020 4414 6 162 2325607
4 0.089020 4306 7 104 2338190
4 0.090020 4308 3 131 2328251
4 0.091020 4428 5 147 2330685
4 0.092021 4383 7 104 2332109
4 0.093020 4266 3 127 2327116
4 0.094020 4300 3 87 2337252
4 0.095020 4391 3 87 2330141
4 0.096020 4417 7 144 2333172
4 0.097020 4408 3 139 2331938
4 0.098020 4301 3 94 2329559
4 0.099020 4330 3 165 2331462
4 0.100020 4346 10 145 2323883
4 0.101020 4340 8 208 2334330
4 0.102020 4417 3 121 2326375
4 0.103020 4387 10 155 2336071
4 0.104020 4332 6 135 2330588
4 0.105020 4351 4 129 2329837
4 0.106020 4447 6 172 2329383
4 0.107020 4333 6 95 2337090
4 0.108020 4351 5 137 2327983
4 0.109023 4281 3 176 2343135
4 0.110021 4329 3 52 2332936
4 0.111023 3501 17 246 2148581
4 0.112022 3185 42 317 2026856
4 0.113022 3327 22 216 2092903
4 0.114021 3440 33 297 2117930
4 0.115022 3164 29 273 2046889
4 0.116022 3214 29 389 2050940
4 0.117021 3084 4 317 2041201
4 0.118022 3678 30 213 2194090
4 0.119021 3223 42 283 2042696
4 0.120022 3163 26 272 2039966
4 0.121021 2991 0 309 2016662
4 0.122023 3031 0 280 2021648
4 0.123022 3061 0 323 2018072
4 0.124022 3067 2 256 2025749
4 0.125021 3063 0 302 2015359
4 0.126021 3027 0 291 2021183
4 0.127022 3079 0 300 2025378
4 0.128022 2926 1 310 2016796
4 0.129022 3605 0 151 2172995
4 0.130022 3965 0 83 2275399
4 0.131021 3916 0 60 2277551
4 0.132022 3601 1 232 2160107
4 0.133021 3004 0 280 2020595
4 0.134021 3088 7 338 2051423
4 0.135021 3021 0 312 2023920
4 0.136022 3010 2 304 2000748
4 0.137021 3091 0 273 2021540
4 0.138022 2990 0 266 2021228
4 0.139021 3023 0 276 2022989
4 0.140022 3013 2 309 2019087
4 0.141021 3025 0 267 2010702
4 0.142021 3127 0 263 2022984
4 0.143022 3143 0 270 2020171
4 0.144021 3082 0 342 2011807
4 0.145022 3112 0 273 2027150
4 0.146021 3136 0 263 2018232
4 0.147021 3102 0 255 2024312
4 0.148021 3092 2 302 2023264
4 0.149021 3011 0 319 2011719
4 0.150021 3096 0 334 2015988
4 0.151022 3044 0 278 2022647
4 0.152022 3167 1 284 2021581
4 0.153021 3212 29 292 2068859
4 0.154021 3144 0 283 2015626
4 0.155021 3041 0 280 2028212
4 0.156022 3380 3 283 2080861
4 0.157020 4368 0 29 2324388
4 0.158020 4365 0 39 2327110
4 0.159020 4310 0 36 2337629
4 0.160020 4168 4 79 2327533
4 0.161020 4294 3 17 2333612
4 0.162020 4352 3 20 2334456
4 0.163020 4404 0 30 2328825
4 0.164020 4432 3 39 2327071
4 0.165020 4370 0 36 2335227
4 0.166020 4412 0 19 2333869
4 0.167020 4350 0 28 2332278
4 0.168020 4414 2 31 2332629
4 0.169020 4373 3 50 2330459
4 0.170020 4257 3 95 2335894
4 0.171020 4371 0 37 2331372
4 0.172020 4416 1 24 2331420
4 0.173020 4421 0 23 2331968
4 0.174020 4374 0 22 2330746
4 0.175020 4250 0 35 2335254
4 0.176020 4382 0 19 2328879
4 0.177020 4328 0 39 2336909
4 0.178020 4320 0 32 2337092
4 0.179020 4365 0 23 2373898
4 0.180020 4528 1 29 2434477
4 0.181020 4300 3 80 2430935
4 0.182020 4447 1 34 2439142
4 0.183020 4359 0 26 2436048
4 0.184020 4453 1 36 2428886
4 0.185020 4542 0 42 2432647
4 0.186020 4455 0 31 2431714
4 0.187020 4387 0 21 2430791
4 0.188020 4336 0 36 2433262
4 0.189020 4399 0 21 2434246
4 0.190020 4423 0 36 2432282
4 0.191020 4428 0 46 2432100
4 0.192021 4215 6 102 2435023
4 0.193020 4443 2 70 2433064
4 0.194020 4417 0 38 2435496
4 0.195020 4463 0 35 2433451
4 0.196020 4429 1 44 2430467
4 0.197020 4389 0 21 2434121
4 0.198020 4481 0 25 2433959
4 0.199020 4441 0 32 2432442
4 0.200020 4349 0 24 2430563
4 0.201020 4444 0 37 2433985
4 0.202020 4313 2 42 2429888
4 0.203020 4323 2 69 2434345
4 0.204020 4501 1 42 2427560
4 0.205020 4414 0 32 2433812
4 0.206020 4486 0 16 2429613
4 0.207020 4382 0 17 2429736
4 0.208020 4435 0 21 2437731
4 0.209020 4355 0 26 2432202
4 0.210020 4371 2 44 2438669
4 0.211020 4369 0 17 2431527
4 0.212020 4421 3 28 2424440
4 0.213020 4354 2 36 2437231
4 0.214020 4335 3 110 2435310
4 0.215020 4369 2 48 2433008
4 0.216020 4482 1 28 2430810
4 0.217020 4381 0 15 2429670
4 0.218020 4483 0 20 2437070
4 0.219020 4455 0 35 2432829
4 0.220020 4494 0 37 2428238
4 0.221020 4435 0 29 2435571
4 0.222020 4486 0 47 2433823
4 0.223020 4395 0 23 2434978
4 0.224020 4451 0 32 2431935
4 0.225020 4310 3 158 2434466
4 0.226021 4468 0 23 2436510
4 0.227020 4323 0 26 2430884
4 0.228020 4427 1 23 2431911
4 0.229020 4440 0 24 2431128
4 0.230020 4351 0 26 2430552
4 0.231020 4408 0 23 2428771
4 0.232020 4393 0 43 2430539
4 0.233020 4473 0 28 2429456
4 0.234020 4425 0 21 2431682
4 0.235020 4445 0 18 2430666
4 0.236020 4349 0 31 2426749
4 0.237020 4453 0 34 2431694
4 0.238020 4360 0 22 2427172
4 0.239020 4371 0 27 2434365
4 0.240020 4366 6 84 2431898
4 0.241020 4390 2 49 2432339
4 0.242020 4351 0 20 2430624
4 0.243020 4468 0 21 2427494
4 0.244020 4301 1 32 2425051
4 0.245020 4387 0 47 2434835
4 0.246020 4376 0 27 2434080
4 0.247020 4349 0 26 2437109
4 0.248021 4387 0 31 2435888
4 0.249020 4415 0 26 2428115
4 0.250020 4379 0 34 2435139
4 0.251020 4361 0 15 2434308
4 0.252020 4420 0 28 2428656
4 0.253020 4524 0 29 2434690
4 0.254020 4224 2 95 2434236
4 0.255020 4306 2 33 2435472
4 0.256020 4443 1 37 2430493
4 0.257020 4407 0 31 2425941
4 0.258020 4402 0 29 2436960
4 0.259020 4437 0 43 2435879
4 0.260020 4501 0 53 2425503
4 0.261020 4432 0 22 2434585
4 0.262020 4363 0 29 2435189
4 0.263020 4440 0 28 2435181
4 0.264020 4405 0 30 2426097
4 0.265020 4444 0 18 2431917
4 0.266020 4406 0 31 2430103
4 0.267020 4374 0 14 2435095
4 0.268020 4308 6 117 2428480
4 0.269020 4445 0 37 2432859
4 0.270020 4408 0 24 2432152
4 0.271020 4237 0 31 2428745
4 0.272020 4265 1 18 2428515
4 0.273020 4321 0 29 2432434
4 0.274020 4266 0 10 2429869
4 0.275020 4447 0 57 2433705
4 0.276020 4325 0 24 2428222
4 0.277020 4264 0 23 2427685
4 0.278020 4229 0 25 2428982
4 0.279020 4331 0 40 2438122
4 0.280020 4272 0 26 2432833
4 0.281020 4279 2 35 2433033
4 0.282020 4189 2 87 2431388
4 0.283020 4299 0 28 2434564
4 0.284020 4322 0 28 2428763
4 0.285020 4343 0 29 2428544
4 0.286020 4324 0 29 2429521
4 0.287020 4309 0 22 2434675
4 0.288020 4363 0 35 2428875
4 0.289020 4293 0 38 2428894
4 0.290020 4338 0 21 2431569
4 0.291020 4343 0 9 2435674
4 0.292021 4300 0 17 2429462
4 0.293020 4335 0 32 2430058
4 0.294020 4282 0 22 2433273
4 0.295020 4306 3 52 2435543
4 0.296020 4232 6 82 2424479
4 0.297020 4298 3 41 2436223
4 0.298020 4344 0 29 2434354
4 0.299020 4351 0 24 2436560
4 0.300020 4310 1 28 2427434
4 0.301020 4320 0 16 2428881
4 0.302020 4421 0 31 2437587
4 0.303020 4243 0 21 2434210
4 0.304020 4317 0 15 2428871
4 0.305020 4344 0 21 2433301
4 0.306020 4315 0 30 2432464
4 0.307020 4305 0 32 2431594
4 0.308020 4334 1 27 2426813
4 0.309020 4339 0 27 2433899
4 0.310020 4181 3 107 2431116
4 0.311020 4221 3 40 2438602
4 0.312020 4295 1 20 2432265
4 0.313020 4345 3 26 2433997
4 0.314020 4377 0 32 2434625
4 0.315020 4294 0 42 2433478
4 0.316020 4411 3 49 2433991
4 0.317020 4348 0 29 2434705
4 0.318020 4248 0 21 2476827
4 0.319020 4331 0 31 2535291
4 0.320020 4405 1 33 2528353
4 0.321020 4367 0 19 2535476
4 0.322020 4331 0 19 2530446
4 0.323020 4322 0 26 2533637
4 0.324020 4324 0 22 2525390
4 0.325020 4391 0 25 2535232
4 0.326020 4227 2 42 2534801
4 0.327020 4297 3 90 2531305
4 0.328020 4351 2 36 2527118
4 0.329020 4280 0 27 2530967
4 0.330020 4272 0 20 2533391
4 0.331020 4366 0 29 2525642
4 0.332020 4353 1 33 2534773
4 0.333020 4424 0 25 2529272
4 0.334020 4336 0 37 2531308
4 0.335020 4428 0 30 2533221
4 0.336020 4321 0 31 2529261
4 0.337020 4330 0 36 2525232
4 0.338020 4402 0 23 2530097
4 0.339020 4357 0 37 2531375
4 0.340020 4244 2 37 2529764
4 0.341020 4203 3 67 2527710
4 0.342020 4376 2 32 2527758
4 0.343020 4383 0 31 2532749
4 0.344020 4370 1 27 2531462
4 0.345020 4298 0 19 2528964
4 0.346020 4312 0 26 2538208
4 0.347020 4417 0 21 2534964
4 0.348021 4342 0 17 2531711
4 0.349020 4432 0 42 2531443
4 0.350020 4391 0 39 2535864
4 0.351020 4315 0 28 2530316
4 0.352020 4343 0 31 2527211
4 0.353020 4370 0 23 2532612
4 0.354020 4355 0 21 2532586
4 0.355020 4208 3 93 2535204
4 0.356020 4425 4 54 2533516
4 0.357020 4377 0 30 2531990
4 0.358020 4287 0 27 2530111
4 0.359020 4186 0 24 2532685
4 0.360020 4260 1 31 2529128
4 0.361020 4224 0 24 2529096
4 0.362020 4240 0 19 2533734
4 0.363020 4307 0 26 2527821
4 0.364020 4220 0 27 2526444
4 0.365020 4297 0 29 2527479
4 0.366020 4265 0 31 2532438
4 0.367020 4316 0 26 2533095
4 0.368021 4257 0 27 2537831
4 0.369020 4115 3 57 2530524
4 0.370021 4200 3 55 2547934
4 0.371020 4213 0 33 2532049
4 0.372020 4222 2 42 2526942
4 0.373020 4293 0 21 2528022
4 0.374020 4265 0 16 2532566
4 0.375020 4227 0 24 2532908
4 0.376020 4292 0 32 2529993
4 0.377021 4354 0 29 2530456
4 0.378020 4246 0 21 2529680
4 0.379020 4273 0 28 2529362
4 0.380020 4234 0 24 2528272
4 0.381020 4271 0 31 2534791
4 0.382020 4328 0 16 2535569
4 0.383020 4159 3 63 2530553
4 0.384020 4242 4 81 2525466
4 0.385020 4219 0 25 2531608
4 0.386020 4129 0 21 2528323
4 0.387020 4282 0 21 2534513
4 0.388021 4296 1 26 2538670
4 0.389020 4286 0 13 2527562
4 0.390020 4348 0 17 2534810
4 0.391020 4202 0 23 2528190
4 0.392020 4247 0 29 2528964
4 0.393020 4239 0 22 2527448
4 0.394020 4232 0 26 2531750
4 0.395020 4098 0 22 2531620
4 0.396020 4279 0 20 2529860
4 0.397020 4267 2 49 2528706
4 0.398021 4055 3 119 2533521
4 0.399020 4239 0 45 2529747
4 0.400020 4218 2 28 2529599
4 0.401020 4259 0 21 2524987
4 0.402020 4306 0 22 2533370
4 0.403020 4267 0 30 2534761
4 0.404021 4319 1 37 2525979
4 0.405020 4283 0 13 2527116
4 0.406020 4211 0 23 2533669
4 0.407020 4284 0 19 2529841
4 0.408020 4295 0 38 2530327
4 0.409020 4255 0 23 2528266
4 0.410020 4308 0 19 2538555
4 0.411020 4277 0 29 2523227
4 0.412020 4265 0 24 2530660
4 0.413020 4277 3 39 2528675
4 0.414020 4303 0 28 2533079
4 0.415020 4271 3 61 2532545
4 0.416020 4202 3 32 2523675
4 0.417020 4183 3 99 2528867
4 0.418020 4259 3 41 2538759
4 0.419020 4371 0 49 2536224
4 0.420020 4230 1 17 2530687
4 0.421020 4377 0 36 2527143
4 0.422020 4253 0 53 2536520
4 0.423020 4207 0 20 2530754
4 0.424020 4297 0 24 2534930
4 0.425020 4251 0 24 2534175
4 0.426020 4219 0 23 2531698
4 0.427020 4273 0 31 2536674
4 0.428020 4175 0 20 2528202
4 0.429020 4207 0 17 2534167
4 0.430020 4331 0 14 2530364
4 0.431020 4313 0 40 2529024
4 0.432020 4170 0 18 2535393
4 0.433020 4328 0 24 2527675
4 0.434020 4261 0 16 2521702
4 0.435020 4285 0 29 2531247
4 0.436020 4286 0 32 2531075
4 0.437020 4295 0 25 2533777
4 0.438020 4320 3 43 2531074
4 0.439020 4171 3 115 2532567
4 0.440020 4253 4 57 2529131
4 0.441020 4261 0 23 2528443
4 0.442020 4285 0 21 2535199
4 0.443020 4315 0 21 2535890
4 0.444020 4154 0 27 2524420
4 0.445020 4299 0 32 2532684
4 0.446020 4233 0 21 2530248
4 0.447020 4305 0 26 2532012
4 0.448020 4233 0 24 2531392
4 0.449020 4350 0 27 2525729
4 0.450020 4326 0 25 2533718
4 0.451020 4301 0 23 2536021
4 0.452020 4297 0 27 2529265
4 0.453020 4306 0 27 2535346
4 0.454020 4348 0 19 2529893
4 0.455020 4314 0 32 2522655
4 0.456020 4374 0 43 2531385
4 0.457020 4266 3 22 2529034
4 0.458020 4183 3 75 2533187
4 0.459020 4377 0 18 2529680
4 0.460020 4316 1 20 2523715
4 0.461020 4262 0 32 2530338
4 0.462020 4295 0 26 2537677
4 0.463020 4289 0 16 2531344
4 0.464020 4325 1 31 2528664
4 0.465020 4293 0 27 2532876
4 0.466020 4248 0 33 2529912
4 0.467020 4425 0 32 2529395
4 0.468020 4365 0 26 2522854
4 0.469020 4324 0 27 2529770
4 0.470020 4310 0 28 2534943
4 0.471020 4248 0 18 2526900
4 0.472020 4179 0 15 2529143
4 0.473020 4235 0 32 2529610
4 0.474020 4341 0 23 2528465
4 0.475020 4291 0 26 2535116
4 0.476020 4215 4 45 2533160
4 0.477020 4164 3 77 2533748
4 0.478020 4278 0 19 2533304
4 0.479020 4326 0 32 2532085
4 0.480020 4252 1 13 2527907
4 0.481020 4258 0 25 2531949
4 0.482020 4270 0 27 2529722
4 0.483020 4301 0 26 2536145
4 0.484020 4234 0 26 2534000
4 0.485020 4298 0 24 2523379
4 0.486020 4265 0 30 2530732
4 0.487020 4331 0 31 2531070
4 0.488020 4223 0 18 2531569
4 0.489020 4293 0 36 2534600
4 0.490020 4171 0 24 2532240
4 0.491020 4317 0 37 2528637
4 0.492020 4402 0 27 2538570
4 0.493020 4358 0 38 2533356
4 0.494020 4239 0 22 2531937
4 0.495020 4278 3 81 2527622
4 0.496023 4122 6 97 2524778
4 0.497021 4079 0 40 2521008
4 0.498021 4375 0 22 2533658
4 0.499021 4387 0 23 2519083
4 0.500021 4321 2 43 2529660
4 0.501020 4323 0 21 2527633
4 0.502020 4345 0 30 2531713
4 0.503020 4346 0 31 2535224
4 0.504022 4204 4 41 2526141
4 0.505021 4147 0 25 2526428
4 0.506021 4220 0 17 2532976
4 0.507021 4213 0 28 2537011
4 0.508021 4248 2 47 2522953
4 0.509021 4153 0 21 2524799
4 0.510022 4160 0 24 2529350
4 0.511022 3464 7 199 2306561
4 0.512021 4150 3 21 2520208
4 0.513020 4162 0 19 2529720
4 0.514020 4333 3 34 2528288
4 0.515022 3526 31 278 2323302
4 0.516022 3945 14 155 2382514
4 0.517021 4240 2 51 2521922
4 0.518020 4287 0 33 2533622
4 0.519020 4295 0 25 2531365
4 0.520020 4274 3 56 2530219
4 0.521020 4214 0 21 2526358
4 0.522020 4370 0 21 2530690
4 0.523020 4275 0 27 2538683
4 0.524020 4272 1 34 2530535
4 0.525020 4346 0 31 2536410
4 0.526020 4252 0 21 2534613
4 0.527020 4251 0 19 2530748
4 0.528021 4241 0 26 2528847
4 0.529020 4277 0 22 2528132
4 0.530020 4321 0 32 2532723
4 0.531020 4256 0 25 2532405
4 0.532021 4348 0 28 2534720
4 0.533020 4296 0 15 2531920
4 0.534020 4189 3 57 2538838
4 0.535022 3719 13 197 2360519
4 0.536022 3508 38 332 2265627
4 0.537021 4821 4 43 2526218
4 0.538021 4449 3 79 2536119
4 0.539021 4372 0 34 2527509
4 0.540022 4374 3 54 2533162
4 0.541020 4233 0 15 2524870
4 0.542020 4353 0 26 2534525
4 0.543021 4363 0 28 2530808
4 0.544021 4300 4 46 2525434
4 0.545020 4286 0 31 2526208
4 0.546020 4297 0 23 2527826
4 0.547020 4360 0 19 2529481
4 0.548020 4423 3 37 2527910
4 0.549021 4284 0 35 2528902
4 0.550020 4355 0 29 2531026
4 0.551020 4355 0 34 2530878
4 0.552020 4311 2 41 2528039
4 0.553020 4358 0 16 2527189
4 0.554021 4327 3 42 2536088
4 0.555020 4263 0 28 2533641
4 0.556022 3473 42 304 2286799
4 0.557023 3069 6 352 2210360
4 0.558023 4314 29 139 2392691
4 0.559021 4558 0 28 2529108
4 0.560020 4361 3 28 2517170
4 0.561020 4250 0 20 2529930
4 0.562020 4335 0 29 2531647
4 0.563020 4364 0 19 2530756
4 0.564020 4392 1 62 2526253
4 0.565020 4369 0 23 2525514
4 0.566020 4247 0 17 2527709
4 0.567020 4355 0 24 2530232
4 0.568020 4399 2 34 2536305
4 0.569020 4354 0 27 2530940
4 0.570020 4298 0 21 2534814
4 0.571020 4234 0 25 2528711
4 0.572021 4390 1 29 2524863
4 0.573020 4212 0 16 2523174
4 0.574020 4368 0 20 2528845
4 0.575020 4332 0 19 2532381
4 0.576021 4386 3 48 2538041
4 0.577022 4286 12 84 2522975
4 0.578022 3209 0 269 2260953
4 0.579021 3910 0 139 2395730
4 0.580020 4255 3 38 2524295
4 0.581020 4327 0 19 2533851
4 0.582020 4341 0 27 2535652
4 0.583020 4338 0 20 2533539
4 0.584020 4366 0 52 2526232
4 0.585020 4355 0 39 2534001
4 0.586020 4306 0 22 2530154
4 0.587020 4353 0 37 2533584
4 0.588020 4286 1 34 2527522
4 0.589020 4297 0 24 2532379
4 0.590020 4289 0 27 2531700
4 0.591020 4365 0 25 2529741
4 0.592020 4355 2 47 2523418
4 0.593020 4361 0 21 2529905
4 0.594020 4349 0 28 2537698
4 0.595020 4420 3 75 2534567
4 0.596022 4778 15 136 2510533
4 0.597021 3421 14 357 2190763
4 0.598021 4390 5 124 2445567
4 0.599022 4512 3 114 2532849
4 0.600021 4288 2 42 2571400
4 0.601020 4307 0 35 2631841
4 0.602020 4423 0 19 2626994
4 0.603020 4323 0 24 2634488
4 0.604020 4357 3 46 2628715
4 0.605021 4416 0 23 2628861
4 0.606020 4341 0 16 2630786
4 0.607020 4354 0 20 2629026
4 0.608020 4391 2 32 2627218
4 0.609020 4453 0 35 2632671
4 0.610020 4388 0 26 2633110
4 0.611020 4343 0 23 2633708
4 0.612021 4435 1 34 2633355
4 0.613020 4322 0 21 2622395
4 0.614020 4369 3 30 2632098
4 0.615020 4358 3 79 2631170
4 0.616021 4104 13 109 2557088
4 0.617021 3078 1 300 2279916
4 0.618021 4371 0 28 2627800
4 0.619020 4438 3 25 2627821
4 0.620021 4396 2 30 2623686
4 0.621021 4372 0 22 2628281
4 0.622020 4404 0 29 2634483
4 0.623020 4513 0 20 2627791
4 0.624021 4523 1 40 2625736
4 0.625020 4556 0 40 2626626
4 0.626020 4506 0 12 2632123
4 0.627020 4436 0 23 2628931
4 0.628021 4506 1 28 2629755
4 0.629020 4523 0 25 2632172
4 0.630020 4505 0 35 2635396
4 0.631020 4503 0 42 2631676
4 0.632020 4516 1 24 2628310
4 0.633020 4528 0 31 2633176
4 0.634021 4419 3 63 2631428
4 0.635020 4428 3 71 2633613
4 0.636020 4484 3 45 2622269
4 0.637020 4456 0 28 2632578
4 0.638020 4491 0 28 2627478
4 0.639020 4457 0 26 2636350
4 0.640020 4608 2 33 2622092
4 0.641020 4489 0 37 2633702
4 0.642020 4554 0 25 2631137
4 0.643020 4558 0 38 2631000
4 0.644021 4388 0 30 2626413
4 0.645020 4541 0 31 2627267
4 0.646020 4445 0 31 2625428
4 0.647020 4541 0 25 2628502
4 0.648020 4538 3 46 2622863
4 0.649020 4529 0 42 2636729
4 0.650020 4558 0 26 2627654
4 0.651020 4529 0 31 2632154
4 0.652020 4537 1 24 2628630
4 0.653023 4460 42 130 2571865
4 0.654021 4176 49 265 2390985
4 0.655020 4186 12 184 2454925
4 0.656021 4564 1 18 2623864
4 0.657020 4494 0 18 2632402
4 0.658020 4536 0 36 2632953
4 0.659020 4560 0 39 2630645
4 0.660021 4353 1 22 2554026
4 0.661021 4420 3 24 2633252
4 0.662020 4372 0 25 2561599
4 0.663020 4351 0 11 2570755
4 0.664021 4392 2 17 2627709
4 0.665020 4417 0 28 2628428
4 0.666020 4484 0 22 2630114
4 0.667020 4423 0 16 2627648
4 0.668020 4476 2 28 2630094
4 0.669020 4442 0 34 2627646
4 0.670020 4448 0 36 2632027
4 0.671020 4444 0 25 2626408
4 0.672021 4551 2 36 2634743
4 0.673020 4435 0 32 2627562
4 0.674020 4413 0 38 2632695
4 0.675020 4454 2 27 2631894
4 0.676021 4473 5 79 2554110
4 0.677021 4473 3 103 2611242
4 0.678022 4500 2 75 2633322
4 0.679020 4457 1 58 2626457
4 0.680021 4510 5 81 2625055
4 0.681021 4545 3 77 2628204
4 0.682021 4505 2 92 2629966
4 0.683020 4614 2 99 2628141
4 0.684021 4519 4 88 2624433
4 0.685020 4484 2 83 2631394
4 0.686020 4511 4 69 2636139
4 0.687020 4468 1 113 2631391
4 0.688022 4435 6 85 2581531
4 0.689020 4513 2 72 2623833
4 0.690021 4438 2 62 2631422
4 0.691020 4471 2 85 2632547
4 0.692020 4610 6 60 2619437
4 0.693021 4598 2 90 2633525
4 0.694021 4418 2 83 2629381
4 0.695020 4602 5 52 2624411
4 0.696020 4551 5 98 2628932
4 0.697020 4573 2 159 2633043
4 0.698020 4605 2 59 2627845
4 0.699020 4548 2 56 2630430
4 0.700020 4616 5 86 2621104
4 0.701020 4503 2 78 2631860
4 0.702020 4501 2 99 2627715
4 0.703021 4499 2 94 2631441
4 0.704021 4606 5 89 2620226
4 0.705020 4483 1 128 2634126
4 0.706020 4485 2 68 2626934
4 0.707020 4501 2 75 2626144
4 0.708021 4451 6 70 2631480
4 0.709021 4632 2 113 2627853
4 0.710021 4629 2 81 2628767
4 0.711020 4500 2 94 2625816
4 0.712020 4746 4 90 2628489
4 0.713020 4566 3 72 2626446
4 0.714021 4540 2 87 2633703
4 0.715021 4491 2 78 2626333
4 0.716022 4650 6 94 2629710
4 0.717021 4577 2 79 2623984
4 0.718020 4513 2 61 2628306
4 0.719022 4580 3 84 2635666
4 0.720022 4603 6 138 2623377
4 0.721021 4481 3 67 2620396
4 0.722021 4453 2 110 2627182
4 0.723020 4583 2 85 2623386
4 0.724020 4685 7 95 2630236
4 0.725020 4641 2 63 2624160
4 0.726020 4594 2 80 2628577
4 0.727021 4556 2 109 2629272
4 0.728020 4543 5 69 2632316
4 0.729021 4507 2 53 2626319
4 0.730020 4600 2 69 2628400
4 0.731020 4655 2 102 2631610
4 0.732021 4521 5 104 2623037
4 0.733020 4541 2 106 2636850
4 0.734021 4576 2 125 2629466
4 0.735020 4558 2 83 2627713
4 0.736022 4646 6 97 2626428
4 0.737020 4546 2 79 2625387
4 0.738020 4597 2 71 2629543
4 0.739020 4495 3 77 2630958
4 0.740020 4595 5 66 2632708
4 0.741020 4568 2 84 2634003
4 0.742020 4625 2 67 2629288
4 0.743020 4571 2 66 2628391
4 0.744022 4596 6 127 2634560
4 0.745021 4589 2 64 2626399
4 0.746021 4588 3 78 2626126
4 0.747020 4546 2 80 2622945
4 0.748021 4531 5 81 2628859
4 0.749021 4549 2 91 2630060
4 0.750020 4533 2 53 2630219
4 0.751021 4545 2 77 2629586
4 0.752021 4505 5 76 2633573
4 0.753020 4586 2 86 2629227
4 0.754021 4587 2 127 2625466
4 0.755021 4634 2 81 2621015
4 0.756021 4454 8 49 2528064
4 0.757024 4520 0 100 2492960
4 0.758020 4479 1 148 2469762
4 0.759021 4038 0 229 2374635
4 0.760021 4566 3 174 2513651
4 0.761020 3968 0 223 2375155
4 0.762020 4021 0 343 2381806
4 0.763021 3933 0 323 2374326
4 0.764020 4042 2 187 2428843
4 0.765020 4640 0 138 2530589
4 0.766020 4091 0 193 2437036
4 0.767020 4337 0 20 2635153
4 0.768020 4396 1 36 2621616
4 0.769020 4430 0 29 2631232
4 0.770020 4384 0 36 2635150
4 0.771020 4375 0 25 2630774
4 0.772020 4358 2 27 2630478
4 0.773020 4445 0 17 2628163
4 0.774020 4369 0 29 2634412
4 0.775020 4509 0 28 2633300
4 0.776020 4402 2 52 2619607
4 0.777020 4449 0 18 2632901
4 0.778020 4302 0 16 2630882
4 0.779020 4409 0 28 2632378
4 0.780020 4416 1 32 2631849
4 0.781020 4448 0 44 2629001
4 0.782020 4410 0 22 2631058
4 0.783020 4385 0 24 2634388
4 0.784020 4344 0 24 2623452
4 0.785020 4411 0 22 2629616
4 0.786020 4382 0 19 2634351
4 0.787020 4494 0 27 2633585
4 0.788020 4432 1 27 2630729
4 0.789020 4362 0 27 2629554
4 0.790020 4419 0 19 2634927
4 0.791020 4369 0 27 2626537
4 0.792020 4425 1 28 2632062
4 0.793021 4478 0 33 2634913
4 0.794020 4501 0 24 2636371
4 0.795020 4352 0 18 2625369
4 0.796020 4378 3 35 2627873
4 0.797020 4445 0 27 2630821
4 0.798020 4358 0 27 2631891
4 0.799020 4377 0 18 2629783
4 0.800020 4343 2 29 2630371
4 0.801020 4359 0 21 2631092
4 0.802020 4327 0 20 2621793
4 0.803020 4393 0 21 2634140
4 0.804020 4357 3 21 2628479
4 0.805020 4400 0 19 2637486
4 0.806020 4414 0 28 2634150
4 0.807020 4405 0 23 2627631
4 0.808023 4387 3 20 2638568
4 0.809020 4357 0 36 2623334
4 0.810020 4460 0 26 2627546
4 0.811020 4456 0 28 2630531
4 0.812020 4473 3 24 2633087
4 0.813020 4394 0 23 2634927
4 0.814020 4437 0 26 2635930
4 0.815020 4362 0 21 2632989
4 0.816020 4529 3 46 2628744
4 0.817020 4391 0 36 2635094
4 0.818020 4370 0 40 2633423
4 0.819020 4433 0 15 2627031
4 0.820020 4365 3 48 2629026
4 0.821021 4359 4 39 2627576
4 0.822020 4472 0 25 2626691
4 0.823021 4404 3 36 2638091
4 0.824020 4370 1 34 2618993
4 0.825020 4417 0 24 2630000
4 0.826020 4399 0 16 2632453
4 0.827020 4494 0 36 2631222
4 0.828020 4418 11 73 2610079
4 0.829021 4610 39 205 2476921
4 0.830020 4656 3 94 2567396
4 0.831020 4899 10 54 2594825
4 0.832020 3952 7 259 2382670
4 0.833021 3974 0 274 2376695
4 0.834021 4009 0 291 2382886
4 0.835020 4040 0 258 2378283
4 0.836020 3959 3 274 2377572
4 0.837020 3991 0 247 2372051
4 0.838021 3937 0 276 2375905
4 0.839020 3987 0 237 2385058
4 0.840021 3996 2 306 2376280
4 0.841020 3984 0 314 2380287
4 0.842020 3905 0 234 2372319
4 0.843020 3951 0 294 2373928
4 0.844021 4288 0 78 2577982
4 0.845020 4422 0 35 2629275
4 0.846020 4452 0 26 2632683
4 0.847020 4299 4 37 2616852
4 0.848020 4332 1 41 2622081
4 0.849020 4249 0 19 2628333
4 0.850020 4325 0 23 2631433
4 0.851020 4208 0 23 2625467
4 0.852020 4285 0 36 2637075
4 0.853020 4428 0 25 2630205
4 0.854020 4391 0 21 2631318
4 0.855020 4322 0 25 2636717
4 0.856020 4363 3 36 2629217
4 0.857020 4247 0 25 2633643
4 0.858020 4205 0 26 2626510
4 0.859020 4338 0 33 2635599
4 0.860021 4357 0 25 2636423
4 0.861020 4295 0 24 2625651
4 0.862020 4290 0 35 2628651
4 0.863020 4270 0 28 2629480
4 0.864024 4254 2 34 2640071
4 0.865021 4351 0 19 2617840
4 0.866020 4345 0 23 2628371
4 0.867020 4233 0 33 2626157
4 0.868020 4340 1 22 2631634
4 0.869020 4264 0 38 2637923
4 0.870020 4280 0 22 2629980
4 0.871020 4301 0 18 2633719
4 0.872021 4312 1 48 2634442
4 0.873020 4300 0 18 2630287
4 0.874020 4352 0 37 2637777
4 0.875020 4324 0 28 2631859
4 0.876020 4333 1 26 2628851
4 0.877020 4339 0 14 2632852
4 0.878020 4279 0 23 2638437
4 0.879020 4239 0 21 2627428
4 0.880020 4294 0 25 2628038
4 0.881020 4347 0 22 2626825
4 0.882020 4365 0 30 2631062
4 0.883020 4274 0 33 2638192
4 0.884020 4276 3 38 2631922
4 0.885020 4381 0 28 2629733
4 0.886020 4197 0 18 2628180
4 0.887020 4371 0 9 2633397
4 0.888021 4349 2 41 2631601
4 0.889020 4235 0 15 2630812
4 0.890020 4317 0 30 2625504
4 0.891020 4280 0 13 2633132
4 0.892020 4308 3 28 2627251
4 0.893020 4253 0 25 2630555
4 0.894020 4225 0 37 2632001
4 0.895020 4297 0 19 2629790
4 0.896020 4350 3 24 2630246
4 0.897020 4299 0 34 2630800
4 0.898020 4384 0 27 2626547
4 0.899020 4309 0 20 2630378
4 0.900021 4325 2 37 2630139
4 0.901020 4259 0 29 2632914
4 0.902020 4293 0 17 2632710
4 0.903020 4365 0 20 2632611
4 0.904021 4317 0 37 2626189
4 0.905020 4339 0 22 2631307
4 0.906020 4296 0 30 2631236
4 0.907020 4325 0 20 2628411
4 0.908020 4337 1 26 2629607
4 0.909020 4316 0 26 2634909
4 0.910021 4321 0 23 2636641
4 0.911020 4245 0 17 2625817
4 0.912020 4360 1 46 2634324
4 0.913020 4342 0 35 2632407
4 0.914020 4430 0 41 2632167
4 0.915020 4377 0 28 2631442
4 0.916021 4382 1 25 2619934
4 0.917020 4341 3 31 2613568
4 0.918020 4363 0 21 2626101
4 0.919020 4320 0 23 2622274
4 0.920021 4404 2 29 2629266
4 0.921020 4250 0 24 2629140
4 0.922020 4312 0 16 2631015
4 0.923020 4226 3 18 2635487
4 0.924020 4313 2 38 2624017
4 0.925020 4316 3 38 2630142
4 0.926020 4297 0 25 2634512
4 0.927020 4324 0 22 2626141
4 0.928021 4277 3 25 2634117
4 0.929020 4369 0 19 2622405
4 0.930020 4293 0 19 2639706
4 0.931020 4350 0 20 2628950
4 0.932020 4323 2 25 2630384
4 0.933020 4367 0 24 2630756
4 0.934020 4422 0 29 2636945
4 0.935020 4328 0 36 2634065
4 0.936020 4263 1 24 2625015
4 0.937020 4264 0 25 2632428
4 0.938020 4339 0 27 2631492
4 0.939020 4336 0 19 2626157
4 0.940020 4394 1 26 2627806
4 0.941020 4283 0 23 2630486
4 0.942020 4316 0 30 2634349
4 0.943020 4298 0 19 2624750
4 0.944020 4233 1 35 2629664
4 0.945020 4433 6 22 2629629
4 0.946020 4362 0 18 2632142
4 0.947020 4309 0 26 2628927
4 0.948020 4343 1 17 2629404
4 0.949020 4397 0 21 2633606
4 0.950020 4371 0 34 2635495
4 0.951020 4406 0 22 2629467
4 0.952020 4275 1 14 2627330
4 0.953020 4294 0 24 2631399
4 0.954020 4402 0 17 2632811
4 0.955020 4208 0 20 2627209
4 0.956021 4283 0 40 2641181
4 0.957020 4336 0 28 2622949
4 0.958020 4307 0 26 2625906
4 0.959020 4266 0 21 2632301
4 0.960020 4331 2 35 2629393
4 0.961020 4234 0 22 2625965
4 0.962020 4252 3 24 2621840
4 0.963020 4315 0 30 2634291
4 0.964020 4249 1 40 2621875
4 0.965020 4359 0 31 2636128
4 0.966020 4383 0 35 2627489
4 0.967020 4298 0 27 2632600
4 0.968020 4253 1 42 2632448
4 0.969020 4394 0 39 2632519
4 0.970020 4375 2 31 2623247
4 0.971021 4466 13 44 2610733
4 0.972022 4433 19 98 2568320
4 0.973026 4149 18 98 2587248
4 0.974021 4296 23 141 2550939
4 0.975020 4115 24 100 2565906
4 0.976020 4340 27 77 2578067
4 0.977020 4270 18 83 2581665
4 0.978020 4262 21 119 2585696
4 0.979020 4281 24 155 2566948
4 0.980020 4237 19 124 2577338
4 0.981021 4619 13 101 2604399
4 0.982020 4449 20 110 2574985
4 0.983021 4530 21 101 2579693
4 0.984021 4514 24 98 2573027
4 0.985022 4342 16 86 2589389
4 0.986021 4231 1 28 2562398
4 0.987020 4321 0 29 2575992
4 0.988021 4239 5 47 2560948
4 0.989021 4287 0 59 2561696
4 0.990020 4281 0 45 2573079
4 0.991020 4203 0 25 2575975
4 0.992021 4286 3 45 2545974
4 0.993021 4368 0 33 2583196
4 0.994021 4337 9 44 2567139
4 0.995022 4238 0 32 2582403
4 0.996021 4193 2 57 2560370
4 0.997020 4255 0 39 2570599
4 0.998021 4245 0 51 2567525
4 0.999020 4152 0 37 2578319
4 1.000021 4173 1 43 2576320
4 1.001021 4251 0 28 2567970
4 1.002022 4264 0 35 2588277
4 1.003021 4229 0 36 2569094
4 1.004021 4191 4 37 2564262
4 1.005020 4192 0 18 2587298
4 1.006021 4103 0 32 2575382
4 1.007021 4250 0 46 2573036
4 1.008020 4229 4 67 2562438
4 1.009021 4301 0 40 2593069
4 1.010020 4351 0 57 2583465
4 1.011021 4203 0 51 2586096
4 1.012020 4165 2 49 2577237
4 1.013020 4113 0 28 2581978
4 1.014020 4204 0 64 2576463
4 1.015021 4324 0 60 2579002
4 1.016021 4197 3 51 2570470
4 1.017020 4232 0 28 2582451
4 1.018020 4285 0 36 2588922
4 1.019020 4172 0 40 2587748
4 1.020022 4282 3 29 2582072
4 1.021020 4566 0 27 2577708
4 1.022020 4685 1 32 2583117
4 1.023020 4669 1 47 2570846
4 1.024023 4062 6 161 2430871
4 1.025020 3691 0 242 2371713
4 1.026021 3853 0 252 2389415
4 1.027020 3775 8 250 2385372
4 1.028021 4215 1 38 2611580
4 1.029020 4422 0 37 2629292
4 1.030020 4338 0 36 2631872
4 1.031020 4394 0 21 2632880
4 1.032020 4326 2 22 2623765
4 1.033020 4345 0 22 2632980
4 1.034020 4373 0 11 2633534
4 1.035020 4416 0 17 2628684
4 1.036020 4365 2 20 2626541
4 1.037020 4408 0 28 2635164
4 1.038020 4366 0 29 2633482
4 1.039020 4365 0 36 2631865
4 1.040020 4344 1 24 2631328
4 1.041020 4468 0 37 2620073
4 1.042020 4419 0 25 2630436
4 1.043020 4412 0 21 2625837
4 1.044020 4344 3 45 2629356
4 1.045020 4359 0 21 2630223
4 1.046020 4341 0 18 2632080
4 1.047020 4380 0 20 2632820
4 1.048020 4444 1 30 2625633
4 1.049020 4383 0 19 2633158
4 1.050020 4454 0 36 2627146
4 1.051020 4425 0 33 2630518
4 1.052020 4409 0 19 2627730
4 1.053020 4399 0 25 2631608
4 1.054020 4405 0 18 2628689
4 1.055020 4339 0 21 2629263
4 1.056020 4361 2 21 2627987
4 1.057020 4404 0 20 2634037
4 1.058020 4365 0 19 2629404
4 1.059021 4646 6 27 2620875
4 1.060020 4538 2 66 2570840
4 1.061020 4123 0 176 2463417
4 1.062021 3891 0 252 2380653
4 1.063021 3878 0 268 2378677
4 1.064020 3923 1 251 2377079
4 1.065020 3860 0 289 2387101
4 1.066020 3883 0 274 2391121
4 1.067020 4171 0 179 2495088
4 1.068020 4293 3 36 2625994
4 1.069020 4399 0 29 2630408
4 1.070020 4501 0 33 2626712
4 1.071020 4462 0 25 2632421
4 1.072020 4393 2 25 2628834
4 1.073020 4347 0 18 2632257
4 1.074020 4361 0 26 2631180
4 1.075020 4532 0 35 2614069
4 1.076020 4457 1 23 2626596
4 1.077020 4407 0 18 2626307
4 1.078020 4303 0 21 2630165
4 1.079020 4436 0 25 2632475
4 1.080020 4537 2 37 2629830
4 1.081020 4397 0 29 2632929
4 1.082020 4319 0 24 2626248
4 1.083020 4390 0 37 2630066
4 1.084020 4425 1 28 2622713
4 1.085020 4532 0 37 2632767
4 1.086020 4420 0 26 2638585
4 1.087020 4380 0 38 2630552
4 1.088020 4338 2 24 2626879
4 1.089020 4446 0 30 2631558
4 1.090020 4386 0 28 2634487
4 1.091020 4314 0 40 2627957
4 1.092020 4474 1 41 2632662
4 1.093020 4482 0 24 2632429
4 1.094020 4397 0 20 2629359
4 1.095020 4370 0 21 2633954
4 1.096020 4404 3 27 2633329
4 1.097020 4445 0 29 2627361
4 1.098020 4393 0 17 2634971
4 1.099020 4403 0 25 2628993
4 1.100021 4449 2 27 2628398
4 1.101020 4379 0 26 2632113
4 1.102020 4439 0 25 2633593
4 1.103020 4420 0 23 2629430
4 1.104020 4449 1 46 2629884
4 1.105020 4370 0 24 2634012
4 1.106020 4230 0 11 2632503
4 1.107020 4404 0 31 2632597
4 1.108020 4451 0 27 2635082
4 1.109020 4301 0 22 2631183
4 1.110020 4423 0 31 2627772
4 1.111020 4345 0 27 2632347
4 1.112020 4411 1 34 2622305
4 1.113020 4482 0 36 2631007
4 1.114020 4393 0 26 2633168
4 1.115020 4321 0 27 2628477
4 1.116020 4335 1 42 2626282
4 1.117020 4363 0 21 2628379
4 1.118020 4442 0 19 2630881
4 1.119020 4510 0 29 2631057
4 1.120020 4393 2 41 2625062
4 1.121020 4550 0 30 2627322
4 1.122020 4520 0 24 2630057
4 1.123020 4431 0 22 2627878
4 1.124020 4517 3 37 2625981
4 1.125020 4491 0 30 2631599
4 1.126020 4563 0 28 2630366
4 1.127020 4533 2 56 2631594
4 1.128020 4713 13 70 2584113
4 1.129021 4362 11 176 2455178
4 1.130021 4013 0 243 2386570
4 1.131021 3959 0 252 2391744
4 1.132020 4184 2 248 2420564
4 1.133020 4857 3 95 2627359
4 1.134020 4732 4 65 2579597
4 1.135021 4927 0 46 2613698
4 1.136021 4251 5 220 2431652
4 1.137020 4019 0 259 2386934
4 1.138020 4050 0 272 2434885
4 1.139020 4486 0 19 2626724
4 1.140020 4455 2 39 2619681
4 1.141020 4450 0 19 2628498
4 1.142020 4470 0 22 2629709
4 1.143020 4482 0 14 2629671
4 1.144020 4465 3 22 2614772
4 1.145021 4577 0 31 2630827
4 1.146020 4537 0 15 2626585
4 1.147020 4373 0 23 2637925
4 1.148020 4562 3 44 2632647
4 1.149020 4442 0 29 2627591
4 1.150020 4527 0 27 2633195
4 1.151020 4433 0 18 2633880
4 1.152021 4503 3 28 2630851
4 1.153020 4515 0 21 2626290
4 1.154020 4487 0 27 2628192
4 1.155020 4529 0 28 2631636
4 1.156020 4483 3 48 2630798
4 1.157020 4486 0 37 2632441
4 1.158020 4559 0 15 2630570
4 1.159020 4570 0 30 2628741
4 1.160020 4478 1 33 2632422
4 1.161020 4461 0 25 2628232
4 1.162020 4476 0 44 2635120
4 1.163020 4504 0 22 2627564
4 1.164020 4389 0 25 2623587
4 1.165020 4566 0 30 2627943
4 1.166020 4469 0 20 2627234
4 1.167020 4471 0 26 2635713
4 1.168020 4437 2 31 2626567
4 1.169020 4456 0 34 2633102
4 1.170020 4624 0 27 2633007
4 1.171020 4479 0 28 2622051
4 1.172020 4429 3 28 2630044
4 1.173020 4480 0 39 2631703
4 1.174020 4445 0 19 2630321
4 1.175020 4492 0 31 2628613
4 1.176020 4481 3 51 2627219
4 1.177020 4502 0 26 2625283
4 1.178020 4480 0 22 2628871
4 1.179020 4599 0 24 2633242
4 1.180020 4542 2 40 2628163
4 1.181020 4482 0 25 2627258
4 1.182020 4413 0 31 2628641
4 1.183020 4582 0 20 2627866
4 1.184020 4530 1 23 2628803
4 1.185020 4478 0 19 2631162
4 1.186020 4506 0 20 2634337
4 1.187020 4510 0 34 2632120
4 1.188020 4562 2 24 2625038
4 1.189020 4505 0 41 2634410
4 1.190020 4420 0 28 2623794
4 1.191020 4408 0 25 2630632
4 1.192020 4550 1 42 2626039
4 1.193020 4555 0 34 2635506
4 1.194020 4329 0 25 2633858
4 1.195020 4445 0 17 2628516
4 1.196020 4524 1 17 2628366
4 1.197021 4692 7 58 2600008
4 1.198020 4424 1 154 2455505
4 1.199021 3805 0 257 2373155
4 1.200020 4020 1 277 2394060
4 1.201020 4049 0 245 2400323
4 1.202020 4614 0 21 2637538
4 1.203020 4510 0 29 2628066
4 1.204020 4502 0 36 2621294
4 1.205020 4547 0 28 2631772
4 1.206020 4546 0 22 2628283
4 1.207020 4556 0 38 2633173
4 1.208020 4394 2 37 2627559
4 1.209020 4497 0 12 2634679
4 1.210020 4538 0 16 2629450
4 1.211020 4426 0 27 2626392
4 1.212020 4416 4 33 2621073
4 1.213020 4422 0 28 2625296
4 1.214020 4565 0 16 2630781
4 1.215020 4463 0 20 2632831
4 1.216020 4549 2 23 2631556
4 1.217020 4479 0 24 2630237
4 1.218020 4499 0 37 2633224
4 1.219020 4482 0 29 2626720
4 1.220020 4560 2 28 2624058
4 1.221020 4508 0 28 2624158
4 1.222020 4399 0 19 2636387
4 1.223020 4534 0 56 2628894
4 1.224020 4603 3 39 2631581
4 1.225020 4519 0 26 2630351
4 1.226020 4375 0 29 2629822
4 1.227020 4496 0 24 2632791
4 1.228020 4418 4 24 2628926
4 1.229020 4379 4 40 2630903
4 1.230020 4481 11 86 2542580
4 1.231020 3831 8 237 2375627
4 1.232020 4009 2 280 2372687
4 1.233020 4059 0 298 2394607
4 1.234020 4423 0 26 2628459
4 1.235020 4411 0 17 2627900
4 1.236020 4540 1 26 2627469
4 1.237020 4486 0 31 2628709
4 1.238020 4430 0 29 2629780
4 1.239020 4555 0 42 2633543
4 1.240020 4444 1 27 2555947
4 1.241020 4567 0 25 2571100
4 1.242020 4562 0 28 2573344
4 1.243020 4441 0 25 2567040
4 1.244020 4396 3 30 2627572
4 1.245020 4371 0 24 2634896
4 1.246020 4470 0 27 2628388
4 1.247020 4348 0 21 2629669
4 1.248020 4440 1 36 2623005
4 1.249020 4392 0 22 2634088
4 1.250020 4395 0 21 2634583
4 1.251020 4293 0 27 2629098
4 1.252020 4381 1 44 2626179
4 1.253020 4541 0 30 2686178
4 1.254020 4400 0 20 2671895
4 1.255020 4454 0 43 2633779
4 1.256020 4453 1 20 2633660
4 1.257020 4492 0 20 2672336
4 1.258020 4481 0 23 2663459
4 1.259020 4395 8 155 2540664
4 1.260020 3936 1 291 2461881
4 1.261020 3863 0 225 2477173
4 1.262021 3974 0 322 2473521
4 1.263021 3995 0 227 2460494
4 1.264020 4057 0 279 2459709
4 1.265020 4278 0 202 2572352
4 1.266020 4467 0 28 2728248
4 1.267020 4454 0 18 2732989
4 1.268020 4362 2 32 2660281
4 1.269020 4403 0 20 2682157
4 1.270020 4361 0 18 2678260
4 1.271020 4383 0 26 2689231
4 1.272020 4373 3 21 2725492
4 1.273020 4441 0 20 2626989
4 1.274020 4431 0 17 2631744
4 1.275020 4462 0 20 2631651
4 1.276020 4414 3 36 2628254
4 1.277020 4435 0 31 2637665
4 1.278020 4335 0 14 2628168
4 1.279020 4395 0 33 2682012
4 1.280020 4446 3 29 2661358
4 1.281020 4456 0 28 2634112
4 1.282020 4487 0 35 2635084
4 1.283020 4361 0 14 2630487
4 1.284020 4459 2 28 2624292
4 1.285020 4468 0 24 2672498
4 1.286020 4424 0 27 2657893
4 1.287020 4505 0 35 2689762
4 1.288020 4420 3 36 2659352
4 1.289020 4452 0 23 2691537
4 1.290020 4429 0 30 2682428
4 1.291020 4454 0 51 2632575
4 1.292020 4384 3 36 2679011
4 1.293020 4378 0 21 2731657
4 1.294020 4396 0 13 2732759
4 1.295020 4400 0 14 2730959
4 1.296020 4430 1 23 2726937
4 1.297020 4477 0 26 2732855
4 1.298020 4396 0 42 2732037
4 1.299020 4389 0 24 2665365
4 1.300020 4379 2 25 2684053
4 1.301020 4513 0 27 2734095
4 1.302020 4555 0 29 2732916
4 1.303020 4500 0 31 2681252
4 1.304020 4455 2 21 2558090
4 1.305020 4338 0 22 2579145
4 1.306020 4314 0 18 2561425
4 1.307020 4447 0 32 2636184
4 1.308020 4366 1 58 2660689
4 1.309020 4359 0 16 2690781
4 1.310020 4409 0 15 2676604
4 1.311020 4369 0 25 2631282
4 1.312020 4406 2 23 2562927
4 1.313020 4430 0 23 2617712
4 1.314020 4381 0 23 2666490
4 1.315020 4404 0 22 2632507
4 1.316020 4419 1 22 2623060
4 1.317020 4614 7 35 2668663
4 1.318020 4536 0 30 2732821
4 1.319020 4486 0 26 2730400
4 1.320020 4374 2 21 2658354
4 1.321020 4425 0 29 2684759
4 1.322020 4421 0 24 2682283
4 1.323020 4397 0 19 2634478
4 1.324020 4503 1 35 2684325
4 1.325020 4444 0 28 2685445
4 1.326020 4413 0 28 2627826
4 1.327020 4347 0 34 2671750
4 1.328020 4264 2 20 2658751
4 1.329020 4315 0 24 2683677
4 1.330020 4495 0 22 2732890
4 1.331020 4296 3 28 2608854
4 1.332020 4402 4 34 2667908
4 1.333020 4371 4 45 2682003
4 1.334020 4364 1 26 2679434
4 1.335020 4413 0 22 2682703
4 1.336021 4342 3 71 2653867
4 1.337020 4307 0 40 2682111
4 1.338020 4382 1 26 2683850
4 1.339020 4403 0 30 2673164
4 1.340021 4338 3 59 2681695
4 1.341020 4315 0 31 2679670
4 1.342020 4271 2 44 2669531
4 1.343020 4307 0 42 2668053
4 1.344021 4262 3 62 2665322
4 1.345020 4348 0 26 2686083
4 1.346020 4228 0 34 2670655
4 1.347020 4435 0 40 2682666
4 1.348020 4400 1 37 2677361
4 1.349021 4404 0 32 2681040
4 1.350020 4299 0 47 2673991
4 1.351020 4368 0 75 2680294
4 1.352021 4316 4 40 2682317
4 1.353020 4236 0 39 2685298
4 1.354020 4262 0 38 2684756
4 1.355021 4405 0 45 2680833
4 1.356021 4350 3 54 2663548
4 1.357020 4305 1 44 2676635
4 1.358020 4309 0 44 2679629
4 1.359020 4289 0 21 2656444
4 1.360021 4428 2 49 2678095
4 1.361020 4245 0 33 2676079
4 1.362021 4366 1 40 2675124
4 1.363020 4379 3 27 2682162
4 1.364021 4319 2 33 2675980
4 1.365020 4342 3 36 2681456
4 1.366020 4323 0 32 2684526
4 1.367020 4396 0 30 2688181
4 1.368021 4294 5 38 2675420
4 1.369021 4265 0 35 2683882
4 1.370020 4315 0 43 2670264
4 1.371020 4325 0 69 2683055
4 1.372020 4283 4 47 2660677
4 1.373020 4356 1 39 2675455
4 1.374020 4365 1 30 2681421
4 1.375020 4323 0 46 2686075
4 1.376020 4314 4 47 2676095
4 1.377020 4249 0 37 2675704
4 1.378020 4287 0 44 2675475
4 1.379020 4339 0 31 2684439
4 1.380021 4267 2 39 2560250
4 1.381021 4243 0 32 2626310
4 1.382020 4391 0 54 2667932
4 1.383020 4242 0 34 2598348
4 1.384021 4355 3 28 2573281
4 1.385020 4250 0 34 2572918
4 1.386022 4321 0 37 2587126
4 1.387020 4217 0 25 2576636
4 1.388020 4269 5 49 2576020
4 1.389020 4301 0 57 2579889
4 1.390020 4254 0 50 2579789
4 1.391020 4328 0 33 2581527
4 1.392021 4282 4 57 2582498
4 1.393020 4343 1 40 2577827
4 1.394020 4298 0 66 2577938
4 1.395020 4690 0 37 2585706
4 1.396022 4046 6 190 2402108
4 1.397021 4345 0 127 2509526
4 1.398021 3920 1 227 2400180
4 1.399021 3867 0 247 2381076
4 1.400020 3892 3 238 2388740
4 1.401020 4377 0 116 2533846
4 1.402020 3964 0 199 2440627
4 1.403020 3951 0 219 2390446
4 1.404020 3837 4 255 2391427
4 1.405021 3912 0 295 2381591
4 1.406020 3864 0 214 2389665
4 1.407020 3862 0 270 2398094
4 1.408020 3841 0 225 2381941
4 1.409021 3884 0 267 2387873
4 1.410020 4237 2 203 2476002
4 1.411020 4425 3 58 2576682
4 1.412022 4198 3 173 2479357
4 1.413021 3967 0 228 2421662
4 1.414020 3831 0 270 2384798
4 1.415020 4289 0 73 2607451
4 1.416020 4328 3 24 2620776
4 1.417020 4280 0 23 2632316
4 1.418020 4338 0 32 2634930
4 1.419020 4278 0 22 2636616
4 1.420020 4350 3 18 2626455
4 1.421020 4411 0 30 2631113
4 1.422020 4260 0 19 2631481
4 1.423020 4411 0 27 2632100
4 1.424020 4266 3 41 2623460
4 1.425020 4337 1 16 2629527
4 1.426020 4349 0 20 2631398
4 1.427020 4313 0 20 2636017
4 1.428020 4371 1 35 2625063
4 1.429020 4341 0 23 2629295
4 1.430020 4258 0 21 2633786
4 1.431020 4298 0 24 2622933
4 1.432020 4322 2 28 2631419
4 1.433020 4192 2 49 2631439
4 1.434020 4392 0 27 2633005
4 1.435020 4212 2 43 2634600
4 1.436020 4096 1 23 2629200
4 1.437020 4380 0 27 2629066
4 1.438020 4466 0 27 2632831
4 1.439020 4256 0 29 2570110
4 1.440020 4233 1 21 2589913
4 1.441020 4307 0 32 2625960
4 1.442020 4366 0 29 2637983
4 1.443020 4371 0 24 2625395
4 1.444020 4189 0 29 2624092
4 1.445020 4268 0 21 2624561
4 1.446020 4218 0 30 2634971
4 1.447020 4168 0 27 2632911
4 1.448020 4249 0 28 2628924
4 1.449020 4362 0 14 2635983
4 1.450020 4255 0 19 2629290
4 1.451020 4338 0 27 2633354
4 1.452020 4359 2 26 2626950
4 1.453020 4218 0 23 2629635
4 1.454020 4281 0 34 2630897
4 1.455020 4290 0 26 2626069
4 1.456021 4407 1 41 2621917
4 1.457021 4278 0 19 2629420
4 1.458020 4402 0 19 2637409
4 1.459020 4374 0 29 2630108
4 1.460020 4301 1 35 2626119
4 1.461020 4291 0 25 2638647
4 1.462020 4249 0 18 2625595
4 1.463020 4302 0 20 2635281
4 1.464020 4354 1 39 2625547
4 1.465020 4308 0 23 2629006
4 1.466020 4346 0 21 2627856
4 1.467020 4315 0 19 2633251
4 1.468020 4268 1 32 2627710
4 1.469020 4306 0 22 2627821
4 1.470020 4239 0 26 2623031
4 1.471020 4250 0 22 2633095
4 1.472020 4281 2 19 2624160
4 1.473020 4355 0 32 2632613
4 1.474020 4324 0 21 2630534
4 1.475020 4376 0 21 2634835
4 1.476020 4342 3 39 2631818
4 1.477020 4269 0 17 2627295
4 1.478020 4069 0 16 2634919
4 1.479020 4330 0 22 2636631
4 1.480020 4464 3 26 2629527
4 1.481020 4420 0 26 2636992
4 1.482020 4202 0 35 2630783
4 1.483020 4291 0 26 2633347
4 1.484020 4421 3 37 2636003
4 1.485020 4337 0 51 2629987
4 1.486020 4374 0 30 2635678
4 1.487020 4301 0 20 2627913
4 1.488020 4377 3 33 2624422
4 1.489020 4334 0 15 2625958
4 1.490020 4365 0 26 2636182
4 1.491020 4378 0 26 2629333
4 1.492020 4325 2 34 2628991
4 1.493020 4319 0 25 2630309
4 1.494020 4262 0 24 2632578
4 1.495020 4292 0 27 2625007
4 1.496020 4370 3 37 2624518
4 1.497020 4255 0 17 2633066
4 1.498020 4400 0 20 2636483
4 1.499020 4187 0 23 2629340
4 1.500020 4273 1 22 2631132
4 1.501020 4202 0 20 2631757
4 1.502020 4304 0 28 2628503
4 1.503020 4303 0 35 2630513
4 1.504020 4328 0 40 2627180
4 1.505020 4301 0 27 2625494
4 1.506020 4381 0 25 2630721
4 1.507020 4248 0 22 2628357
4 1.508020 4213 2 41 2626322
4 1.509020 4305 0 39 2630798
4 1.510020 4269 0 27 2630671
4 1.511020 4308 0 31 2627961
4 1.512021 4353 0 43 2632168
4 1.513020 4427 0 18 2630128
4 1.514020 4473 0 28 2632769
4 1.515020 4438 0 35 2627659
4 1.516020 4364 2 30 2629026
4 1.517020 4306 0 16 2628035
4 1.518020 4398 0 29 2629576
4 1.519020 4379 0 19 2636050
4 1.520020 4368 2 27 2635512
4 1.521020 4438 0 22 2626250
4 1.522020 4454 0 26 2630262
4 1.523020 4327 0 26 2627126
4 1.524020 4346 2 50 2624966
4 1.525020 4367 0 20 2627788
4 1.526020 4403 0 24 2636078
4 1.527020 4367 0 22 2633769
4 1.528020 4332 3 40 2623969
4 1.529020 4446 0 22 2631255
4 1.530020 4339 0 24 2636194
4 1.531020 4392 0 15 2632777
4 1.532020 4583 10 60 2602611
4 1.533020 4768 0 33 2585542
4 1.534020 4378 2 119 2484025
4 1.535021 4739 3 73 2607960
4 1.536021 4664 13 69 2530771
4 1.537020 4673 3 70 2546589
4 1.538021 4076 5 233 2398355
4 1.539020 3904 0 216 2379542
4 1.540020 3884 2 283 2380223
4 1.541020 3920 0 225 2379838
4 1.542020 3855 0 251 2389493
4 1.543020 3843 0 222 2377293
4 1.544020 3762 1 270 2370686
4 1.545021 3990 0 231 2384292
4 1.546020 3900 0 247 2380028
4 1.547021 3844 0 259 2386798
4 1.548021 3860 1 224 2384311
4 1.549020 3822 0 257 2387309
4 1.550020 3851 0 279 2378231
4 1.551020 3904 0 256 2392752
4 1.552021 4092 2 252 2403642
4 1.553020 3920 0 195 2408738
4 1.554020 3872 0 233 2381747
4 1.555020 3766 0 262 2386106
4 1.556020 3831 4 259 2378189
4 1.557020 3879 0 255 2376062
4 1.558020 3952 0 215 2391857
4 1.559020 3811 0 256 2384838
4 1.560021 3903 2 254 2382632
4 1.561020 3837 0 297 2381002
4 1.562020 3882 0 209 2376508
4 1.563020 3964 0 233 2380809
4 1.564020 3869 1 229 2380855
4 1.565020 4232 0 98 2549680
4 1.566020 4391 0 22 2628290
4 1.567020 4389 0 18 2631804
4 1.568021 4463 2 23 2632216
4 1.569020 4342 0 16 2622090
4 1.570020 4462 0 21 2632593
4 1.571020 4401 0 28 2629479
4 1.572020 4341 2 33 2625488
4 1.573020 4396 0 25 2634941
4 1.574020 4367 0 26 2629639
4 1.575020 4385 0 14 2629249
4 1.576020 4341 2 32 2626906
4 1.577020 4485 0 25 2630935
4 1.578020 4331 0 33 2632612
4 1.579020 4455 0 20 2628997
4 1.580020 4371 2 21 2622457
4 1.581020 4387 0 22 2633447
4 1.582020 4431 0 21 2632321
4 1.583020 4427 0 23 2632749
4 1.584020 4315 3 28 2631652
4 1.585020 4452 0 32 2638051
4 1.586020 4327 0 13 2627585
4 1.587020 4408 0 32 2632030
4 1.588020 4358 0 40 2627349
4 1.589020 4298 0 23 2630064
4 1.590020 4396 0 27 2632205
4 1.591020 4440 0 26 2635910
4 1.592020 4403 2 37 2625099
4 1.593020 4459 0 26 2627396
4 1.594020 4298 0 29 2630279
4 1.595020 4430 0 16 2628822
4 1.596020 4432 2 28 2629055
4 1.597020 4362 0 18 2628405
4 1.598020 4357 0 21 2631750
4 1.599020 4398 0 29 2629317
4 1.600021 4436 3 39 2627013
4 1.601020 4394 0 26 2631006
4 1.602020 4401 0 39 2633641
4 1.603020 4426 0 24 2625678
4 1.604020 4439 2 29 2627071
4 1.605020 4509 0 34 2631244
4 1.606020 4376 0 25 2637791
4 1.607020 4341 0 23 2637233
4 1.608020 4342 0 44 2627321
4 1.609020 4450 0 15 2630480
4 1.610020 4357 0 25 2558030
4 1.611020 4292 0 25 2578622
4 1.612020 4423 2 40 2629229
4 1.613020 4439 0 30 2636173
4 1.614020 4482 0 33 2630617
4 1.615020 4409 0 27 2630028
4 1.616020 4573 3 32 2623089
4 1.617020 4461 0 24 2631405
4 1.618020 4544 0 31 2633421
4 1.619020 4538 0 23 2630021
4 1.620020 4546 1 37 2628355
4 1.621020 4564 0 25 2629853
4 1.622020 4455 0 20 2633920
4 1.623020 4418 0 22 2631432
4 1.624020 4423 1 27 2622225
4 1.625020 4602 0 23 2630566
4 1.626020 4566 0 39 2630405
4 1.627020 4498 0 24 2626187
4 1.628020 4378 2 44 2626933
4 1.629020 4525 0 29 2633980
4 1.630020 4575 0 34 2630120
4 1.631020 4406 0 22 2628962
4 1.632020 4524 3 28 2627759
4 1.633020 4541 0 36 2629823
4 1.634020 4539 0 28 2627590
4 1.635020 4577 0 39 2633919
4 1.636020 4453 2 21 2631299
4 1.637020 4521 0 29 2633290
4 1.638020 4492 2 31 2633686
4 1.639020 4434 2 29 2682606
4 1.640020 4604 2 38 2660200
4 1.641021 4500 0 27 2685660
4 1.642020 4438 0 27 2728101
4 1.643020 4471 0 21 2728055
4 1.644020 4460 3 25 2728405
4 1.645020 4524 0 22 2735359
4 1.646020 4527 0 20 2658648
4 1.647020 4483 0 27 2668109
4 1.648020 4480 1 30 2656578
4 1.649020 4517 0 26 2680957
4 1.650020 4511 0 32 2685024
4 1.651020 4389 0 29 2683658
4 1.652020 4623 1 37 2731545
4 1.653020 4477 0 36 2729167
4 1.654020 4586 0 25 2734414
4 1.655020 4539 0 31 2670545
4 1.656020 4514 1 33 2628867
4 1.657020 4557 0 23 2628709
4 1.658020 4593 0 34 2629033
4 1.659020 4498 0 15 2636340
4 1.660020 4515 1 35 2683133
4 1.661020 4375 0 24 2733842
4 1.662020 4510 0 31 2657996
4 1.663020 4487 0 46 2684365
4 1.664020 4525 2 22 2664105
4 1.665020 4478 0 22 2692895
4 1.666020 4611 0 50 2730726
4 1.667020 4552 0 27 2691598
4 1.668020 4563 1 15 2692026
4 1.669020 4535 0 19 2727374
4 1.670020 4532 0 31 2658387
4 1.671020 4549 0 22 2628602
4 1.672020 4559 1 25 2622444
4 1.673020 4496 0 21 2691014
4 1.674020 4455 0 25 2674499
4 1.675020 4538 0 22 2664720
4 1.676020 4531 2 29 2658805
4 1.677020 4488 0 29 2626528
4 1.678020 4390 0 31 2629035
4 1.679020 4469 0 26 2677014
4 1.680020 4558 2 27 2657177
4 1.681020 4581 0 20 2680705
4 1.682020 4609 0 36 2665144
4 1.683020 4497 0 23 2633538
4 1.684020 4489 1 29 2682048
4 1.685020 4544 0 16 2729524
4 1.686020 4654 0 19 2678826
4 1.687020 4535 0 20 2628147
4 1.688020 4413 3 65 2636689
4 1.689020 4489 0 15 2629619
4 1.690020 4549 0 26 2692533
4 1.691020 4532 0 25 2732099
4 1.692020 4418 2 30 2657405
4 1.693020 4504 0 35 2679702
4 1.694020 4472 0 44 2734111
4 1.695020 4478 0 20 2673053
4 1.696020 4394 2 24 2627932
4 1.697020 4457 0 19 2694062
4 1.698020 4592 0 28 2728177
4 1.699020 4574 0 18 2732901
4 1.700020 4568 3 42 2659669
4 1.701020 4531 0 24 2632148
4 1.702020 4437 0 23 2685385
4 1.703020 4665 0 26 2729690
4 1.704020 4557 2 28 2658114
4 1.705020 4536 0 23 2683446
4 1.706020 4522 0 31 2728492
4 1.707020 4529 0 25 2685706
4 1.708020 4528 2 33 2690047
4 1.709020 4543 0 29 2725691
4 1.710020 4535 0 44 2671289
4 1.711020 4472 0 31 2675040
4 1.712020 4439 3 30 2653256
4 1.713020 4469 0 17 2685294
4 1.714020 4558 0 27 2685297
4 1.715020 4463 0 23 2632385
4 1.716020 4528 2 55 2630401
4 1.717020 4507 0 24 2632160
4 1.718020 4536 0 21 2676983
4 1.719020 4510 0 16 2662109
4 1.720020 4404 1 27 2622168
4 1.721020 4482 0 35 2683326
4 1.722020 4593 0 26 2725707
4 1.723020 4537 0 27 2668446
4 1.724020 4372 1 43 2685771
4 1.725020 4550 0 23 2667902
4 1.726020 4468 0 12 2632888
4 1.727020 4412 0 38 2633935
4 1.728020 4402 2 29 2635206
4 1.729020 4444 3 47 2655486
4 1.730022 4349 4 49 2532290
4 1.731020 4346 0 26 2465338
4 1.732020 4429 1 30 2589335
4 1.733020 4429 0 25 2658893
4 1.734020 4366 0 30 2672161
4 1.735020 4412 0 22 2632401
4 1.736020 4294 2 30 2628574
4 1.737020 4500 0 42 2702469
4 1.738020 4384 0 21 2665885
4 1.739020 4448 3 44 2675507
4 1.740020 4360 3 20 2652613
4 1.741020 4392 0 18 2675701
4 1.742020 4395 3 41 2627461
4 1.743020 4497 0 14 2677034
4 1.744020 4335 1 38 2645915
4 1.745020 4392 0 28 2628378
4 1.746020 4415 0 21 2672097
4 1.747020 4453 0 20 2677409
4 1.748020 4455 1 38 2630781
4 1.749020 4510 0 11 2678628
4 1.750020 4427 0 32 2687447
4 1.751020 4422 0 31 2629852
4 1.752021 4372 1 38 2624692
4 1.753020 4331 1 26 2631733
4 1.754020 4413 0 24 2634435
4 1.755020 4416 0 27 2629731
4 1.756020 4361 0 39 2689434
4 1.757020 4416 0 18 2735364
4 1.758020 4492 0 18 2664256
4 1.759020 4379 0 36 2681645
4 1.760020 4380 2 45 2651759
4 1.761020 4423 0 22 2687466
4 1.762020 4426 0 28 2673075
4 1.763020 4518 0 29 2702127
4 1.764020 4418 0 33 2724353
4 1.765020 4484 0 22 2729494
4 1.766020 4344 0 13 2655346
4 1.767020 4444 0 26 2632265
4 1.768020 4531 1 37 2633633
4 1.769020 4453 0 40 2628005
4 1.770020 4388 0 19 2630393
4 1.771020 4319 0 19 2635290
4 1.772020 4418 2 33 2689391
4 1.773020 4405 0 24 2725174
4 1.774020 4384 0 22 2659284
4 1.775020 4410 0 30 2681617
4 1.776020 4413 3 31 2665154
4 1.777020 4307 0 26 2677980
4 1.778020 4408 0 27 2682219
4 1.779020 4376 0 13 2681014
4 1.780026 4526 2 24 2747833
4 1.781022 4430 0 21 2710542
4 1.782020 4367 0 23 2724248
4 1.783020 4459 0 35 2688920
4 1.784020 4457 4 14 2625263
4 1.785020 4313 0 35 2668891
4 1.786020 4382 7 37 2658667
4 1.787021 4699 6 53 2612950
4 1.788024 4773 16 136 2676283
4 1.789023 4647 11 163 2694795
4 1.790020 5028 5 88 2684982
4 1.791020 4865 16 126 2676038
4 1.792020 4931 17 112 2667156
4 1.793020 4951 14 117 2686545
4 1.794020 4856 17 115 2676887
4 1.795020 4984 15 79 2679950
4 1.796021 4348 56 239 2523850
4 1.797020 4139 38 266 2469348
4 1.798021 4318 0 209 2488361
4 1.799020 4621 0 28 2729046
4 1.800021 4446 3 50 2720091
4 1.801020 4373 0 26 2726617
4 1.802020 4365 0 41 2735475
4 1.803020 4435 0 28 2731716
4 1.804020 4455 3 42 2729150
4 1.805020 4367 0 33 2657408
4 1.806020 4419 1 30 2688510
4 1.807020 4410 0 21 2686872
4 1.808020 4441 2 32 2691948
4 1.809020 4467 0 30 2725375
4 1.810020 4327 0 18 2667507
4 1.811020 4375 3 36 2655585
4 1.812020 4305 12 196 2564973
4 1.813020 3974 0 260 2470544
4 1.814020 4419 0 17 2730214
4 1.815020 4364 0 26 2731880
4 1.816021 4479 3 29 2734136
4 1.817020 4464 0 34 2730466
4 1.818020 4342 0 21 2677024
4 1.819020 4409 0 37 2668488
4 1.820020 4367 1 48 2661333
4 1.821020 4326 0 26 2668661
4 1.822020 4388 0 20 2660874
4 1.823020 4472 0 30 2676202
4 1.824021 4384 1 26 2733605
4 1.825020 4418 2 34 2723002
4 1.826020 4661 15 150 2606025
4 1.827020 4471 4 290 2459862
4 1.828022 4130 10 202 2568840
4 1.829020 4487 0 27 2720389
4 1.830020 4447 0 26 2731062
4 1.831020 4493 0 30 2685109
4 1.832020 4295 4 50 2624021
4 1.833020 4453 0 21 2670965
4 1.834020 4295 0 26 2660171
4 1.835020 4305 0 34 2690865
4 1.836021 4257 2 26 2725344
4 1.837020 4417 0 20 2729903
4 1.838020 4335 0 18 2727846
4 1.839020 4233 0 27 2672775
4 1.840021 1366 5 34 792923
4 1.841020 0 0 0 0
4 1.842020 0 0 0 0
4 1.843020 0 0 0 0
4 1.844022 0 0 0 0
4 1.845020 0 0 0 0
4 1.846020 0 0 0 0
4 1.847020 0 0 0 0
4 1.848020 0 0 0 0
4 1.849020 0 0 0 0
4 1.850020 0 0 0 0
4 1.851020 0 0 0 0
4 1.852021 0 0 0 0
4 1.853020 0 0 0 0
4 1.854020 0 0 0 0
4 1.855020 0 0 0 0
4 1.856020 0 0 0 0
4 1.857020 0 0 0 0
4 1.858020 0 0 0 0
4 1.859020 0 0 0 0
4 1.860020 0 0 0 0
4 1.861021 0 0 0 0
4 1.862020 0 0 0 0
4 1.863020 0 0 0 0
4 1.864020 0 0 0 0
4 1.865020 0 0 0 0
4 1.866020 0 0 0 0
4 1.867020 0 0 0 0
4 1.868020 0 0 0 0
4 1.869020 0 0 0 0
4 1.870020 0 0 0 0
4 1.871020 0 0 0 0
4 1.872020 0 0 0 0
4 1.873020 0 0 0 0
4 1.874020 0 0 0 0
4 1.875020 0 0 0 0
4 1.876020 0 0 0 0
4 1.877020 0 0 0 0
4 1.878020 0 0 0 0
4 1.879020 0 0 0 0
4 1.880020 0 0 0 0
4 1.881020 0 0 0 0
4 1.882020 0 0 0 0
4 1.883020 0 0 0 0
4 1.884020 0 0 0 0
4 1.885020 0 0 0 0
4 1.886020 0 0 0 0
4 1.887020 0 0 0 0
4 1.888020 0 0 0 0
4 1.889020 0 0 0 0
4 1.890021 0 0 0 0
4 1.891020 0 0 0 0
4 1.892020 0 0 0 0
4 1.893020 0 0 0 0
4 1.894020 0 0 0 0
4 1.895020 0 0 0 0
4 1.896020 0 0 0 0
4 1.897020 0 0 0 0
4 1.898020 0 0 0 0
4 1.899020 0 0 0 0
4 1.900020 0 0 0 0
4 1.901020 0 0 0 0
4 1.902020 0 0 0 0
4 1.903020 0 0 0 0
4 1.904021 0 0 0 0
4 1.905020 0 0 0 0
4 1.906020 0 0 0 0
4 1.907020 0 0 0 0
4 1.908020 0 0 0 0
4 1.909020 0 0 0 0
4 1.910020 0 0 0 0
4 1.911020 0 0 0 0
4 1.912020 0 0 0 0
4 1.913020 0 0 0 0
4 1.914020 0 0 0 0
4 1.915020 0 0 0 0
4 1.916020 0 0 0 0
4 1.917020 0 0 0 0
4 1.918020 0 0 0 0
4 1.919020 0 0 0 0
4 1.920021 0 0 0 0
4 1.921020 0 0 0 0
4 1.922020 0 0 0 0
4 1.923020 0 0 0 0
4 1.924020 0 0 0 0
4 1.925020 0 0 0 0
4 1.926020 0 0 0 0
4 1.927020 0 0 0 0
4 1.928020 0 0 0 0
4 1.929020 0 0 0 0
4 1.930020 0 0 0 0
4 1.931020 0 0 0 0
4 1.932020 0 0 0 0
4 1.933020 0 0 0 0
4 1.934020 0 0 0 0
4 1.935020 0 0 0 0
4 1.936021 0 0 0 0
4 1.937020 0 0 0 0
4 1.938020 0 0 0 0
4 1.939020 0 0 0 0
4 1.940020 0 0 0 0
4 1.941020 0 0 0 0
4 1.942020 0 0 0 0
4 1.943020 0 0 0 0
4 1.944020 0 0 0 0
4 1.945020 0 0 0 0
4 1.946020 0 0 0 0
4 1.947020 0 0 0 0
4 1.948020 0 0 0 0
4 1.949020 0 0 0 0
4 1.950020 0 0 0 0
4 1.951020 0 0 0 0
4 1.952020 0 0 0 0
4 1.953020 0 0 0 0
4 1.954020 0 0 0 0
4 1.955020 0 0 0 0
4 1.956020 0 0 0 0
4 1.957020 0 0 0 0
4 1.958020 0 0 0 0
4 1.959020 0 0 0 0
4 1.960020 0 0 0 0
4 1.961020 0 0 0 0
4 1.962020 0 0 0 0
4 1.963020 0 0 0 0
4 1.964020 0 0 0 0
4 1.965021 0 0 0 0
4 1.966020 0 0 0 0
4 1.967020 0 0 0 0
4 1.968020 0 0 0 0
4 1.969020 0 0 0 0
4 1.970020 0 0 0 0
4 1.971020 0 0 0 0
4 1.972020 0 0 0 0
4 1.973020 0 0 0 0
4 1.974020 0 0 0 0
4 1.975020 0 0 0 0
4 1.976020 0 0 0 0
4 1.977020 0 0 0 0
4 1.978020 0 0 0 0
4 1.979020 0 0 0 0
4 1.980020 0 0 0 0
4 1.981020 0 0 0 0
4 1.982020 0 0 0 0
4 1.983020 0 0 0 0
4 1.984020 0 0 0 0
4 1.985020 0 0 0 0
4 1.986020 0 0 0 0
4 1.987020 0 0 0 0
4 1.988020 0 0 0 0
4 1.989020 0 0 0 0
4 1.990020 0 0 0 0
4 1.991020 0 0 0 0
4 1.992020 0 0 0 0
4 1.993020 0 0 0 0
4 1.994022 0 0 0 0
4 1.995021 0 0 0 0
4 1.996020 0 0 0 0
4 1.997020 0 0 0 0
4 1.998020 0 0 0 0
4 1.999020 0 0 0 0
4 2.000020 0 0 0 0
4 2.001020 0 0 0 0
4 2.002020 0 0 0 0
4 2.003020 0 0 0 0
4 2.004020 0 0 0 0
4 2.005020 0 0 0 0
4 2.006020 0 0 0 0
4 2.007020 0 0 0 0
4 2.008020 0 0 0 0
4 2.009020 0 0 0 0
4 2.010020 0 0 0 0
4 2.011020 0 0 0 0
4 2.012021 0 0 0 0
4 2.013020 0 0 0 0
4 2.014020 0 0 0 0
4 2.015020 0 0 0 0
4 2.016020 0 0 0 0
4 2.017020 0 0 0 0
4 2.018020 0 0 0 0
4 2.019020 0 0 0 0
4 2.020020 0 0 0 0
4 2.021020 0 0 0 0
4 2.022020 0 0 0 0
4 2.023020 0 0 0 0
4 2.024020 0 0 0 0
4 2.025020 0 0 0 0
4 2.026020 0 0 0 0
4 2.027020 0 0 0 0
4 2.028020 0 0 0 0
4 2.029020 0 0 0 0
4 2.030020 0 0 0 0
