5 0.001035 3521 61 567668 536449
5 0.002015 2326 73 1020434 455604
5 0.003012 7276 7 1000510 533522
5 0.004011 9670 119 980399 629756
5 0.005011 7 2 1098920 424676
5 0.006008 9663 117 979851 598087
5 0.007012 9774 104 978100 666365
5 0.008012 6 0 1096210 364144
5 0.009012 9459 117 974347 636310
5 0.010010 9770 117 957949 685909
5 0.011011 0 2 1098327 391928
5 0.012011 9749 138 969959 674750
5 0.013009 9181 116 986027 649396
5 0.015108 10073 116 2212338 1054396
5 0.016011 620 120 976113 405403
5 0.017013 8761 7 1007119 560503
5 0.018007 9733 108 948906 671293
5 0.019007 0 0 1091669 430116
5 0.020009 9705 113 975963 631262
5 0.021011 9720 129 975993 668999
5 0.022008 1 3 1091311 421972
5 0.023010 9831 121 971307 635384
5 0.024012 9854 121 980415 673551
5 0.025008 0 1 1095106 428343
5 0.026356 9761 110 1363527 774380
5 0.027009 6372 133 625661 419046
5 0.028009 2954 3 1062095 461237
5 0.029010 9688 95 965502 664927
5 0.030006 5 2 1085363 416777
5 0.031009 9813 127 995475 638455
5 0.032011 9744 121 986913 637714
5 0.033010 4 2 1098552 428556
5 0.034009 9807 94 954246 625428
5 0.035009 9800 119 943345 723414
5 0.036008 5 0 1099272 418620
5 0.037009 9791 107 970243 693189
5 0.038007 7210 108 964145 588484
5 0.039008 2426 5 1084349 382207
5 0.040010 9789 66 977898 670102
5 0.041008 1 0 1099122 424193
5 0.042007 9851 113 968282 628601
5 0.043006 9728 86 982096 640542
5 0.044009 0 2 1105480 427457
5 0.045008 9813 135 970529 678603
5 0.046006 9780 88 961218 678181
5 0.047008 0 2 1102943 383524
5 0.048008 9755 105 973608 649788
5 0.049008 9755 100 980358 657203
5 0.050007 0 3 1091661 416056
5 0.051009 9788 137 973855 655448
5 0.052009 2874 79 1063347 509043
5 0.053009 6777 5 1010134 534420
5 0.054006 9860 100 964249 654850
5 0.055008 0 1 1105454 358490
5 0.056008 9731 119 971370 638484
5 0.057008 9817 109 965924 691820
5 0.058007 2 2 1087681 421105
5 0.059007 9841 42 983862 655184
5 0.060009 9766 130 974730 684319
5 0.061009 0 0 1101822 424928
5 0.062006 9869 130 957835 656921
5 0.063007 5706 125 1021017 603111
5 0.064009 3830 3 1045420 498133
5 0.065008 9858 118 965751 670469
5 0.066007 0 3 1096372 418241
5 0.067009 9878 86 972022 674915
5 0.068008 9718 127 970699 667520
5 0.069009 2 1 1105242 430129
5 0.070007 9810 62 965310 640569
5 0.071010 9871 109 978978 672234
5 0.072010 1 0 1102616 428131
5 0.073009 9841 106 969011 653990
5 0.074007 9870 116 976172 658199
5 0.075008 1 3 1103741 363552
5 0.076009 9849 114 980270 647419
5 0.077007 4 17 1099923 430251
5 0.078006 9622 6 961832 650991
5 0.079009 9912 132 968903 680755
5 0.080010 0 2 1100922 426342
5 0.081009 9824 116 981796 614860
5 0.082008 9782 102 974392 662921
5 0.083009 0 2 1104294 430499
5 0.084008 9756 124 963648 665777
5 0.085007 9823 98 987126 646241
5 0.086005 0 2 1094683 423923
5 0.087007 9786 124 974731 651666
5 0.088010 5437 106 1029887 585739
5 0.089007 4298 5 1044174 495272
5 0.090006 9917 75 968863 657734
5 0.091008 1 0 1102348 403695
5 0.092008 9909 121 971393 638885
5 0.093008 9788 114 970018 676228
5 0.094007 3 2 1095331 432995
5 0.095009 9889 78 984450 631775
5 0.096009 9887 85 966992 699289
5 0.097010 0 1 1100550 427989
5 0.098006 9702 107 954889 690513
5 0.099009 9046 126 981624 685429
5 0.100009 417 4 1094387 409383
5 0.101008 9802 85 973456 654350
5 0.102006 2 2 1090219 430597
5 0.103009 9781 114 964984 694397
5 0.104008 9807 132 975826 662545
5 0.105008 2 0 1103030 437648
5 0.106007 9626 77 981167 617496
5 0.107010 9810 99 975844 682410
5 0.108009 1 0 1100470 433128
5 0.109008 9844 115 957063 655632
5 0.110008 9852 110 935266 664929
5 0.111008 1 0 1062378 415415
5 0.112008 9758 152 937795 643088
5 0.113009 0 1 1060950 419642
5 0.114007 9745 113 923252 633462
5 0.115009 9839 139 928540 681127
5 0.116007 3 1 1059026 423637
5 0.117007 9881 135 926009 664964
5 0.118008 683 115 1043493 439819
5 0.119008 8780 3 948229 630044
5 0.120008 9808 112 921258 684317
5 0.121009 0 2 1062560 421134
5 0.122007 9823 97 917609 648072
5 0.123008 9927 104 928465 695406
5 0.124008 0 1 1059090 420255
5 0.125009 9880 117 934720 656788
5 0.126006 1 2 1054519 412229
5 0.127008 9906 72 941476 652320
5 0.128010 9883 51 932230 677660
5 0.129008 2 1 1056732 415410
5 0.130007 9784 112 922795 654704
5 0.131010 1309 81 1049559 456151
5 0.132010 8027 3 959762 547887
5 0.133009 9733 124 931802 645207
5 0.134008 1 2 1054233 416429
5 0.135009 9832 67 931668 642383
5 0.136009 9872 14 928527 658296
5 0.137009 2 0 1061454 423045
5 0.138008 9794 36 928705 656950
5 0.139008 1 1 1060457 424231
5 0.140007 9669 105 928955 639212
5 0.141009 9789 117 937412 660245
5 0.142006 1 2 1052569 411802
5 0.143008 9620 102 924221 688427
5 0.144010 2116 51 1033565 489357
5 0.145007 7611 6 956635 600324
5 0.146007 9900 65 926090 667354
5 0.147009 1 1 1063532 421108
5 0.148008 9890 127 933088 634180
5 0.149008 9788 126 927611 693635
5 0.150007 1 3 1057029 410843
5 0.151008 9886 122 926362 671083
5 0.152008 0 0 1060896 419085
5 0.153009 9904 130 931366 677387
5 0.154006 9775 80 927550 667427
5 0.155009 0 0 1065317 419804
5 0.156008 9823 78 933256 640475
5 0.157008 3106 31 1021979 504956
5 0.158008 6497 5 974208 513664
5 0.159008 9932 87 936857 625476
5 0.160009 0 1 1062999 422064
5 0.161008 9859 33 924798 646130
5 0.162006 9686 127 926885 676094
5 0.163010 0 0 1066660 419653
5 0.164009 9818 29 933804 647251
5 0.165007 0 2 1060832 420224
5 0.166007 9808 93 925932 629023
5 0.167008 9747 43 932683 670237
5 0.168009 4 0 1061208 421013
5 0.169008 9856 123 925315 653487
5 0.170007 4337 28 998181 539175
5 0.171009 5281 4 992938 495789
5 0.172008 9927 24 921730 686678
5 0.173009 0 0 1063068 420331
5 0.174008 9909 105 911830 671088
5 0.175009 9879 97 939874 668573
5 0.176008 2 2 1061324 422777
5 0.177008 9937 119 921851 679826
5 0.178007 0 3 1054113 408394
5 0.179009 9923 30 939841 657296
5 0.180009 9805 101 920762 700220
5 0.181008 1 0 1059206 414617
5 0.182007 9866 88 915677 647886
5 0.183008 2246 122 1029186 482106
5 0.184009 7391 3 961133 551379
5 0.185008 9922 101 942923 643930
5 0.186006 3 2 1053601 404902
5 0.187007 9890 41 929210 646135
5 0.188008 9843 64 939890 661082
5 0.189008 2 0 1062122 421226
5 0.190008 9799 136 914634 678602
5 0.191009 0 1 1063080 417070
5 0.192009 9874 45 925596 640982
5 0.193008 9895 69 940499 646914
5 0.194007 0 2 1054941 414265
5 0.195008 9852 31 922765 657619
5 0.196008 3252 56 1020794 502563
5 0.197008 6433 5 974722 515434
5 0.198007 9921 37 921512 665306
5 0.199008 0 2 1061764 411825
5 0.200010 9866 92 929111 641108
5 0.201009 9797 62 924978 697039
5 0.202007 1 2 1054866 403717
5 0.203009 9819 82 928233 659798
5 0.204007 2 0 1061420 410549
5 0.205010 9905 105 933384 631292
5 0.206007 9885 125 920268 658737
5 0.207008 0 1 1058762 381584
5 0.208009 9870 98 934317 644296
5 0.209007 2186 98 1027658 475246
5 0.210007 7509 5 968914 573966
5 0.211007 9900 83 953019 594464
5 0.212008 6 2 1062330 400070
5 0.213009 9736 105 937580 626709
5 0.214007 9736 120 932048 624989
5 0.215008 0 0 1060160 389547
5 0.216007 9850 117 945023 624642
5 0.217007 0 0 1058290 387402
5 0.218007 9866 37 920684 674249
5 0.219008 9867 100 951604 614568
5 0.220007 3 2 1058592 404728
5 0.221008 9661 69 943166 626849
5 0.222007 9479 91 952654 584089
5 0.223008 0 2 1062470 396680
5 0.224008 9526 109 938672 630698
5 0.225008 2 0 1062620 415115
5 0.226007 9782 105 932370 599865
5 0.227009 9416 90 941893 646342
5 0.228007 0 2 1060956 409347
5 0.229007 9676 112 934064 651569
5 0.230007 3173 73 1014299 493363
5 0.231011 6414 3 998779 548762
5 0.232017 10007 49 913715 709083
5 0.233015 10 0 1045693 410989
5 0.234007 9966 89 903475 672230
5 0.235010 9458 81 944581 648907
5 0.236010 3 1 1057634 417183
5 0.237012 9435 115 946857 633520
5 0.238010 3 2 1047371 404333
5 0.239009 9892 111 917157 617992
5 0.240010 9823 113 923449 695370
5 0.241010 2 0 1056770 418160
5 0.242006 9879 68 900215 669012
5 0.243010 198 110 1057466 437335
5 0.244011 9244 3 933084 631806
5 0.245009 9709 98 922917 685645
5 0.246008 2 3 1042942 407512
5 0.247008 9794 125 936041 632100
5 0.248009 9763 107 938665 674745
5 0.249008 0 2 1058478 421220
5 0.250008 9904 96 933942 620225
5 0.251009 4 1 1060942 415109
5 0.252008 9871 92 942305 634886
5 0.253010 9671 110 951353 592272
5 0.254009 8 3 964307 339675
5 0.255008 9903 107 958275 557768
5 0.256009 4 0 1054863 325080
5 0.257011 9823 99 935012 556282
5 0.258008 9640 100 929326 539243
5 0.259009 3 0 1048042 317117
5 0.260006 9710 97 939965 565900
5 0.261008 9099 105 950827 585346
5 0.262007 386 6 1038249 335774
5 0.263031 9760 108 958650 575917
5 0.264018 10 0 1043130 353919
5 0.265019 10020 77 930368 592470
5 0.266013 9934 73 880522 544718
5 0.267015 15 2 1007552 355658
5 0.268012 9921 54 696761 969605
5 0.269011 8 0 1008268 360801
5 0.270009 9653 63 891745 585919
5 0.271010 6 0 1012266 368517
5 0.272011 9870 65 900245 592889
5 0.273011 9809 69 902414 587415
5 0.274008 11 2 999887 363719
5 0.275011 9693 75 906655 589384
5 0.276009 5 0 1003966 361026
5 0.277011 9754 70 914736 565606
5 0.278009 9883 72 893033 583743
5 0.279010 8 0 1011987 365130
5 0.280009 9782 70 913852 553553
5 0.281010 14 0 1010855 364965
5 0.282007 9987 83 898397 570516
5 0.283011 10031 75 915316 566033
5 0.284010 17 1 1011128 361866
5 0.285011 9911 67 902764 576933
5 0.286008 12 2 1000021 357223
5 0.287010 9978 92 900408 585176
5 0.288010 9917 79 894690 590011
5 0.289012 8 1 1012948 351625
5 0.290008 9724 70 878362 573113
5 0.291013 1 1 1015084 316055
5 0.292010 9818 86 894759 544860
5 0.293011 8062 120 916328 519203
5 0.294008 1469 7 984299 340790
5 0.295012 9885 79 905216 567404
5 0.296010 0 2 1009696 330726
5 0.297012 9828 97 901424 559807
5 0.298007 2516 99 969595 416686
5 0.299009 6869 4 940596 493431
5 0.300009 9849 85 900746 590992
5 0.301009 3 1 1011448 364091
5 0.302007 9835 94 890914 577521
5 0.303008 4 1 1010794 369062
5 0.304008 9925 93 899458 593403
5 0.305009 9890 115 907788 581335
5 0.306008 4 2 1007553 353882
5 0.307009 9914 120 901857 594231
5 0.308010 1 1 1012788 368097
5 0.309007 9911 114 908532 568310
5 0.310007 9797 123 906820 570381
5 0.311009 2 0 1012320 363329
5 0.312008 9756 87 907385 573463
5 0.313009 3 2 1013338 362961
5 0.314008 9818 120 896623 589486
5 0.315011 9808 96 908001 580478
5 0.316009 1 2 1009713 360216
5 0.317008 9804 107 907736 571561
5 0.318008 4 3 1008307 363872
5 0.319009 9823 101 905231 593240
5 0.320009 9631 93 908408 576492
5 0.321008 0 0 1014750 360719
5 0.322008 9795 101 909007 561479
5 0.323010 1 2 1012424 370014
5 0.324009 9845 77 902502 588331
5 0.325009 9805 104 901605 590033
5 0.326008 0 3 1006159 360940
5 0.327010 9837 107 903245 582859
5 0.328009 2 1 1012030 363769
5 0.329009 9931 114 907251 572407
5 0.330006 9834 117 905677 562528
5 0.331008 1 2 1011714 366521
5 0.332011 9801 91 912934 571253
5 0.333010 1 1 1009773 366043
5 0.334007 9907 124 903946 562075
5 0.335008 9975 87 907565 579545
5 0.336007 2 0 1010568 355803
5 0.337007 9916 112 910816 570080
5 0.338008 2 2 1007447 362640
5 0.339008 9723 71 909265 572565
5 0.340011 9697 57 910364 580921
5 0.341008 0 1 1008378 361083
5 0.342008 9920 95 904623 571375
5 0.343007 0 0 1012316 363550
5 0.344010 9821 102 912029 580485
5 0.345009 9572 119 901591 594681
5 0.346007 8 7 955435 346427
5 0.347009 9756 118 908246 586713
5 0.348009 0 1 1011420 365471
5 0.349009 9880 98 903196 582532
5 0.350007 1895 140 986719 406043
5 0.351011 7644 5 946695 497728
5 0.352009 9707 104 910083 577104
5 0.353009 0 0 1014375 369767
5 0.354007 9860 117 901133 577120
5 0.355008 227 76 1006372 380950
5 0.356010 9260 6 920888 544347
5 0.357009 9660 91 911680 574247
5 0.358008 2 3 1008533 363979
5 0.359008 9900 119 913544 566613
5 0.360009 4 0 1011942 364593
5 0.361010 9644 90 907888 578145
5 0.362007 9755 97 897437 566927
5 0.363008 0 0 1013870 364176
5 0.364009 9891 133 913615 577111
5 0.365007 2 0 1009018 367174
5 0.366009 9913 102 907909 570099
5 0.367010 9879 83 911860 577052
5 0.368009 2 0 1009294 369522
5 0.369009 9915 85 903816 587960
5 0.370007 4 2 1006070 363008
5 0.371009 9934 39 911935 572110
5 0.372010 9960 86 906232 593221
5 0.373009 1 0 1011904 366480
5 0.374008 9913 115 905949 573256
5 0.375009 1 0 1010256 364496
5 0.376008 9889 93 904064 577573
5 0.377008 9940 100 907011 586670
5 0.378007 4 4 1007586 359147
5 0.379010 9890 58 912751 579911
5 0.380010 1 0 1011582 362484
5 0.381008 9840 134 904512 583003
5 0.382008 9952 85 903648 577931
5 0.383009 0 1 1013976 363118
5 0.384011 9880 43 915692 579288
5 0.385009 1 0 1011366 359574
5 0.386006 9945 115 897161 586917
5 0.387007 9922 64 909276 587528
5 0.388009 2 2 1014884 371923
5 0.389009 9917 109 907940 582118
5 0.390008 9 3 1009304 365176
5 0.391009 9817 90 912453 575346
5 0.392009 9903 114 912091 575254
5 0.393008 0 0 1012916 360911
5 0.394007 9889 106 904334 575143
5 0.395009 0 1 1014550 366285
5 0.396009 9938 70 900392 594466
5 0.397008 9921 110 906389 583088
5 0.398006 1 2 1006705 362464
5 0.399009 9907 107 912092 585929
5 0.400010 0 2 1013450 365259
5 0.401010 9821 104 898734 596734
5 0.402007 8936 90 908517 566323
5 0.403009 691 4 1012047 362971
5 0.404009 9953 114 912580 567209
5 0.405008 0 1 1011750 363849
5 0.406008 9917 97 905188 574461
5 0.407009 7848 104 935432 535837
5 0.408010 1751 4 995748 394271
5 0.409009 9873 116 908216 572294
5 0.410007 0 3 1006032 358850
5 0.411009 9940 114 909246 583432
5 0.412011 5803 117 956969 487604
5 0.413010 3883 3 976310 427411
5 0.414008 9933 101 900609 561842
5 0.415007 1 0 1011264 366489
5 0.416009 9905 129 908095 587692
5 0.417009 3060 113 981089 436158
5 0.418008 6540 6 945002 483287
5 0.419011 9847 109 908564 594851
5 0.420009 0 1 1006604 368483
5 0.421010 9752 103 911741 571544
5 0.422007 18 6 1003779 365637
5 0.423009 9785 4 917312 556697
5 0.424008 9750 74 913331 575343
5 0.425008 2 1 1014286 359673
5 0.426007 9904 103 902660 575042
5 0.427008 1 0 1014330 370252
5 0.428010 9873 108 915318 574051
5 0.429010 9888 108 910995 574356
5 0.430006 2 3 1002531 357665
5 0.431009 9941 117 912529 585939
5 0.432008 0 1 1011930 364119
5 0.433008 9901 103 907418 581631
5 0.434008 9909 117 897442 587316
5 0.435007 0 0 1009362 368444
5 0.436009 9817 63 911104 585077
5 0.437009 1 0 1013830 365459
5 0.438006 9810 113 898701 589548
5 0.439009 9654 62 908102 586710
5 0.440008 1 1 1011589 363903
5 0.441009 9850 94 910472 584661
5 0.442007 3 2 1006377 364033
5 0.443008 9943 125 912725 568953
5 0.444010 9893 124 912332 581561
5 0.445009 0 1 1014076 359189
5 0.446007 9831 115 904276 571485
5 0.447009 3 0 1016700 364384
5 0.448009 9883 115 918240 562784
5 0.449010 9902 116 912680 582216
5 0.450007 4 2 1005059 355334
5 0.451009 9810 75 916872 569903
5 0.452010 0 0 1015176 363515
5 0.453008 9904 112 907636 574432
5 0.454008 9937 102 910659 568634
5 0.455008 0 0 1009430 364749
5 0.456010 9825 104 918584 567091
5 0.457008 1 1 1012158 360337
5 0.458006 9898 101 902442 582095
5 0.459010 9906 102 919588 567190
5 0.460009 2 3 1011617 357890
5 0.461011 9927 117 911667 584184
5 0.462007 4 2 1004058 362395
5 0.463009 9785 121 916352 570889
5 0.464010 9881 116 912614 574805
5 0.465009 1 1 1010590 362768
5 0.466007 9924 110 904397 579517
5 0.467010 2 0 1015712 366308
5 0.468009 9887 116 909273 578831
5 0.469012 9741 108 914423 577075
5 0.470008 1 2 1004777 359318
5 0.471008 9871 109 908695 570327
5 0.472010 1 0 1014033 363342
5 0.473008 9891 67 908796 580022
5 0.474007 9835 111 917800 548911
5 0.475009 0 0 1016498 359778
5 0.476008 9872 93 910720 579783
5 0.477008 2 0 1012896 362581
5 0.478007 9880 103 908062 573722
5 0.479010 9828 59 917271 576888
5 0.480009 0 0 1010776 366546
5 0.481008 9822 118 913320 571729
5 0.482007 3 3 1000450 362841
5 0.483008 9821 106 908685 585096
5 0.484009 9624 138 912318 583681
5 0.485009 2 0 1011056 358129
5 0.486008 9868 124 906014 573843
5 0.487009 0 1 1010476 372961
5 0.488009 9903 39 908718 579466
5 0.489008 7308 50 936250 532236
5 0.490008 2235 6 984640 401715
5 0.491009 9768 53 909340 587807
5 0.492009 1 1 1013502 364694
5 0.493009 9781 115 914685 567599
5 0.494008 4610 114 957578 472043
5 0.495010 4950 5 960645 468520
5 0.496009 9897 83 909842 580254
5 0.497009 2 1 1012978 361690
5 0.498007 9926 111 901021 567988
5 0.499008 2255 28 989539 413314
5 0.500008 7384 4 940910 511482
5 0.501008 9863 85 909827 588124
5 0.502007 3 2 1006918 357757
5 0.503008 9881 48 907927 574995
5 0.504008 8 23 1012965 367204
5 0.505009 9813 4 918903 548459
5 0.506007 9776 93 912281 561832
5 0.507009 2 1 1013742 363738
5 0.508010 9686 96 908962 588810
5 0.509008 0 1 1011156 363633
5 0.510006 9936 106 904767 563891
5 0.511009 9725 84 917645 566676
5 0.512009 0 2 1013924 351944
5 0.513008 9824 59 914188 561278
5 0.514008 2 3 1010880 349012
5 0.515009 9806 81 913394 565157
5 0.516011 9864 42 915895 566424
5 0.517010 2 0 1012308 353191
5 0.518007 9825 99 906089 560972
5 0.519008 5 0 1014468 346819
5 0.520009 9812 84 912405 559512
5 0.521009 9850 97 907887 569268
5 0.522006 8 6 995018 345174
5 0.523008 9840 126 928343 533978
5 0.524008 2 0 1016174 358703
5 0.525008 9879 93 912042 565597
5 0.526006 9827 79 896857 587295
5 0.527009 0 0 1015578 359404
5 0.528008 9819 39 907154 578337
5 0.529007 1 0 1012032 353976
5 0.530006 9851 101 916214 555464
5 0.531010 9821 95 924539 563176
5 0.532009 2 0 1012698 364334
5 0.533017 9769 93 877435 627792
5 0.534009 1 3 999896 308068
5 0.535011 9714 96 904256 545861
5 0.536010 9689 130 893670 536109
5 0.537016 3 3 974580 308617
5 0.538006 9745 128 867679 516150
5 0.539011 3 0 978112 303707
5 0.540007 9748 94 854533 540574
5 0.541011 5 0 978244 357932
5 0.542007 9800 123 859328 552720
5 0.543010 9822 107 882004 540450
5 0.544008 1 2 971931 351453
5 0.545011 9733 60 885551 538198
5 0.546008 3 4 967508 347911
5 0.547009 9764 95 876832 549610
5 0.548011 2860 58 941821 417591
5 0.549009 6517 4 905215 475633
5 0.550008 9426 111 866236 556299
5 0.551008 0 1 974322 348264
5 0.552009 9764 57 884371 532909
5 0.553008 6 1 974043 353623
5 0.554007 9787 110 882264 515681
5 0.555008 9262 56 880581 548820
5 0.556010 244 4 972458 343529
5 0.557009 9585 67 871746 557210
5 0.558008 2 4 964361 353348
5 0.559009 9707 134 881379 551412
5 0.560009 3 3 972434 350784
5 0.561011 9744 133 872286 559978
5 0.562009 9755 113 885384 513506
5 0.563007 2 2 970230 358239
5 0.564009 9669 108 885571 529979
5 0.565010 4 1 973330 357808
5 0.566007 9808 49 875215 531490
5 0.567010 1 3 979426 350423
5 0.568011 9787 111 882523 535847
5 0.569009 9767 122 869214 559783
5 0.570008 1 3 964731 340657
5 0.571010 9742 80 872248 563114
5 0.572011 1 2 971968 299779
5 0.573013 9702 100 879758 487745
5 0.574008 753 106 952377 303456
5 0.575009 8754 2 889611 472377
5 0.576010 9884 86 875165 522313
5 0.577009 2 1 972113 300753
5 0.578006 9689 43 858742 555509
5 0.579008 2 0 975198 352455
5 0.580010 9747 94 877655 546161
5 0.581010 6010 86 913470 485076
5 0.582008 3458 7 932602 404398
5 0.583010 9738 75 874458 561772
5 0.584011 1 0 974736 353785
5 0.585009 9734 108 866910 563067
5 0.586009 4 2 968814 349164
5 0.587010 9813 108 869025 565734
5 0.588009 9844 136 878812 546527
5 0.589010 4 1 975466 347784
5 0.590009 9882 108 866849 549657
5 0.591010 1 0 973526 341578
5 0.592009 9852 100 876445 536135
5 0.593009 2 0 969971 355183
5 0.594008 9757 109 868155 559132
5 0.595010 9723 80 872017 576305
5 0.596008 1 0 969308 360277
5 0.597008 9706 102 890694 539314
5 0.598006 1 2 967109 366243
5 0.599009 9794 134 889478 537999
5 0.600008 0 2 970775 366381
5 0.601010 9762 55 876542 564932
5 0.602007 9743 98 865802 552142
5 0.603009 1 0 973018 362093
5 0.604010 9663 107 871504 577612
5 0.605010 1 0 971524 359565
5 0.606008 9742 128 847888 599030
5 0.607008 0 1 972324 363170
5 0.608008 9818 103 876997 557236
5 0.609010 9757 79 880654 561519
5 0.610007 1 2 963302 359067
5 0.611010 9802 61 885556 543609
5 0.612008 0 0 971098 369231
5 0.613011 9817 112 875778 568464
5 0.614008 3398 111 929096 432905
5 0.615009 5905 7 908601 480654
5 0.616010 9736 120 873631 564802
5 0.617009 1 1 971263 355699
5 0.618008 9821 68 874540 546455
5 0.619010 0 1 973742 355172
5 0.620009 9792 32 883682 545372
5 0.621009 9296 111 881179 549890
5 0.622009 261 5 965626 353352
5 0.623011 9770 70 882532 549893
5 0.624009 1 0 969942 356419
5 0.625012 9777 104 878664 568610
5 0.626009 1 2 962717 357887
5 0.627009 9735 95 881598 544407
5 0.628011 9769 52 881684 555851
5 0.629011 2 1 973020 355315
5 0.630007 9818 127 864116 543093
5 0.631010 2 0 976066 362575
5 0.632010 9829 57 876144 551539
5 0.633010 1 1 973985 355208
5 0.634007 9723 135 866598 553164
5 0.635009 9856 29 883967 545006
5 0.636009 0 1 970988 361408
5 0.637009 9868 136 876897 555448
5 0.638007 2 2 966633 356291
5 0.639010 9869 85 881439 554954
5 0.640010 145 105 964439 373626
5 0.641010 9441 4 881081 538329
5 0.642007 9703 100 875564 536437
5 0.643009 2 2 973871 361672
5 0.644009 9676 110 880206 552553
5 0.645011 0 1 974414 357425
5 0.646008 9732 119 869889 548741
5 0.647011 5959 44 911135 498692
5 0.648009 3347 5 942887 400917
5 0.649010 9764 106 869786 572860
5 0.650008 2 2 968281 360261
5 0.651010 9812 135 879867 554932
5 0.652009 2 0 969874 357065
5 0.653010 9563 108 879394 551444
5 0.654008 9717 115 875206 550922
5 0.655008 2 0 971720 356483
5 0.656010 9730 62 874974 557209
5 0.657009 1 0 970646 360782
5 0.658008 9821 118 875572 544611
5 0.659010 0 1 970483 362747
5 0.660009 9855 37 871614 565020
5 0.661010 9629 128 880771 554184
5 0.662007 1 2 959655 355567
5 0.663010 9671 114 881972 552870
5 0.664009 1 0 973016 364491
5 0.665009 9790 101 876961 544454
5 0.666007 1 3 965853 354696
5 0.667011 9738 126 879130 566326
5 0.668009 9827 107 876283 550402
5 0.669011 2 1 975474 356953
5 0.670008 9658 102 870799 548350
5 0.671009 1 0 971828 362177
5 0.672009 9756 119 882463 537021
5 0.673010 3527 85 938612 437588
5 0.674009 5866 7 913689 460785
5 0.675010 9651 69 883029 551700
5 0.676010 3 2 969584 359594
5 0.677010 9749 20 880461 542990
5 0.678008 3 2 966187 363268
5 0.679010 9815 126 881729 554372
5 0.680009 9871 112 877928 546630
5 0.681010 0 0 975334 357005
5 0.682007 9701 130 871121 549535
5 0.683009 0 0 974218 357499
5 0.684010 9716 108 885342 541801
5 0.685009 0 1 971769 356307
5 0.686008 9773 96 876311 543432
5 0.687010 9697 52 880172 553037
5 0.688009 0 0 970404 360427
5 0.689008 9692 107 871808 559581
5 0.690007 0 3 965647 356931
5 0.691011 9839 109 879452 563314
5 0.692009 0 0 967412 366907
5 0.693009 9760 29 881548 535398
5 0.694009 9822 101 877034 553842
5 0.695010 0 0 973532 354486
5 0.696010 9856 42 875237 550514
5 0.697009 0 2 973336 356431
5 0.698009 9853 112 876470 543079
5 0.699009 3416 110 934587 444919
5 0.700011 6050 8 912207 477267
5 0.701011 9786 80 875027 562825
5 0.702008 1 3 963621 353030
5 0.703008 9777 116 876890 550985
5 0.704009 0 2 975488 361928
5 0.705011 9833 126 878116 553804
5 0.706009 8231 96 885638 530764
5 0.707009 1323 3 954935 385124
5 0.708010 9830 58 882373 549649
5 0.709009 0 0 970980 356599
5 0.710007 9872 113 873844 550648
5 0.711010 5 2 975548 359831
5 0.712009 9764 135 883177 540846
5 0.713009 9877 116 878167 554009
5 0.714008 3 2 967024 352060
5 0.715009 9838 109 881347 551263
5 0.716009 3 0 971972 357060
5 0.717011 9782 84 882096 550631
5 0.718007 0 2 963045 352514
5 0.719010 9839 72 877636 558810
5 0.720008 9897 33 884426 536720
5 0.721009 0 0 972750 357390
5 0.722007 9796 101 868350 549311
5 0.723010 1 1 976382 361096
5 0.724009 9752 99 881087 545779
5 0.725010 2273 100 952998 406015
5 0.726008 7236 5 898275 486400
5 0.727009 9808 52 880420 546215
5 0.728009 0 1 970042 356843
5 0.729010 9852 134 882089 548047
5 0.730008 4 2 965151 348919
5 0.731008 9844 106 882268 536568
5 0.732008 9365 53 883508 537001
5 0.733009 4 0 972342 349814
5 0.734008 9741 118 882485 535618
5 0.735011 1 0 972758 362747
5 0.736011 9708 89 883942 541337
5 0.737010 0 1 974242 355158
5 0.738007 9701 73 873107 545885
5 0.739009 9839 56 881417 551722
5 0.740010 0 0 973794 353715
5 0.741009 9778 120 878832 545997
5 0.742008 1 3 965275 352595
5 0.743009 9820 127 884059 541360
5 0.744010 0 0 973467 358054
5 0.745010 9840 109 884317 535658
5 0.746009 9842 120 881010 537432
5 0.747010 1 0 971482 360481
5 0.748013 9837 108 889586 536681
5 0.749008 2 3 967356 353922
5 0.750007 9752 107 870839 538921
5 0.751008 5962 91 920458 471056
5 0.752008 3478 3 941298 418332
5 0.753009 9821 115 892859 530367
5 0.754008 0 2 968405 362392
5 0.755008 9826 99 889522 525261
5 0.756007 1 0 973790 361942
5 0.757008 9814 116 893670 527943
5 0.758006 9765 51 893391 514182
5 0.759009 0 1 975262 358801
5 0.760009 9701 61 880634 541028
5 0.761009 4 2 973824 352497
5 0.762009 9801 110 881839 530809
5 0.763009 1 1 970606 362060
5 0.764009 9765 53 885377 536075
5 0.765010 9788 107 883351 538489
5 0.766007 2 2 966852 350320
5 0.767011 9706 128 884863 548232
5 0.768010 1 2 970693 358621
5 0.769010 9775 93 882623 543324
5 0.770009 6375 151 907027 490915
5 0.771009 3110 4 943404 409144
5 0.772010 9689 130 884782 535653
5 0.773009 0 0 970778 354471
5 0.774007 9682 81 886077 517995
5 0.775009 0 1 975432 356569
5 0.776008 9709 134 881301 530556
5 0.777010 9774 110 882839 543110
5 0.778008 8 2 968497 349008
5 0.779008 9836 112 885282 537146
5 0.780009 0 1 974388 351667
5 0.781008 9723 49 884964 529718
5 0.782007 1 2 965734 350915
5 0.783011 9719 82 878675 557128
5 0.784010 9716 51 885763 535971
5 0.785011 1 2 972862 350288
5 0.786009 9712 131 875173 539734
5 0.787010 1 2 973216 349855
5 0.788009 9750 78 881753 531330
5 0.789010 4617 90 925319 455364
5 0.790007 4682 7 925578 436101
5 0.791010 9793 68 884969 538205
5 0.792008 0 0 971638 349578
5 0.793009 9597 94 877254 548925
5 0.794007 3 2 968208 352850
5 0.795011 9704 95 890348 541758
5 0.796009 9783 115 874543 540745
5 0.797009 0 0 974076 354237
5 0.798008 9787 142 880623 531834
5 0.799009 0 2 974584 360842
5 0.800008 9807 84 881429 533838
5 0.801010 0 2 972525 358306
5 0.802007 9810 112 878600 538892
5 0.803009 9787 107 886085 534484
5 0.804009 0 1 973817 355483
5 0.805007 9769 125 883549 534533
5 0.806009 2 2 972069 353437
5 0.807010 9706 105 877848 550584
5 0.808009 1460 87 954552 396738
5 0.809008 7917 5 895911 501524
5 0.810007 9642 106 876737 542461
5 0.811009 1 0 970740 361157
5 0.812009 9625 51 880984 533063
5 0.813009 1 0 973900 355222
5 0.814007 9842 110 876005 543848
5 0.815009 9349 19 894695 524001
5 0.816009 169 0 970394 352950
5 0.817009 9755 111 882064 543926
5 0.818006 1 2 966807 354906
5 0.819009 9808 88 890166 537321
5 0.820010 1 1 972646 357935
5 0.821009 9808 97 878204 541953
5 0.822007 9749 141 883668 533859
5 0.823008 1 0 973862 361134
5 0.824010 9808 37 887380 543661
5 0.825009 0 0 969034 353550
5 0.826008 9828 122 876329 535847
5 0.827010 0 0 973570 357320
5 0.828009 9851 119 884800 536836
5 0.829010 9731 97 879360 543154
5 0.830006 2 3 966095 350625
5 0.831008 9769 83 887046 535085
5 0.832009 2 0 972142 360271
5 0.833009 9719 117 881766 539302
5 0.834006 6287 137 908222 475777
5 0.835010 3243 4 948534 408621
5 0.836010 9712 33 888470 531534
5 0.837009 1 0 969292 346234
5 0.838007 9809 106 879922 514185
5 0.839009 0 0 973546 356912
5 0.840011 9818 45 891880 531304
5 0.841008 9900 98 881139 529782
5 0.842007 2 2 966061 348892
5 0.843009 9836 49 886507 536340
5 0.844009 0 1 974088 344431
5 0.845010 9808 42 881145 530918
5 0.846006 1 2 966691 340921
5 0.847008 9870 102 886029 523161
5 0.848008 9822 129 884425 526270
5 0.849009 0 0 974666 341558
5 0.850007 9855 108 882350 523864
5 0.851010 1 0 975396 348612
5 0.852009 9752 45 881155 530435
5 0.853009 7436 29 909437 478888
5 0.854007 1956 6 953148 351656
5 0.855008 9839 41 886569 537704
5 0.856010 2 1 975592 344498
5 0.857010 9759 112 883703 526650
5 0.858007 1 2 966373 340384
5 0.859009 9737 66 889190 516702
5 0.860009 9775 110 882172 530845
5 0.861009 0 1 973012 339571
5 0.862007 9817 127 877995 525034
5 0.863009 0 0 975775 346921
5 0.864011 9856 117 885108 525322
5 0.865009 1 0 974370 342284
5 0.866007 9852 123 874014 541412
5 0.867010 9762 111 887029 519084
5 0.868008 1 0 973694 337084
5 0.869009 9791 98 884849 520093
5 0.870007 3 2 969153 342629
5 0.871008 9786 69 881155 523735
5 0.872009 7192 107 910754 478184
5 0.873009 2472 4 956713 370299
5 0.874007 9755 84 876755 526932
5 0.875009 0 0 973492 340423
5 0.876009 9806 45 885518 516355
5 0.877009 0 1 976976 336703
5 0.878007 9761 51 876697 516024
5 0.879009 9826 59 886076 531635
5 0.880009 0 1 973472 348742
5 0.881008 9843 75 880967 538093
5 0.882007 0 2 966611 350789
5 0.883009 9757 110 889303 529759
5 0.884008 0 0 975238 349335
5 0.885009 9741 98 883524 537816
5 0.886008 9731 106 879205 531979
5 0.887009 1 1 975928 344886
5 0.888009 9711 32 886631 523713
5 0.889009 1 2 972974 344118
5 0.890007 9743 127 880490 529995
5 0.891008 7754 31 902869 497389
5 0.892008 1595 6 958432 364470
5 0.893010 9780 87 882002 543201
5 0.894008 0 2 966063 348551
5 0.895009 9795 88 888100 524779
5 0.896009 1 2 970894 357555
5 0.897009 9783 47 889851 526485
5 0.898006 9819 102 881052 523961
5 0.899010 2 1 975380 347867
5 0.900010 9840 29 892438 520039
5 0.901008 1 0 971228 352153
5 0.902007 9728 107 876349 527579
5 0.903010 1 1 975986 349746
5 0.904009 9702 115 882027 540886
5 0.905009 9713 94 882875 528532
5 0.906007 2 3 967501 348066
5 0.907009 9804 104 884450 538840
5 0.908008 0 0 972411 348868
5 0.909008 9861 125 879556 540071
5 0.910006 6686 90 905215 482119
5 0.911010 2757 6 952847 386734
5 0.912010 9784 106 882641 538423
5 0.913008 0 1 970764 347163
5 0.914007 9823 104 879344 536981
5 0.915009 5 0 974552 353547
5 0.916008 9797 51 882249 532339
5 0.917009 9786 74 876979 557316
5 0.918008 4 4 966851 347114
5 0.919010 9777 52 886665 530299
5 0.920007 1 2 972540 342962
5 0.921007 9856 131 887023 517625
5 0.922006 1 2 970851 335141
5 0.923008 9818 75 884502 534635
5 0.924008 9824 147 862752 560185
5 0.925009 1 0 983626 316639
5 0.926006 9828 94 862465 542734
5 0.927009 0 3 987074 320889
5 0.928008 9798 59 869769 552693
5 0.929008 3193 129 948551 393454
5 0.930007 6540 6 897036 473846
5 0.931008 9837 120 863959 568963
5 0.932009 3 0 981860 314192
5 0.933008 9784 108 871615 552757
5 0.934005 3 2 977515 316684
5 0.935010 9769 143 872135 557959
5 0.936009 6059 117 903859 476710
5 0.937008 3616 4 941593 388500
5 0.938007 9713 135 862330 550122
5 0.939011 0 3 987176 314760
5 0.940009 9704 78 860516 561800
5 0.941009 0 1 983430 313933
5 0.942007 9833 135 864180 553158
5 0.943009 9577 121 870736 559817
5 0.944007 45 5 973529 312547
5 0.945008 9720 138 875301 548862
5 0.946007 3 2 975224 311497
5 0.947007 9803 127 871275 555519
5 0.948008 4 1 984770 311503
5 0.949008 9869 114 867338 557555
5 0.950007 9790 146 862802 557076
5 0.951008 1 0 985050 314833
5 0.952009 9813 71 869516 554102
5 0.953009 0 0 981926 315946
5 0.954006 9753 112 854384 562365
5 0.955008 1 0 982152 313129
5 0.956008 9765 47 865572 564991
5 0.957008 9667 128 872431 550723
5 0.958008 2 3 978769 316918
5 0.959008 9825 114 866276 555758
5 0.960007 2 1 981850 311745
5 0.961007 9872 113 865664 559978
5 0.962007 1 3 975215 315476
5 0.963009 9792 123 863540 570004
5 0.964008 9705 91 873450 537753
5 0.965008 1 1 985244 316319
5 0.966007 9786 124 864219 549740
5 0.967009 3 1 984566 316229
5 0.968008 9802 51 869914 551908
5 0.969007 3695 108 939205 412136
5 0.970007 5785 5 908329 450835
5 0.971009 9792 79 870875 558823
5 0.972007 0 0 979070 315048
5 0.973007 9873 112 863240 564555
5 0.974008 0 3 980653 313560
5 0.975008 9912 54 861263 575603
5 0.976008 6833 65 902039 485886
5 0.977008 2761 6 947979 378659
5 0.978006 9820 126 860013 560361
5 0.979009 1 0 986363 314632
5 0.980008 9812 114 865706 557300
5 0.981008 0 0 983068 318626
5 0.982006 9886 135 860564 558995
5 0.983009 9828 126 865885 565614
5 0.984009 1 0 983770 316549
5 0.985008 9821 128 863803 564377
5 0.986007 1 3 973759 312675
5 0.987009 9879 104 860938 579698
5 0.988008 0 0 981535 315200
5 0.989007 9842 58 876100 542087
5 0.990007 9674 123 859657 554228
5 0.991007 1 2 981851 311986
5 0.992006 9798 99 862828 563193
5 0.993007 4 3 981598 315240
5 0.994009 9758 119 862508 565973
5 0.995009 3 3 982270 312722
5 0.996008 9793 112 858844 573970
5 0.997008 9845 122 869722 556933
5 0.998006 1 2 976901 317197
5 0.999008 9847 111 871242 559053
5 1.000009 1 0 981446 314310
5 1.001008 9827 93 869071 555740
5 1.002007 3 2 973870 314053
5 1.003010 9888 132 872000 556981
5 1.004008 9719 130 867135 556396
5 1.005007 0 2 1019990 326768
5 1.006007 9773 137 895147 577814
5 1.007009 2 2 1025368 330809
5 1.008007 9793 74 904986 568776
5 1.009008 9772 106 901610 582262
5 1.010006 1 3 1017980 322561
5 1.011010 9858 107 910281 571666
5 1.012010 2 0 1022666 327530
5 1.013010 9814 52 903860 575831
5 1.014007 9913 136 890123 599235
5 1.015009 2 3 1023104 329539
5 1.016007 9829 64 892710 595985
5 1.017008 0 0 1023976 331169
5 1.018008 9851 142 894814 589480
5 1.019007 9736 79 894331 597379
5 1.020008 2 1 1022463 330683
5 1.021008 9713 124 902227 584328
5 1.022007 1 2 1015031 329874
5 1.023008 9840 148 894512 593166
5 1.024011 8005 22 917802 558233
5 1.025008 1491 5 999035 361457
5 1.026008 9832 126 894678 581058
5 1.027009 0 0 1025708 326700
5 1.028008 9632 121 890717 593481
5 1.029010 4333 61 967466 444313
5 1.030007 5158 5 950353 456327
5 1.031009 9889 114 888370 615625
5 1.032008 1 1 1019070 331530
5 1.033008 9867 121 891321 606095
5 1.034007 0 2 1018557 327478
5 1.035009 9897 88 894771 607170
5 1.036008 9829 29 892399 599835
5 1.037009 3 2 1024990 331657
5 1.038008 9795 128 890205 592614
5 1.039007 1 3 1022042 331133
5 1.040008 9919 77 905420 578640
5 1.041010 9835 100 897977 599785
5 1.042008 0 3 1013643 332960
5 1.043008 9848 105 883464 622687
5 1.044008 1 2 1023696 333383
5 1.045009 9795 84 897152 585473
5 1.046007 9848 141 900455 571345
5 1.047007 1 1 1023937 328988
5 1.048009 9902 27 897567 591185
5 1.049009 4 2 1021874 335794
5 1.050008 9840 131 877766 622603
5 1.051010 9895 83 898779 590217
5 1.052010 1 0 1022420 328944
5 1.053008 9855 123 885667 618033
5 1.054005 5 2 1013343 331558
5 1.055008 9856 123 917256 556624
5 1.056008 9926 106 896339 594237
5 1.057009 0 1 1020469 330123
5 1.058006 9854 60 895789 585909
5 1.059009 1 1 1023722 331744
5 1.060007 9718 40 895622 590280
5 1.061009 8243 107 918667 559468
5 1.062007 1378 6 999072 357281
5 1.063008 9691 129 891021 609479
5 1.064008 1 2 1025490 334373
5 1.065009 9667 131 889178 613741
5 1.066008 3324 140 974434 431700
5 1.067009 5941 4 942994 490516
5 1.068010 9760 57 894883 594454
5 1.069008 1 0 1021082 329761
5 1.070006 9928 77 893050 580752
5 1.071008 14 48 1024373 333771
5 1.072007 9719 4 893287 576476
5 1.073007 9894 118 895841 587234
5 1.074007 0 2 1017749 330859
5 1.075009 9743 101 894185 614474
5 1.076008 1 1 1021868 331394
5 1.077008 9828 138 895520 591973
5 1.078009 9689 55 894240 595457
5 1.079011 0 3 1023825 325348
5 1.080010 9635 125 891957 608251
5 1.081009 1 2 1018706 332835
5 1.082007 9729 104 889077 590958
5 1.083007 9844 67 885325 617824
5 1.084010 3 3 1022702 325530
5 1.085008 9915 117 885698 614554
5 1.086007 1 2 1012133 324012
5 1.087008 9935 137 900291 587655
5 1.088010 9873 50 901329 585935
5 1.089009 0 0 1020623 329211
5 1.090006 9708 109 893437 591185
5 1.091010 0 0 1025475 326233
5 1.092009 9684 62 891888 599178
5 1.093009 9623 97 903333 584855
5 1.094007 0 2 1014944 325640
5 1.095009 9832 124 905655 589638
5 1.096010 1 2 1020116 330560
5 1.097008 9869 113 893100 603743
5 1.098006 5528 110 940579 485944
5 1.099007 4096 3 975563 414218
5 1.100009 9850 81 902443 584376
5 1.101007 3 3 1020602 328522
5 1.102007 9908 119 896150 583015
5 1.103007 2884 103 982420 415359
5 1.104008 6717 5 931733 510329
5 1.105008 9823 99 886942 614493
5 1.106007 4 3 1018403 331595
5 1.107008 9859 117 899195 590120
5 1.108009 2 2 1023256 328131
5 1.109009 9852 62 899440 592531
5 1.110007 9871 104 896110 577636
5 1.111010 0 0 1025014 331246
5 1.112009 9834 107 893376 599818
5 1.113008 0 0 1020075 327627
5 1.114008 9873 120 898596 582572
5 1.115009 9916 113 895931 593040
5 1.116010 0 1 1025718 332967
5 1.117010 9831 132 897176 595977
5 1.118007 2 2 1016171 331837
5 1.119010 9800 90 891467 609522
5 1.120011 9852 115 888554 607174
5 1.121008 0 2 1017802 329281
5 1.122008 9881 128 883669 613209
5 1.123009 0 2 1008676 329063
5 1.124008 9819 72 862470 575417
5 1.125009 6709 114 900303 500057
5 1.126006 2964 6 940945 385872
5 1.127010 9687 117 848394 609449
5 1.128009 0 0 981655 324430
5 1.129007 9779 126 848028 600079
5 1.130006 3 2 979555 324688
5 1.131008 9763 135 872317 565124
5 1.132008 6501 113 900094 498034
5 1.133008 2853 5 947796 388002
5 1.134006 9746 115 841991 615285
5 1.135009 0 3 985702 321081
5 1.136009 9686 111 844497 609634
5 1.137009 0 3 982970 324940
5 1.138006 9699 111 833029 617077
5 1.139009 3706 60 933426 433569
5 1.140009 5901 5 896229 494725
5 1.141009 9851 35 846124 597717
5 1.142011 0 2 981939 323440
5 1.143006 9666 112 857420 569016
5 1.144008 2 0 985120 323423
5 1.145009 9779 37 832483 631248
5 1.146009 211 98 968961 328420
5 1.147007 9163 4 858553 560166
5 1.148009 9585 46 846862 606534
5 1.149009 0 2 979404 314609
5 1.150008 9701 114 838882 611019
5 1.151009 0 0 983170 313102
5 1.152010 9683 93 840161 610446
5 1.153009 0 1 980972 320003
5 1.154008 9805 115 832111 613636
5 1.155008 9840 38 852611 598471
5 1.156007 0 2 977964 316296
5 1.157009 9861 133 844840 610540
5 1.158008 0 2 976403 311236
5 1.159011 9810 33 853496 591455
5 1.160008 1 1 979518 317242
5 1.161008 9865 122 839368 615147
5 1.162007 9853 125 860759 570266
5 1.163009 0 1 981660 317736
5 1.164009 9763 151 851085 596577
5 1.165008 1 3 981502 316277
5 1.166008 9818 92 837512 612411
5 1.167007 1 3 980262 320197
5 1.168009 9827 60 850841 596158
5 1.169011 8912 92 852954 602689
5 1.170006 610 6 964554 321715
5 1.171008 9803 114 853003 599633
5 1.172009 0 0 982938 322153
5 1.173007 9696 118 838224 618531
5 1.174008 3 2 978503 315235
5 1.175010 9770 130 856865 592493
5 1.176008 6072 121 896860 499803
5 1.177009 3516 6 936142 400071
5 1.178006 9820 125 828221 632765
5 1.179008 1 0 984742 322261
5 1.180010 9840 135 838800 634531
5 1.181009 1 0 978562 320158
5 1.182008 9839 105 841422 604113
5 1.183009 1775 74 959475 374818
5 1.184008 7796 4 865263 543479
5 1.185010 9844 120 839994 634527
5 1.186006 4 3 972492 320427
5 1.187009 9844 126 849655 605986
5 1.188010 0 0 981725 323449
5 1.189009 9787 134 838117 613422
5 1.190006 2 2 976795 323990
5 1.191009 9821 90 846471 611396
5 1.192008 9853 120 852823 591685
5 1.193009 2 2 981586 320674
5 1.194007 9858 143 848753 588856
5 1.195008 1 1 982890 321383
5 1.196008 9890 41 847481 600314
5 1.197009 1 0 984680 316838
5 1.198008 9868 120 837319 619488
5 1.199009 9745 131 846352 607850
5 1.200008 0 1 978460 325744
5 1.201009 9738 131 847078 602545
5 1.202008 3 3 980165 316652
5 1.203009 9733 122 840399 616892
5 1.204008 0 1 980161 323609
5 1.205010 9828 115 845803 617251
5 1.206008 9587 119 850848 590893
5 1.207008 1 1 980216 315218
5 1.208009 9479 85 843171 612092
5 1.209008 3 0 982787 319846
5 1.210008 9565 57 844003 589489
5 1.211009 1 2 985387 324073
5 1.212007 9620 102 839206 612017
5 1.213010 6227 110 888184 526001
5 1.214008 3193 8 940781 383686
5 1.215009 9817 94 839415 623518
5 1.216008 1 2 980046 368289
5 1.217008 9769 34 850001 634847
5 1.218007 2 2 979460 385467
5 1.219008 9837 43 858559 635228
5 1.220010 5439 93 918394 530837
5 1.221008 4153 5 925211 443846
5 1.222006 9841 126 846118 652868
5 1.223009 0 3 985536 396430
5 1.224009 9841 110 856637 624807
5 1.225009 1 1 983556 398719
5 1.226008 9917 112 852298 614210
5 1.227010 4414 19 921019 520552
5 1.228009 4924 3 910194 472827
5 1.229008 9794 95 841310 667670
5 1.230008 0 2 980255 341139
5 1.231009 9713 113 854412 633614
5 1.232008 0 1 983824 393900
5 1.233009 9821 20 852938 616712
5 1.234009 2447 114 946535 463881
5 1.235009 7114 5 881974 579782
5 1.236010 9837 36 851670 658053
5 1.237011 0 0 981730 399928
5 1.238008 9872 45 848133 637340
5 1.239010 1 0 983698 394375
5 1.240009 9682 22 844583 649101
5 1.241010 428 74 975668 414755
5 1.242009 9038 6 855078 604144
5 1.243009 9821 117 846717 652912
5 1.244009 0 0 981961 392363
5 1.245009 9797 136 858619 618403
5 1.246007 0 2 974187 391448
5 1.247008 9750 54 851982 661205
5 1.248010 0 0 981111 373373
5 1.249008 9647 47 854873 595856
5 1.250008 9814 115 853724 648983
5 1.251009 0 1 984464 396639
5 1.252011 9785 108 859098 623505
5 1.253010 1 0 980528 393325
5 1.254007 9897 25 850587 607448
5 1.255009 0 0 982866 392335
5 1.256010 9898 140 852679 609567
5 1.257008 9771 41 853507 649558
5 1.258007 4 2 974671 385017
5 1.259009 9779 116 856225 620949
5 1.260011 1 1 986100 396939
5 1.261009 9779 63 862237 598949
5 1.262008 4 3 976017 389159
5 1.263008 9920 86 852805 643894
5 1.264009 9918 34 867745 625965
5 1.265008 0 1 982103 395564
5 1.266008 9735 39 848229 645822
5 1.267009 0 1 982608 393615
5 1.268009 9851 121 859812 603398
5 1.269011 0 0 981372 399243
5 1.270008 9843 159 845422 591982
5 1.271010 9731 113 848981 668551
5 1.272008 0 2 977484 395886
5 1.273008 9806 102 853987 629771
5 1.274009 2 2 978987 392828
5 1.275011 9611 103 855429 617903
5 1.276008 0 0 980288 395387
5 1.277008 9621 44 855303 606229
5 1.278009 9739 35 850495 662752
5 1.279008 0 2 979546 392432
5 1.280010 9695 51 854496 630772
5 1.281009 3 0 981958 394905
5 1.282007 9908 44 848051 627713
5 1.283010 0 0 984847 397364
5 1.284008 9828 132 846142 619696
5 1.285009 9865 120 848195 660063
5 1.286008 1 2 979165 394096
5 1.287009 9847 78 847197 626637
5 1.288008 3 0 981382 398293
5 1.289009 9723 111 853447 623897
5 1.290007 1 3 977681 391264
5 1.291009 9763 21 850095 618953
5 1.292011 9814 108 852604 650919
5 1.293009 1 0 980818 393930
5 1.294008 9887 42 842942 651164
5 1.295007 1 1 979562 390632
5 1.296008 9783 57 857451 619926
5 1.297009 0 2 980962 393045
5 1.298008 9755 120 840499 636389
5 1.299008 9776 49 859462 604489
5 1.300009 0 2 983754 399443
5 1.301010 9635 126 841886 663915
5 1.302008 1 2 977747 397503
5 1.303010 9839 33 862889 617958
5 1.304009 2 0 980910 393603
5 1.305009 9882 116 848371 622975
5 1.306007 9820 25 869730 610716
5 1.307009 3 0 985237 374382
5 1.308008 9831 10 846979 651744
5 1.309009 0 1 982942 396895
5 1.310007 9821 52 789818 580790
5 1.311009 0 1 986984 404923
5 1.312009 9676 128 849551 618015
5 1.313008 6592 114 890270 583580
5 1.314007 2941 5 939817 403993
5 1.315009 9796 44 852455 642698
5 1.316009 2 1 980818 396407
5 1.317010 9839 67 853778 631067
5 1.318007 1 3 976989 394585
5 1.319010 9712 70 851286 655393
5 1.320009 4896 56 912326 537967
5 1.321010 4553 4 931379 433121
5 1.322007 9738 105 847620 648457
5 1.323009 0 2 983506 397076
5 1.324011 9804 122 855106 632090
5 1.325010 2 1 980140 397983
5 1.326007 9753 117 851428 603044
5 1.327009 4493 52 920034 491181
5 1.328008 5163 3 910177 469008
5 1.329010 9821 86 865538 627225
5 1.330007 0 2 974373 391302
5 1.331008 9795 132 851883 641874
5 1.332008 1 2 982076 397274
5 1.333008 9803 63 850161 625117
5 1.334008 3535 59 931541 482806
5 1.335009 6034 4 907900 488002
5 1.336008 9769 106 860583 629760
5 1.337008 1 1 982768 395485
5 1.338008 9770 102 850203 633869
5 1.339008 0 1 983161 363524
5 1.340008 9823 41 844140 629588
5 1.341010 2601 121 942748 423154
5 1.342007 6831 6 883210 526687
5 1.343010 9707 91 851682 652167
5 1.344008 1 1 979544 396160
5 1.345009 9828 34 857317 627332
5 1.346007 0 2 977301 389489
5 1.347010 9898 43 855620 646680
5 1.348010 1559 69 958241 444430
5 1.349010 7965 5 873480 548214
5 1.350006 9818 105 839669 660315
5 1.351010 0 0 985143 397778
5 1.352008 9664 36 850903 636828
5 1.353012 0 1 984090 398034
5 1.354007 9767 123 839521 631648
5 1.355008 1 1 984236 397761
5 1.356008 9807 101 847704 613220
5 1.357009 9888 35 849291 660602
5 1.358006 1 2 975591 385385
5 1.359008 9743 60 856859 612702
5 1.360009 0 0 979118 393188
5 1.361009 9870 38 855461 618965
5 1.362008 0 2 976513 400956
5 1.363010 9794 23 857323 655865
5 1.364010 9883 61 854829 645223
5 1.365009 1 1 982234 394887
5 1.366008 9814 29 851882 638801
5 1.367008 0 1 982116 394949
5 1.368009 9743 82 856568 624284
5 1.369009 2 2 980706 397743
5 1.370008 9827 84 842569 623926
5 1.371011 9858 56 853228 652953
5 1.372010 2 0 981028 392120
5 1.373009 9828 113 849244 630265
5 1.374005 0 3 972235 394002
5 1.375010 9837 103 859701 658092
5 1.376010 0 2 980498 390200
5 1.377008 9843 89 842918 619082
5 1.378008 9853 28 858874 638818
5 1.379008 0 1 981657 399895
5 1.380011 9848 95 846791 650266
5 1.381013 0 2 984620 397815
5 1.382008 9535 92 842645 633502
5 1.383010 0 1 984386 392577
5 1.384009 9721 107 854566 604628
5 1.385009 9819 44 858045 647868
5 1.386008 0 3 976017 387121
5 1.387008 9648 90 852308 642242
5 1.388012 1 2 985780 398414
5 1.389009 9766 25 852392 617173
5 1.390006 1 2 977863 395463
5 1.391009 9831 74 860117 600384
5 1.392009 9882 15 855500 646632
5 1.393008 1 1 982400 396060
5 1.394007 9863 107 851347 630271
5 1.395009 0 1 978362 394430
5 1.396009 9771 106 846160 640108
5 1.397010 3 2 982341 400177
5 1.398007 9812 112 848471 603156
5 1.399008 9828 31 856253 647343
5 1.400008 2 1 981240 394690
5 1.401009 9762 42 848474 654373
5 1.402008 1 2 977601 384459
5 1.403008 9797 105 854326 615820
5 1.404009 1 2 981620 394931
5 1.405009 9890 79 857797 599668
5 1.406008 9892 120 862574 633299
5 1.407009 4 2 981108 396894
5 1.408009 9815 135 857741 627047
5 1.409009 0 0 982688 394245
5 1.410007 9799 86 850157 623499
5 1.411009 2 3 983112 398221
5 1.412009 9732 71 855447 608001
5 1.413009 9765 17 850601 654335
5 1.414007 0 2 975675 388996
5 1.415009 9846 37 858651 640809
5 1.416011 0 0 980516 394207
5 1.417009 9849 107 846446 630221
5 1.418006 2 3 976707 393115
5 1.419010 9879 57 856364 656464
5 1.420008 9915 127 852125 659930
5 1.421009 0 0 983102 388858
5 1.422007 9812 111 843736 644727
5 1.423008 0 2 980572 391857
5 1.424007 9769 80 848817 640917
5 1.425008 1 1 982934 397842
5 1.426008 9831 128 850875 605372
5 1.427009 9813 104 855941 651355
5 1.428009 0 1 979904 393288
5 1.429009 9905 23 850697 653899
5 1.430006 1 3 974355 391577
5 1.431009 9890 124 853485 633098
5 1.432009 0 2 980948 396126
5 1.433008 9801 134 853039 612744
5 1.434007 9794 108 864681 622216
5 1.435009 0 0 980483 395607
5 1.436010 9712 31 855756 639376
5 1.437009 1 2 982692 399696
5 1.438008 9889 37 852626 626218
5 1.439009 0 2 982337 371152
5 1.440007 9737 125 851874 595400
5 1.441008 9883 95 852735 657411
5 1.442008 0 2 976162 384292
5 1.443009 9798 122 859389 632121
5 1.444008 0 0 977422 391815
5 1.445009 9827 23 857812 617107
5 1.446007 1 2 975303 388806
5 1.447009 9744 29 851056 612501
5 1.448010 8927 126 858930 648500
5 1.449008 635 5 971990 333838
5 1.450006 9775 83 842287 652897
5 1.451009 0 2 981698 393639
5 1.452008 9659 142 841248 645495
5 1.453009 2 1 983256 389913
5 1.454007 9754 55 851133 604782
5 1.455009 6345 111 893051 580897
5 1.456008 3055 3 937411 408538
5 1.457009 9809 97 854179 642983
5 1.458006 0 2 971794 381850
5 1.459009 9851 101 843060 655092
5 1.460008 0 1 980704 385295
5 1.461009 9912 29 847584 626974
5 1.462009 3326 119 932171 487765
5 1.463009 6386 4 892955 512587
5 1.464010 9911 132 860102 632156
5 1.465009 1 0 981404 385522
5 1.466006 9544 62 843899 634613
5 1.467010 0 0 984236 395391
5 1.468007 9675 71 846054 617555
5 1.469009 1497 136 962494 444978
5 1.470008 8225 5 875517 528110
5 1.471009 9879 34 844840 660058
5 1.472009 1 2 979030 384533
5 1.473008 9847 45 837589 661842
5 1.474007 0 2 978394 390686
5 1.475008 9856 46 842846 618898
5 1.476009 0 2 981716 390180
5 1.477009 9681 118 850023 603556
5 1.478008 9688 61 847299 650299
5 1.479008 0 0 982104 390142
5 1.480010 9797 118 858154 632619
5 1.481009 0 1 979282 390502
5 1.482007 9872 38 849115 625401
5 1.483009 0 0 982862 393768
5 1.484008 9878 80 846699 615840
5 1.485008 9882 104 845611 659427
5 1.486008 1 2 981545 387258
5 1.487010 9665 84 851220 622557
5 1.488009 0 0 981950 393571
5 1.489008 9727 107 854690 612028
5 1.490006 1 3 977083 385187
5 1.491007 9822 112 860620 627343
5 1.492011 9875 45 846519 672964
5 1.493008 0 0 980206 331380
5 1.494008 9802 23 845869 641038
5 1.495008 0 1 1014992 400881
5 1.496008 9889 123 883648 639958
5 1.497008 3075 77 983280 483143
5 1.498006 6603 6 929663 510794
5 1.499009 9772 102 900530 640474
5 1.500008 1 1 1021676 408235
5 1.501010 9775 117 895303 631703
5 1.502007 1 2 1014463 398352
5 1.503008 9860 117 853449 637360
5 1.504008 9847 138 894464 648042
5 1.505009 0 0 1023758 401330
5 1.506007 9897 99 888252 631805
5 1.507009 0 1 1008866 383803
5 1.508010 9881 124 885809 631310
5 1.509011 9891 38 885654 670996
5 1.510008 0 3 1008701 398355
5 1.511011 9929 81 883064 676944
5 1.512009 0 1 1018236 399041
5 1.513010 9877 58 900333 624857
5 1.514008 9872 141 901891 639943
5 1.515009 0 2 1022558 382610
5 1.516009 9905 109 889587 658548
5 1.517009 5 0 1023206 403179
5 1.518007 9851 128 887429 629077
5 1.519010 6047 36 944036 565008
5 1.520008 3482 3 979155 421016
5 1.521009 9792 115 919573 561133
5 1.522008 1 3 1005767 359836
5 1.523008 9877 112 911133 571420
5 1.524010 4982 107 960889 477067
5 1.525008 4608 5 967253 438816
5 1.526008 9817 136 904170 585345
5 1.527008 1 1 1013794 364200
5 1.528009 9791 76 909220 578552
5 1.529009 2803 115 985027 423725
5 1.530007 6603 4 936726 496700
5 1.531009 9882 113 918284 572609
5 1.532008 0 1 1010833 365276
5 1.533009 9761 109 906230 585223
5 1.534006 140 129 1003387 369616
5 1.535009 9079 6 925630 543991
5 1.536009 9771 120 905927 584501
5 1.537008 0 0 1012383 360270
5 1.538009 9732 87 902939 582015
5 1.539007 0 1 1010633 361936
5 1.540007 9871 90 912832 567748
5 1.541008 9905 135 911660 574777
5 1.542008 0 3 1011277 362250
5 1.543009 9934 112 906606 584077
5 1.544009 0 0 1012786 363450
5 1.545009 9932 77 913261 567154
5 1.546009 9915 111 907268 578962
5 1.547009 0 1 1014292 360809
5 1.548009 9880 88 911760 566680
5 1.549008 3 1 1013856 364034
5 1.550007 9904 86 912998 552981
5 1.551010 9886 60 919544 566776
5 1.552009 0 0 1013505 361014
5 1.553009 9842 106 916897 563870
5 1.554006 2 3 1008751 353106
5 1.555008 9847 126 911485 577434
5 1.556008 9778 103 903115 590110
5 1.557009 2 1 1012842 359880
5 1.558007 9894 122 904982 569063
5 1.559011 0 0 1018132 370244
5 1.560009 9901 129 910890 568516
5 1.561008 9914 106 913385 564562
5 1.562007 1 3 1010671 351833
5 1.563009 9938 85 909931 572818
5 1.564009 0 2 1013956 366551
5 1.565008 9923 113 916014 562764
5 1.566007 9787 115 906216 572854
5 1.567008 0 2 1013454 362890
5 1.568008 9797 116 910024 572220
5 1.569010 0 2 1016936 360542
5 1.570007 9842 121 903291 574310
5 1.571011 9572 87 922297 558864
5 1.572009 0 1 1008640 359984
5 1.573009 9765 104 912618 566308
5 1.574006 1 3 1007239 356398
5 1.575008 9820 104 917420 566537
5 1.576009 9878 72 908824 578761
5 1.577009 1 1 1012529 365839
5 1.578007 9755 117 907578 568069
5 1.579009 1 1 1013880 372013
5 1.580008 9765 80 912911 565991
5 1.581008 9766 83 914195 573805
5 1.582008 1 2 1007744 352804
5 1.583011 9825 126 915384 573450
5 1.584009 1 0 1012000 355597
5 1.585008 9908 121 910542 571413
5 1.586008 9798 116 913424 558850
5 1.587009 0 0 1013102 365397
5 1.588008 9721 131 909915 574291
5 1.589009 4 1 1014062 363135
5 1.590007 9836 103 908949 560703
5 1.591009 9755 75 917341 569943
5 1.592011 0 0 1017738 360271
5 1.593009 9841 121 907796 566269
5 1.594007 1 3 1008749 362264
5 1.595009 9811 105 913754 566658
5 1.596007 9700 52 914096 561376
5 1.597010 1 0 1017370 357320
5 1.598008 9823 111 899918 577524
5 1.599008 0 0 1014948 366577
5 1.600010 9610 91 913625 571862
5 1.601009 9783 107 920901 543426
5 1.602007 2 3 1009420 361329
5 1.603009 9888 84 913141 574034
5 1.604009 0 1 1010664 355761
5 1.605008 9735 117 911884 570352
5 1.606008 9877 122 913476 549180
5 1.607010 0 2 1015884 363640
5 1.608008 9806 127 911433 564650
5 1.609010 1 0 1014752 366367
5 1.610007 9804 104 909311 563799
5 1.611008 9761 110 913267 567584
5 1.612007 1 1 1015083 353744
5 1.613009 9832 96 921966 548895
5 1.614007 0 2 1009469 352659
5 1.615008 9881 147 915328 568014
5 1.616009 9840 102 922451 548677
5 1.617008 0 1 1011794 352425
5 1.618007 9869 110 904387 577810
5 1.619009 0 1 1014926 362703
5 1.620007 9861 130 906543 566213
5 1.621008 9804 115 923546 553615
5 1.622006 0 2 1008646 351452
5 1.623009 9860 142 910032 566224
5 1.624010 0 1 1015304 358875
5 1.625008 9843 128 912007 562956
5 1.626007 9874 41 921455 531822
5 1.627009 0 2 1015241 359112
5 1.628009 9860 56 915232 555189
5 1.629009 0 2 1017184 358172
5 1.630007 9856 118 908892 554527
5 1.631008 9837 113 913431 566577
5 1.632009 0 0 1013600 353747
5 1.633008 9869 120 908400 568892
5 1.634008 0 3 1011792 355503
5 1.635007 9831 128 911839 566596
5 1.636009 9751 45 917314 560910
5 1.637009 1 1 1014028 353689
5 1.638007 9866 84 908621 565632
5 1.639008 1 1 1014820 356393
5 1.640008 9828 54 922463 547457
5 1.641009 9837 120 916258 555943
5 1.642007 0 3 1008862 357334
5 1.643009 9852 78 918427 549760
5 1.644009 0 0 1016144 354836
5 1.645008 9850 105 916241 553221
5 1.646007 9796 98 919143 538503
5 1.647010 1 3 1016396 356206
5 1.648008 9897 78 916586 553995
5 1.649007 2 0 1012702 356732
5 1.650007 9879 95 913323 553083
5 1.651009 9793 116 917519 568503
5 1.652009 0 3 1013228 350908
5 1.653008 9828 129 909672 565983
5 1.654008 2 3 1011527 356656
5 1.655008 9856 119 915985 562911
5 1.656008 9840 105 909416 570855
5 1.657007 0 0 1012516 360749
5 1.658008 9822 121 914467 555678
5 1.659010 1 0 1016418 357160
5 1.660009 9908 76 917282 546401
5 1.661008 9805 123 916105 554537
5 1.662006 1 3 1009414 359751
5 1.663008 9851 89 917709 556827
5 1.664008 1 1 1013509 352681
5 1.665010 9865 93 919986 561329
5 1.666008 9727 74 919708 539656
5 1.667010 0 1 1017426 355516
5 1.668009 9732 81 913543 556507
5 1.669010 0 1 1017360 356612
5 1.670007 9830 99 908222 555837
5 1.671009 9870 49 920415 554938
5 1.672008 3 0 1013323 354144
5 1.673009 9837 115 915386 561951
5 1.674007 2 2 1011470 350296
5 1.675008 9849 112 918825 552514
5 1.676009 9811 43 952497 568738
5 1.677008 0 0 1051424 363094
5 1.678006 9823 106 943061 577388
5 1.679007 1 0 1052122 369835
5 1.680008 9816 123 957688 567529
5 1.681008 9757 121 953204 576653
5 1.682007 2 2 1045809 368341
5 1.683009 9810 112 953803 572015
5 1.684008 9854 102 957929 556114
5 1.685008 0 0 1054757 365851
5 1.686006 9816 78 947028 576790
5 1.687008 3 0 1052786 365538
5 1.688009 9837 90 955534 570439
5 1.689008 9786 99 950541 576671
5 1.690006 4 3 1046887 356801
5 1.691009 9781 110 957481 566205
5 1.692008 9822 125 959760 559520
5 1.693008 2 1 1052857 363285
5 1.694006 9838 98 946410 567746
5 1.695009 1 1 1056752 369423
