7 0.001044 2387 24 6727 907817
7 0.002019 3041 29 8608 1098191
7 0.003015 6170 41 18125 2296163
7 0.004016 6283 40 18515 2328485
7 0.005016 6261 38 18199 2333183
7 0.006016 6463 25 18512 2325955
7 0.007016 6110 46 18122 2243210
7 0.008016 6626 29 19358 2330412
7 0.009015 6667 43 19867 2327653
7 0.010019 5819 29 17616 2200632
7 0.011016 5976 27 18275 2254810
7 0.012015 6200 24 18678 2327290
7 0.013015 6404 37 18736 2332652
7 0.014015 6243 24 18863 2335712
7 0.015015 6085 36 18530 2323534
7 0.016016 6099 24 18686 2336171
7 0.017015 6392 34 19518 2332931
7 0.018016 6529 26 19733 2329908
7 0.019014 6346 22 19467 2270400
7 0.020016 6545 33 19662 2333385
7 0.021015 6466 26 19553 2329833
7 0.022014 6654 29 19968 2325300
7 0.023016 7213 33 21564 2330855
7 0.024014 7478 30 21582 2325164
7 0.025015 7616 39 22047 2334024
7 0.026014 7446 26 22050 2328554
7 0.027014 7745 24 22008 2329883
7 0.028015 7754 28 22964 2331890
7 0.029015 7770 21 22218 2329947
7 0.030014 7883 35 22755 2332343
7 0.031014 7532 36 21543 2276018
7 0.032014 7568 24 22180 2325193
7 0.033015 7749 23 22875 2334528
7 0.034014 7788 27 22667 2327931
7 0.035015 7754 41 22558 2323387
7 0.036013 7689 31 22143 2325859
7 0.037014 7532 33 22494 2340603
7 0.038014 5938 28 17125 1942928
7 0.039015 5399 35 16174 1814888
7 0.040012 5530 27 16085 1786906
7 0.041013 1374 8 4077 459540
7 0.042015 0 0 0 0
7 0.043014 4375 27 12787 1369426
7 0.044013 5854 34 17397 1984047
7 0.045014 5781 22 16878 1943528
7 0.046038 6932 31 20733 2387723
7 0.047019 5835 34 17420 1986856
7 0.048013 5836 33 17661 1989715
7 0.049012 6277 33 18525 2072952
7 0.050013 5046 29 15125 1673179
7 0.051013 6188 39 18603 2106451
7 0.052013 5629 33 16647 1889654
7 0.053014 5098 34 15163 1654827
7 0.054014 5798 31 17045 1917609
7 0.055013 4527 21 13584 1543764
7 0.056013 5320 21 16144 1789138
7 0.057013 4931 25 14509 1675527
7 0.058013 5114 23 15126 1722071
7 0.059014 5917 30 17651 1981172
7 0.060012 4272 29 12757 1458867
7 0.061013 5383 32 16061 1794489
7 0.062012 5203 34 15779 1754611
7 0.063013 4986 29 14305 1650153
7 0.064012 4809 26 14507 1637354
7 0.065013 4066 22 12178 1338779
7 0.066012 3922 16 11274 1320743
7 0.067013 4033 22 12601 1379124
7 0.068013 0 0 0 0
7 0.069013 2543 11 7429 859266
7 0.070013 5686 41 16074 1739601
7 0.071012 7284 48 21319 2305155
7 0.072012 7585 47 22374 2327065
7 0.073013 7446 44 21349 2332119
7 0.074012 7487 31 21388 2322402
7 0.075012 7533 51 21771 2321260
7 0.076013 7502 40 21711 2332554
7 0.077013 7570 52 22102 2332728
7 0.078013 7604 47 22040 2333823
7 0.079012 7749 48 22748 2315387
7 0.080012 7789 43 22617 2323850
7 0.081014 7330 60 20892 2224335
7 0.082014 7776 40 22463 2330012
7 0.083012 7264 37 21543 2318902
7 0.084013 7400 61 21133 2334521
7 0.085014 7371 42 21449 2326605
7 0.086013 7594 44 22173 2326655
7 0.087013 8077 53 23056 2320195
7 0.088014 7239 52 21405 2329072
7 0.089013 7288 58 20893 2332389
7 0.090012 7243 48 21171 2247383
7 0.091012 7510 40 21553 2316047
7 0.092012 7726 43 21651 2291834
7 0.093013 7567 40 21686 2330862
7 0.094014 7499 43 21472 2327371
7 0.095013 7258 53 21326 2314757
7 0.096014 7223 42 20791 2331962
7 0.097013 7246 41 21045 2329890
7 0.098013 7477 40 21451 2333877
7 0.099014 7201 51 21021 2300700
7 0.100015 7395 47 21414 2332137
7 0.101013 7523 49 21445 2319089
7 0.102012 7603 45 22013 2330651
7 0.103012 7594 46 21395 2310126
7 0.104012 7280 37 20990 2323717
7 0.105014 7544 42 21689 2333634
7 0.106012 7558 43 21430 2322357
7 0.107013 7548 48 21750 2320845
7 0.108013 7546 35 21803 2323920
7 0.109012 7425 42 21466 2327284
7 0.110013 7500 44 21785 2331900
7 0.111012 7909 44 23190 2326246
7 0.112013 7993 44 23220 2326665
7 0.113014 8138 41 22724 2327837
7 0.114013 8061 59 23203 2322044
7 0.115012 7985 42 23060 2321689
7 0.116012 7444 44 21252 2331130
7 0.117012 7386 50 21630 2331644
7 0.118013 7609 55 21960 2329634
7 0.119012 7642 45 21926 2321940
7 0.120013 7685 52 22182 2329652
7 0.121013 7420 48 21101 2328979
7 0.122011 7633 46 21898 2323370
7 0.128778 54041 263 154442 15951869
7 0.129013 1726 8 4907 506325
7 0.130014 7956 43 22391 2336115
7 0.131014 8132 43 22775 2320549
7 0.132014 7929 53 22786 2325305
7 0.133014 8214 30 23218 2326353
7 0.134014 7622 43 21731 2325293
7 0.135013 7527 40 21636 2323482
7 0.136013 7855 46 23073 2326507
7 0.137014 7932 38 22026 2330649
7 0.138013 7804 41 22247 2325009
7 0.139013 7924 40 23001 2319623
7 0.140013 7548 42 21694 2334785
7 0.141018 5755 33 16488 1857900
7 0.142014 7581 48 22268 2311097
7 0.143012 7698 49 22132 2310926
7 0.144012 7877 36 22268 2331419
7 0.145013 7067 43 21026 2329515
7 0.146013 6408 42 18867 2332729
7 0.147013 6499 36 18578 2241034
7 0.148015 6643 57 20019 2335850
7 0.149015 6795 47 20505 2342273
7 0.150014 6707 45 19634 2300114
7 0.151012 6793 38 20103 2303575
7 0.152012 6760 47 19852 2331400
7 0.153014 6837 47 19947 2336032
7 0.154013 6730 55 20004 2327037
7 0.155012 7007 60 20466 2320516
7 0.156014 6977 44 20788 2336508
7 0.157013 6861 51 19860 2327527
7 0.158013 6948 45 20148 2330247
7 0.159012 6844 47 20027 2311897
7 0.160013 6877 60 20272 2330491
7 0.161014 7192 43 20599 2329491
7 0.162013 7519 38 22173 2325881
7 0.163013 6904 44 20153 2305375
7 0.164011 7135 36 20826 2330372
7 0.165014 6393 40 18563 2344495
7 0.166014 6034 34 18142 2323597
7 0.167013 5658 50 17035 2197009
7 0.168013 6086 42 18181 2321328
7 0.169013 6132 41 18276 2326864
7 0.170015 6242 39 18240 2342535
7 0.171013 5932 36 17722 2322185
7 0.172013 6032 54 17686 2330056
7 0.173013 5998 48 18246 2325634
7 0.174013 5984 47 18076 2335128
7 0.175014 5994 50 18379 2327093
7 0.176013 6121 56 18509 2327580
7 0.177014 5987 49 18066 2332542
7 0.178015 6102 45 17940 2337389
7 0.179013 5942 32 18053 2318014
7 0.180013 6097 50 18224 2329852
7 0.181014 6189 37 18546 2337806
7 0.182014 5854 42 17537 2329984
7 0.183014 5955 30 17714 2316621
7 0.184015 5040 84 14831 2002759
7 0.185014 5280 52 15910 2180423
7 0.186014 5881 42 17539 2331606
7 0.187014 5898 46 17279 2322009
7 0.188015 5820 48 17132 2326031
7 0.189036 5739 32 17784 2381121
7 0.190014 5688 36 17304 2265794
7 0.191016 6016 46 17908 2401034
7 0.192038 5657 36 16852 2293669
7 0.193015 5510 44 16475 2263807
7 0.194026 5812 33 17050 2355554
7 0.195013 5691 46 17509 2283054
7 0.196013 5829 51 17204 2329635
7 0.197014 5838 41 17376 2328131
7 0.198014 5908 39 17397 2329731
7 0.199014 5860 49 17246 2312554
7 0.200015 5811 41 17119 2325883
7 0.201013 6032 36 18218 2327202
7 0.202013 5995 38 17481 2321159
7 0.203013 5984 46 17965 2312580
7 0.204014 5857 47 17452 2326225
7 0.205015 5954 49 17943 2329324
7 0.206014 5889 46 17680 2323491
7 0.207015 5918 46 18026 2317946
7 0.208016 5851 48 17718 2327674
7 0.209014 5805 34 17445 2328057
7 0.210014 5934 39 17935 2333277
7 0.211013 5822 45 17383 2318168
7 0.212014 5977 32 17929 2331243
7 0.213015 5860 39 17590 2332148
7 0.214014 5841 45 17784 2323342
7 0.215014 6108 42 17421 2323996
7 0.216014 5869 54 17550 2331197
7 0.217015 5834 53 17684 2329553
7 0.218014 5725 41 17634 2326392
7 0.219013 5852 48 17244 2316487
7 0.220015 6071 44 17848 2326756
7 0.221016 5905 44 18243 2332096
7 0.222015 6033 49 17772 2319047
7 0.223015 6001 45 17921 2307644
7 0.224014 6010 46 18185 2324242
7 0.225014 6128 43 17870 2326501
7 0.226017 5940 51 17543 2338854
7 0.227014 5898 34 17801 2312795
7 0.228016 6005 27 17792 2323522
7 0.229016 5921 41 17856 2322634
7 0.230014 6066 42 18081 2321782
7 0.231016 5283 47 15859 2065097
7 0.232016 5431 45 15969 2156658
7 0.233015 5606 37 16736 2253092
7 0.234013 5863 35 17437 2324315
7 0.235014 5783 39 17312 2327455
7 0.236014 5729 38 17364 2306820
7 0.237014 5780 62 17053 2328547
7 0.238015 5760 49 17351 2336791
7 0.239016 5916 52 17720 2322572
7 0.240014 5906 35 17995 2321274
7 0.241015 5919 43 17868 2324767
7 0.242016 4611 54 13708 1821430
7 0.243013 5863 51 17994 2303890
7 0.244014 5832 51 17552 2320419
7 0.245014 5981 50 17971 2331754
7 0.246014 5985 38 17741 2328262
7 0.247014 5983 46 18163 2318213
7 0.248019 6011 59 17616 2340068
7 0.249015 5880 44 18059 2316620
7 0.250015 5979 52 17882 2328343
7 0.251013 5998 38 17894 2315420
7 0.252014 5903 39 17675 2328957
7 0.253016 6011 46 17963 2330532
7 0.254015 5941 37 17562 2328371
7 0.255014 5957 42 17671 2328140
7 0.256015 5941 46 18091 2332076
7 0.257013 5862 36 18027 2320347
7 0.258014 5964 38 17962 2334488
7 0.259091 6284 41 19146 2465893
7 0.260049 5676 37 17451 2233303
7 0.261016 5598 48 17581 2246221
7 0.262016 6022 39 18077 2337039
7 0.263014 5922 22 18138 2314006
7 0.264014 5932 43 17972 2330863
7 0.265014 5820 48 17047 2324528
7 0.266016 5835 41 17793 2336343
7 0.267014 5988 48 18196 2314148
7 0.268015 6019 63 17721 2309916
7 0.269013 5917 47 17544 2327174
7 0.270015 5854 63 17428 2333460
7 0.271015 5848 54 17091 2214175
7 0.272013 5932 56 17518 2320729
7 0.273014 5793 32 17156 2331922
7 0.274015 5893 37 17429 2331471
7 0.275014 5823 40 17466 2313371
7 0.276014 5820 49 17249 2325922
7 0.277014 5789 44 17293 2323961
7 0.278014 5933 53 17994 2323200
7 0.279014 5954 59 17765 2321556
7 0.280013 5941 43 18165 2326616
7 0.281014 5922 54 17556 2335784
7 0.282014 6087 32 18352 2332913
7 0.283014 5896 50 17891 2315060
7 0.284014 5936 43 17415 2324947
7 0.285014 6023 48 18493 2328597
7 0.286014 6012 38 17988 2335948
7 0.287014 5963 41 17554 2318945
7 0.288015 5741 54 17546 2313010
7 0.289015 5976 53 17950 2323001
7 0.290014 5942 31 18235 2323527
7 0.291013 5919 49 17786 2329129
7 0.292014 5956 48 18070 2329036
7 0.293014 5951 55 17753 2330375
7 0.294015 5951 53 18072 2331061
7 0.295013 6156 36 18042 2317933
7 0.296014 6065 48 17936 2328159
7 0.297014 5995 46 17996 2330362
7 0.298015 5935 41 17829 2329702
7 0.299014 5635 64 16747 2204690
7 0.300015 5933 43 18048 2320525
7 0.301014 5989 37 17829 2326489
7 0.302013 6009 40 17794 2325037
7 0.303013 5888 44 17778 2323423
7 0.304013 5841 34 17516 2321151
7 0.305014 6038 56 18111 2331031
7 0.306015 6093 43 17774 2332967
7 0.307014 5829 36 17463 2315429
7 0.308014 6016 40 17563 2324231
7 0.309012 5932 43 17558 2324644
7 0.310014 5954 60 17886 2331184
7 0.311014 6002 36 17743 2321209
7 0.312015 5828 53 18165 2318381
7 0.313014 6028 31 17857 2328757
7 0.314014 6071 40 17814 2333898
7 0.315013 5831 49 17767 2318166
7 0.316014 5938 38 17674 2331131
7 0.317013 5915 33 18068 2326294
7 0.318014 6126 36 18012 2335648
7 0.319014 5818 37 17398 2323005
7 0.320014 6051 38 18213 2322818
7 0.321014 5760 50 17367 2331236
7 0.322014 5898 52 17680 2329266
7 0.323013 5685 59 17499 2221053
7 0.324013 6037 38 17705 2323434
7 0.325013 5923 49 18207 2331386
7 0.326013 5978 34 17569 2326409
7 0.327014 5990 38 17654 2325445
7 0.328015 5920 39 17636 2330489
7 0.329014 5893 40 17792 2321489
7 0.330019 5905 41 17929 2343256
7 0.331015 5831 41 17606 2310228
7 0.332016 5839 49 17338 2326891
7 0.333014 5892 36 17896 2328283
7 0.334015 5832 49 17440 2325314
7 0.335014 5876 45 17155 2319064
7 0.336015 5965 44 17679 2328784
7 0.337015 5891 47 17458 2329827
7 0.338016 5771 51 17246 2325638
7 0.339014 5877 37 17858 2312449
7 0.340014 5726 49 17103 2327747
7 0.341014 5859 45 17518 2323780
7 0.342016 4946 29 14780 1967540
7 0.343015 5861 57 17522 2302461
7 0.344014 5927 39 17710 2322946
7 0.345014 5935 52 17801 2331587
7 0.346015 5947 39 17432 2329240
7 0.347014 5858 48 17310 2312928
7 0.348014 5786 46 17692 2328313
7 0.349013 5872 46 17949 2325771
7 0.350016 5898 54 17355 2333800
7 0.351015 5754 43 17242 2322918
7 0.352015 5834 58 17852 2324273
7 0.353014 5884 46 17491 2324059
7 0.354014 5630 39 17480 2330488
7 0.355014 6004 54 17467 2322087
7 0.356014 5944 44 17888 2324130
7 0.357013 5912 26 17386 2333482
7 0.358014 5922 46 17409 2329519
7 0.359014 5814 50 17906 2312215
7 0.360014 5887 47 17745 2328539
7 0.361014 5859 41 17399 2323006
7 0.362015 5980 41 17357 2328022
7 0.363015 5863 34 17781 2325395
7 0.364014 5936 29 17953 2324405
7 0.365014 5881 38 17287 2327383
7 0.366014 5881 36 17838 2329877
7 0.367013 5809 45 17449 2318377
7 0.368015 5915 54 17608 2331053
7 0.369017 6018 38 17878 2339526
7 0.370014 5854 52 17419 2318504
7 0.371015 5742 36 17392 2326109
7 0.372014 5841 37 17488 2322017
7 0.373013 5902 42 17497 2324972
7 0.374015 5795 36 17588 2330424
7 0.375014 5958 47 17041 2320406
7 0.376014 5892 37 17827 2327276
7 0.377015 5872 44 17346 2328556
7 0.378015 5848 49 17690 2328915
7 0.379014 5888 54 17483 2315072
7 0.380014 5977 43 18067 2325190
7 0.381014 5928 41 17788 2327923
7 0.382015 5912 38 17713 2337050
7 0.383014 5770 46 17408 2314011
7 0.384014 5942 33 17695 2320003
7 0.385013 5810 45 17710 2327573
7 0.386014 5806 50 17530 2331240
7 0.387014 5844 43 17975 2322070
7 0.388014 5834 45 17534 2321592
7 0.389015 5951 45 17619 2328001
7 0.390015 5874 31 17317 2326443
7 0.391013 5955 46 17389 2316682
7 0.392014 5909 43 17869 2328704
7 0.393015 5845 49 17831 2318574
7 0.394014 5858 52 17453 2324950
7 0.395014 6011 40 17897 2317105
7 0.396016 5880 49 17273 2328817
7 0.397015 5934 35 17391 2332891
7 0.398014 5905 44 17239 2324146
7 0.399014 6034 113 17932 2313934
7 0.400014 5982 110 17277 2320741
7 0.401015 5825 114 17438 2333246
7 0.402015 6072 147 17850 2332791
7 0.403013 5939 111 17687 2299540
7 0.404014 5858 109 17677 2326556
7 0.405014 5979 104 17492 2324051
7 0.406014 6105 112 17965 2326124
7 0.407013 6050 120 17544 2315416
7 0.408013 6064 132 17860 2322260
7 0.409014 6070 115 17543 2333507
7 0.410014 5955 95 17451 2331692
7 0.411013 5942 116 17419 2313987
7 0.412013 6024 125 17866 2327106
7 0.413014 5943 117 17865 2332000
7 0.414014 5954 127 17673 2332415
7 0.415013 6015 105 18066 2313422
7 0.416015 5946 108 17596 2329419
7 0.417014 6028 95 18111 2406157
7 0.418013 5941 83 17437 2422789
7 0.419014 6012 110 17952 2421347
7 0.420013 6079 92 17989 2427429
7 0.421014 5992 109 17938 2425745
7 0.422014 6016 124 17758 2433765
7 0.423014 6073 106 17837 2420813
7 0.424014 5988 118 18023 2420261
7 0.425014 5952 112 17992 2427981
7 0.426014 6053 101 17547 2433719
7 0.427014 6113 121 18160 2421489
7 0.428015 6140 130 18429 2425059
7 0.429015 6138 98 18624 2425592
7 0.430015 6131 119 18154 2430275
7 0.431014 6210 112 18204 2426075
7 0.432014 6144 117 18231 2420868
7 0.433015 6120 116 18023 2427229
7 0.434014 6107 98 18356 2422382
7 0.435013 6242 107 18381 2423465
7 0.436014 6185 143 18181 2423788
7 0.437015 6154 124 17956 2427891
7 0.438014 6066 117 17805 2421968
7 0.439014 6221 108 18850 2419940
7 0.440014 6112 127 18376 2422430
7 0.441015 6178 131 18206 2429451
7 0.442013 5404 90 15816 2126195
7 0.443014 6169 112 18631 2420483
7 0.444014 6212 120 18445 2431540
7 0.445014 6168 109 18321 2419532
7 0.446014 6097 110 18179 2423867
7 0.447015 6141 121 18303 2415178
7 0.448014 6033 100 18157 2420901
7 0.449014 6113 138 18267 2426631
7 0.450014 6279 100 18281 2429584
7 0.451013 6190 144 18193 2409471
7 0.452013 6124 93 18318 2416267
7 0.453013 6232 96 18125 2421716
7 0.454015 6150 116 17630 2425989
7 0.455013 6195 126 18290 2419769
7 0.456014 6358 120 18272 2421501
7 0.457015 6184 127 18110 2432829
7 0.458015 6257 120 18497 2426456
7 0.459013 6208 114 18100 2414443
7 0.460013 6212 131 18579 2424965
7 0.461014 6073 114 18357 2425892
7 0.462014 6132 133 18561 2428331
7 0.463014 6148 109 18394 2411937
7 0.464015 6207 103 18076 2428266
7 0.465014 6260 140 18240 2423712
7 0.466014 6206 92 18226 2420491
7 0.467013 6163 121 18228 2410378
7 0.468015 6279 129 18761 2429909
7 0.469014 6205 116 18082 2423174
7 0.470014 6093 124 18426 2413557
7 0.471014 6050 133 18324 2422570
7 0.472015 6123 114 18134 2422507
7 0.473014 6219 136 18405 2431624
7 0.474014 6234 135 18363 2425719
7 0.475014 6031 128 17640 2416081
7 0.476014 5409 125 15933 2423724
7 0.477016 5391 121 16144 2360915
7 0.478014 5407 124 15829 2376958
7 0.479015 5336 127 15739 2421578
7 0.480015 5404 104 15955 2422633
7 0.481013 5259 133 15679 2426308
7 0.482014 5318 129 16133 2430491
7 0.483014 4319 90 12853 1967481
7 0.484015 5273 96 16120 2423013
7 0.485015 5244 114 16064 2422337
7 0.486014 5347 121 15983 2343062
7 0.487017 5365 134 16091 2402325
7 0.488016 5357 105 16165 2425296
7 0.489014 5303 99 16280 2428450
7 0.490014 5380 114 16046 2418746
7 0.491014 5405 101 15944 2416896
7 0.492013 5411 130 15921 2430485
7 0.493017 5406 107 16624 2425218
7 0.494014 5436 97 16270 2426588
7 0.495016 5449 102 15984 2418607
7 0.496015 5458 111 16241 2421234
7 0.497015 5045 96 15345 2263093
7 0.498015 5319 104 15941 2419291
7 0.499015 5316 108 15626 2411918
7 0.500015 5277 95 15796 2417148
7 0.501015 5354 114 16306 2427192
7 0.502014 5398 127 15916 2429912
7 0.503016 5285 93 15966 2428223
7 0.504016 5229 98 16004 2426972
7 0.505015 5341 107 16332 2422528
7 0.506015 5248 114 15929 2424058
7 0.507015 5320 130 15833 2421895
7 0.508014 5306 134 16199 2419434
7 0.509014 5381 127 16116 2422738
7 0.510014 5287 120 16008 2356012
7 0.511016 5220 112 16049 2393968
7 0.512015 5284 140 15793 2426338
7 0.513016 5318 123 15933 2430205
7 0.514014 5336 118 15705 2421252
7 0.515015 5211 117 15554 2412503
7 0.516015 5264 107 15903 2425560
7 0.517015 5404 99 15776 2372071
7 0.518016 5876 138 16560 2424820
7 0.519015 5767 139 16462 2345124
7 0.520015 5737 139 16323 2386490
7 0.521015 5799 125 16737 2433496
7 0.522014 5620 137 17107 2424132
7 0.523014 5675 121 16734 2406759
7 0.524015 5607 121 16640 2425088
7 0.525015 5589 140 16968 2427345
7 0.526014 5586 124 17146 2423173
7 0.527015 5678 149 17152 2414371
7 0.528015 5647 118 16568 2417719
7 0.529014 5676 136 16664 2431570
7 0.530016 5668 140 16985 2426723
7 0.531014 5615 155 16713 2411125
7 0.532015 5679 120 16947 2421587
7 0.533014 5647 131 17033 2413510
7 0.534015 5639 125 16933 2424604
7 0.535014 5676 137 16565 2411994
7 0.536015 5713 122 16770 2432648
7 0.537016 5536 146 16105 2429580
7 0.538015 5573 133 16965 2411703
7 0.539016 5607 127 16503 2422143
7 0.540017 5588 158 16794 2428228
7 0.541015 5672 141 16850 2423672
7 0.542015 4906 139 14972 2136496
7 0.543014 5643 136 16824 2416430
7 0.544016 5636 121 17189 2430394
7 0.545015 5639 139 17009 2413726
7 0.546014 5648 144 16610 2419696
7 0.547015 5636 142 17414 2422210
7 0.548016 5494 105 16735 2423287
7 0.549015 5531 119 16535 2419868
7 0.550014 5602 131 16788 2423647
7 0.551015 5508 123 16513 2415595
7 0.552014 5645 147 17155 2425012
7 0.553013 5552 130 16828 2426607
7 0.554015 5534 123 17168 2425807
7 0.555015 5480 140 16507 2416384
7 0.556014 5561 132 16884 2421684
7 0.557015 5538 148 16940 2435118
7 0.558015 5549 126 16549 2425859
7 0.559016 5598 136 16851 2411982
7 0.560014 5491 131 16546 2410006
7 0.561016 5582 123 16938 2433848
7 0.562015 5548 154 16486 2418241
7 0.563014 5636 137 17212 2419475
7 0.564015 5617 163 16797 2430625
7 0.565016 5456 122 16527 2432494
7 0.566015 5568 124 16383 2353945
7 0.567015 5566 145 16524 2396008
7 0.568016 5584 139 16584 2424479
7 0.569015 5526 130 16812 2415346
7 0.570014 5575 135 16711 2415548
7 0.571015 5619 133 17061 2419850
7 0.572015 5493 135 16664 2421341
7 0.573015 5584 122 16891 2421622
7 0.574015 5563 125 17044 2431346
7 0.575016 5579 143 16907 2427106
7 0.576017 5469 105 16597 2423148
7 0.577015 5523 110 17111 2415357
7 0.578014 5551 127 16815 2423147
7 0.579013 5666 134 16362 2421545
7 0.580014 5623 151 16831 2423815
7 0.581014 5605 140 17333 2426214
7 0.582014 5621 115 17173 2423514
7 0.583014 5514 131 16561 2413575
7 0.584015 5628 135 16931 2423043
7 0.585014 5627 129 16969 2430254
7 0.586014 5476 147 17019 2419895
7 0.587014 5536 129 16483 2421704
7 0.588015 5656 157 16969 2414654
7 0.589015 5690 138 16866 2420301
7 0.590015 5571 121 16280 2427886
7 0.591014 5693 132 17256 2414074
7 0.592015 5549 140 17047 2422403
7 0.593014 5603 142 16940 2419535
7 0.594016 5615 133 16797 2427476
7 0.595013 5488 130 17317 2413845
7 0.596015 5646 131 16743 2431602
7 0.597015 5513 151 16855 2423995
7 0.598014 5546 99 16832 2432339
7 0.599016 5658 105 17493 2425206
7 0.600015 5536 143 17179 2415481
7 0.601015 5498 137 16924 2428988
7 0.602015 5549 125 16412 2420620
7 0.603016 5615 141 17004 2426123
7 0.604014 5471 139 16539 2425521
7 0.605015 5634 113 16832 2426161
7 0.606015 5550 132 16636 2425189
7 0.607014 5557 121 16527 2425849
7 0.608015 5579 137 16769 2424047
7 0.609014 5636 146 16643 2418296
7 0.610014 5576 127 16834 2433025
7 0.611014 5575 133 16957 2411991
7 0.612015 5514 152 16938 2424532
7 0.613015 5552 135 16564 2425722
7 0.614014 5520 155 16128 2423538
7 0.615015 5589 128 16390 2341406
7 0.616017 5549 162 16941 2393413
7 0.617015 5616 151 16600 2484207
7 0.618014 5525 125 16321 2353116
7 0.619014 5614 149 16849 2467519
7 0.620014 5511 145 17202 2527647
7 0.621016 5481 143 16371 2517921
7 0.622014 5480 129 16680 2512035
7 0.623014 5669 126 17148 2510821
7 0.624015 5588 147 16956 2528466
7 0.625014 5507 136 16575 2515368
7 0.626016 5553 153 16398 2526528
7 0.627015 5657 146 16997 2526903
7 0.628015 5877 130 17733 2511156
7 0.629015 5917 145 18014 2528833
7 0.630015 5594 130 16969 2521069
7 0.631015 5478 126 16635 2443802
7 0.632015 5642 151 17124 2486697
7 0.633015 5600 154 16586 2514512
7 0.634015 5545 150 16797 2529349
7 0.635014 5599 140 16909 2518791
7 0.636014 5680 130 16950 2517503
7 0.637015 5448 146 16497 2479991
7 0.638014 5620 129 16810 2363309
7 0.639014 5640 140 16733 2391302
7 0.640014 5641 141 16833 2492874
7 0.641015 5608 144 16775 2525370
7 0.642014 5305 113 15759 2349227
7 0.643016 5396 145 16804 2352884
7 0.644015 5508 122 17135 2470946
7 0.645016 5573 144 16933 2522111
7 0.646016 5623 128 16876 2529963
7 0.647015 5567 138 17075 2512980
7 0.648014 5559 129 17119 2526098
7 0.649015 5573 142 16550 2524487
7 0.650015 5711 131 16857 2518221
7 0.651014 5508 112 16350 2525865
7 0.652014 5527 134 16604 2517541
7 0.653017 5678 152 16952 2520012
7 0.654014 5493 126 16593 2513455
7 0.655016 5586 136 17015 2522896
7 0.656014 5549 126 16808 2511925
7 0.657016 5695 127 17136 2526489
7 0.658015 5569 128 17427 2528841
7 0.659013 5533 139 16559 2513141
7 0.660016 5637 134 16962 2528057
7 0.661014 5672 117 16910 2520734
7 0.662014 5669 150 17066 2528417
7 0.663014 5721 110 17372 2506147
7 0.664015 5596 134 17004 2518344
7 0.665014 5582 139 16747 2522762
7 0.666015 5505 124 16983 2527207
7 0.667015 5545 130 16805 2510037
7 0.668015 5606 161 17548 2526763
7 0.669014 5610 170 16855 2521338
7 0.670015 5645 111 16728 2529979
7 0.671015 5527 133 16513 2515873
7 0.672015 5586 120 16979 2524085
7 0.673014 5624 143 17035 2522992
7 0.674014 5617 123 17300 2528329
7 0.675014 5631 106 16741 2517603
7 0.676015 5703 147 17174 2445327
7 0.677016 5674 150 17181 2492539
7 0.678015 5542 115 17023 2526667
7 0.679014 5716 133 17499 2503642
7 0.680014 5639 140 17112 2529450
7 0.681014 5684 150 17065 2528822
7 0.682015 5594 134 16926 2524284
7 0.683014 5662 165 17261 2504445
7 0.684013 5571 137 16688 2521613
7 0.685016 5613 139 17212 2533481
7 0.686015 5641 160 17083 2524083
7 0.687016 5696 127 17025 2444300
7 0.688014 5667 114 17680 2503563
7 0.689014 5803 136 17386 2519540
7 0.690016 6026 136 18118 2536342
7 0.691014 5882 134 17610 2511509
7 0.692014 5887 130 18254 2532852
7 0.693014 5843 142 17442 2531487
7 0.694015 5930 123 18411 2532483
7 0.695015 5979 134 18221 2516459
7 0.696015 6072 130 18064 2521934
7 0.697015 5817 137 17583 2533130
7 0.698014 5937 137 17341 2517986
7 0.699014 5957 142 17997 2519131
7 0.700014 6203 132 18564 2528360
7 0.701014 6033 133 18173 2529659
7 0.702015 5949 101 18009 2528366
7 0.703014 5891 144 17602 2495915
7 0.704013 5825 120 17585 2528486
7 0.705015 5994 154 17878 2526586
7 0.706016 5648 139 17175 2527393
7 0.707014 5665 138 17146 2505948
7 0.708016 5637 157 17284 2533345
7 0.709015 5618 157 16621 2464950
7 0.710014 5619 125 17057 2492087
7 0.711014 5737 152 17213 2518796
7 0.712016 5694 125 16998 2528944
7 0.713014 5645 131 16962 2520430
7 0.714013 5588 131 17125 2520192
7 0.715013 5664 145 17123 2522417
7 0.716018 5648 125 17094 2537125
7 0.717015 5614 138 17456 2514850
7 0.718015 5622 79 18142 2532390
7 0.719013 5748 93 17973 2512668
7 0.720014 5667 80 18475 2530863
7 0.721014 5614 74 18085 2528723
7 0.722017 5370 66 17554 2530834
7 0.723016 5408 79 17560 2520718
7 0.724016 5358 63 17817 2517641
7 0.725015 5446 104 17069 2516824
7 0.726015 5331 73 16839 2517900
7 0.727014 5495 107 17741 2512292
7 0.728016 5451 73 17659 2530539
7 0.729015 5380 81 17996 2517687
7 0.730015 5424 60 17802 2523707
7 0.731015 5439 81 17415 2515131
7 0.732016 5532 74 17735 2523817
7 0.733015 5416 72 17537 2516301
7 0.734014 5395 75 17531 2526818
7 0.735015 5423 71 17891 2515956
7 0.736013 5575 90 17664 2517382
7 0.737016 5461 81 17631 2529186
7 0.738014 5328 63 17589 2524381
7 0.739015 5346 92 17567 2518401
7 0.740016 5407 80 18059 2521365
7 0.741013 5343 74 17299 2499579
7 0.742015 5371 88 17244 2529813
7 0.743014 4561 67 14812 2132444
7 0.744014 5442 80 18067 2520152
7 0.745015 5431 50 18087 2531216
7 0.746014 5438 100 17636 2525673
7 0.747014 5467 74 17690 2522243
7 0.748015 5315 80 17719 2518153
7 0.749014 5370 77 17056 2528349
7 0.750015 5440 90 17347 2530343
7 0.751015 5452 73 17455 2506500
7 0.752016 5490 95 17736 2524605
7 0.753015 5554 58 18365 2525537
7 0.754015 5378 75 17407 2531855
7 0.755014 5510 87 18328 2515127
7 0.756016 5607 76 18196 2527315
7 0.757015 5415 60 18177 2522804
7 0.758014 5432 63 17921 2516683
7 0.759014 5566 77 17948 2527888
7 0.760016 5427 63 17938 2526494
7 0.761015 5444 82 18386 2523674
7 0.762017 5423 104 18119 2519729
7 0.763014 5440 62 17325 2494463
7 0.764015 5505 77 17665 2540517
7 0.765015 5533 68 17586 2523426
7 0.766016 5464 60 18340 2530171
7 0.767015 5546 73 18061 2512586
7 0.768015 5503 74 17676 2526575
7 0.769015 5608 85 18053 2517690
7 0.770015 5512 64 17719 2527770
7 0.771015 5594 80 17562 2500203
7 0.772015 5565 89 17287 2527737
7 0.773014 5508 64 17705 2521547
7 0.774014 5567 66 17950 2527403
7 0.775014 5593 73 17195 2502686
7 0.776014 5510 80 17562 2524970
7 0.777014 5525 73 17936 2529907
7 0.778015 5539 89 17837 2523452
7 0.779015 5462 78 18413 2506331
7 0.780014 5553 70 17925 2514420
7 0.781016 5671 74 18009 2533247
7 0.782015 5540 79 17930 2516854
7 0.783015 5394 66 17675 2510080
7 0.784015 5550 84 17653 2515790
7 0.785015 5478 62 17964 2531920
7 0.786015 5519 74 17582 2521805
7 0.787015 5478 70 17401 2517335
7 0.788014 5502 68 17407 2515815
7 0.789016 5533 77 17666 2527969
7 0.790016 5600 75 17477 2524036
7 0.791015 5424 67 18002 2514060
7 0.792015 5479 63 17613 2527693
7 0.793015 5566 81 18316 2528861
7 0.794014 5578 87 17979 2527127
7 0.795014 5547 77 17594 2511214
7 0.796013 5455 84 17850 2517986
7 0.797014 5486 66 17695 2530094
7 0.798017 5583 75 17586 2534856
7 0.799013 5486 78 17300 2504134
7 0.800015 5537 67 17779 2533905
7 0.801015 5550 67 17837 2526692
7 0.802016 5554 70 17985 2532759
7 0.803015 5455 61 17488 2514756
7 0.804015 5461 83 17483 2521414
7 0.805015 5494 87 17657 2531034
7 0.806015 5412 83 17878 2518714
7 0.807016 5530 79 17649 2518791
7 0.808016 5506 74 18037 2519802
7 0.809015 5522 83 17848 2523835
7 0.810014 5556 71 17351 2521663
7 0.811015 5512 83 17752 2515972
7 0.812014 5446 62 17703 2524041
7 0.813016 5440 88 17600 2536567
7 0.814014 5519 86 17712 2522854
7 0.815014 5537 76 17814 2517116
7 0.816017 5444 76 17963 2529799
7 0.817014 5375 73 17924 2518465
7 0.818017 5538 63 17616 2527618
7 0.819013 5458 79 17724 2507982
7 0.820016 5480 82 18219 2531185
7 0.821014 5449 79 17336 2523563
7 0.822016 5536 76 17682 2527264
7 0.823015 5495 81 16887 2503327
7 0.824016 5547 74 18098 2521961
7 0.825016 5509 84 17361 2524391
7 0.826015 5586 62 18136 2519828
7 0.827015 5449 68 17320 2510884
7 0.828015 5430 76 17716 2531992
7 0.829015 5478 66 18158 2526745
7 0.830017 5427 74 18023 2524362
7 0.831013 5403 66 17737 2505612
7 0.832015 5543 70 17777 2528536
7 0.833014 5467 67 17691 2517995
7 0.834017 5579 65 17856 2530183
7 0.835014 5540 77 17837 2518606
7 0.836016 5557 70 17591 2509724
7 0.837014 5466 85 17408 2520151
7 0.838014 5587 80 17964 2521729
7 0.839014 5557 93 17713 2519212
7 0.840015 5528 66 17883 2525281
7 0.841014 5451 66 17807 2523881
7 0.842015 5492 83 17950 2531151
7 0.843015 4873 64 15481 2233880
7 0.844015 5483 67 17892 2522032
7 0.845015 5499 76 17507 2525450
7 0.846017 5521 76 18065 2532639
7 0.847014 5440 81 17552 2505684
7 0.848013 5598 74 18063 2521357
7 0.849017 5538 68 17399 2535236
7 0.850015 5497 79 18183 2511533
7 0.851015 5417 73 17015 2522093
7 0.852015 5325 77 17318 2523604
7 0.853015 5419 73 17887 2523289
7 0.854016 5338 88 17759 2524958
7 0.855016 5472 65 17075 2368203
7 0.856017 5481 91 17546 2433971
7 0.857014 5399 70 17549 2513473
7 0.858015 5408 63 17175 2523046
7 0.859015 5486 89 17564 2510308
7 0.860016 5425 67 17413 2524608
7 0.861016 5321 73 17195 2449347
7 0.862015 5463 74 17897 2462267
7 0.863016 5471 82 17715 2526402
7 0.864015 5397 84 17336 2521606
7 0.865013 5392 57 17907 2526284
7 0.866015 5367 79 17087 2528169
7 0.867015 5544 63 17051 2516855
7 0.868015 5468 69 17658 2524740
7 0.869016 5397 72 17936 2526254
7 0.870016 5502 63 17730 2521019
7 0.871014 5282 63 16822 2512165
7 0.872014 5369 66 17627 2512047
7 0.873015 5497 73 17913 2526447
7 0.874015 5468 80 17511 2520450
7 0.875014 5474 81 17499 2510192
7 0.876015 5409 76 17978 2525231
7 0.877016 5415 60 17747 2517038
7 0.878014 5288 58 17989 2528145
7 0.879015 5388 74 17498 2511052
7 0.880015 5328 70 17263 2518004
7 0.881016 5443 73 17271 2529663
7 0.882016 5426 77 17717 2398688
7 0.883015 5331 61 17417 2456553
7 0.884015 5425 80 17654 2524676
7 0.885015 5442 54 18080 2523648
7 0.886016 5439 64 17664 2526324
7 0.887015 5308 81 17114 2511256
7 0.888015 5291 67 17877 2527059
7 0.889015 5382 55 17883 2519674
7 0.890017 5412 67 17909 2526787
7 0.891014 5418 79 17842 2511559
7 0.892015 5381 69 17820 2529481
7 0.893016 5413 55 17411 2526122
7 0.894015 5350 68 17652 2526391
7 0.895014 5443 85 17466 2511007
7 0.896016 5339 73 17472 2525933
7 0.897016 5329 66 17723 2519906
7 0.898015 5411 76 17552 2527760
7 0.899016 5414 64 18158 2526305
7 0.900015 5273 49 17735 2508127
7 0.901015 5441 72 17536 2515149
7 0.902015 5365 72 17363 2532201
7 0.903015 5440 65 17289 2509450
7 0.904016 5216 65 16680 2524826
7 0.905015 5419 59 17677 2526034
7 0.906015 5405 80 17857 2520653
7 0.907016 5427 85 17495 2518068
7 0.908014 5396 76 17524 2517101
7 0.909016 5424 79 17381 2521090
7 0.910017 5420 61 17942 2525289
7 0.911016 5445 61 17433 2509628
7 0.912015 5462 68 17188 2532354
7 0.913014 5482 59 17498 2519424
7 0.914016 5450 80 17052 2529039
7 0.915014 5352 75 17519 2511329
7 0.916015 5322 68 17351 2521099
7 0.917015 5439 64 17674 2524734
7 0.918015 5458 75 18265 2522128
7 0.919014 5475 78 17321 2504271
7 0.920015 5423 70 17742 2521331
7 0.921014 5183 71 16702 2526511
7 0.922017 5390 73 17313 2531405
7 0.923015 5434 77 17143 2515294
7 0.924015 5462 78 18119 2520539
7 0.925015 5399 70 17419 2527666
7 0.926015 5502 64 17872 2518084
7 0.927016 5418 103 17741 2513952
7 0.928015 5385 66 17247 2513887
7 0.929015 5540 66 17547 2527971
7 0.930016 5524 78 17973 2521608
7 0.931014 5481 59 17514 2517624
7 0.932015 5335 61 17656 2513587
7 0.933015 5418 64 18119 2531038
7 0.934014 5358 73 17258 2518033
7 0.935015 5462 55 17834 2515728
7 0.936014 5382 68 17412 2518136
7 0.937015 5319 81 17408 2521983
7 0.938014 5495 62 17598 2516865
7 0.939015 5432 64 17350 2518136
7 0.940016 5374 41 18007 2518463
7 0.941014 5369 62 17412 2517167
7 0.942016 5406 64 17321 2523490
7 0.943016 4844 58 15587 2237020
7 0.944014 5424 73 18130 2523938
7 0.945015 5360 68 17473 2514128
7 0.946016 5407 63 17604 2530170
7 0.947014 5397 77 17387 2520316
7 0.948015 5444 79 17911 2517376
7 0.949016 5424 78 17624 2530899
7 0.950016 5455 62 17422 2520412
7 0.951017 5414 69 17498 2513204
7 0.952015 5319 64 17041 2516239
7 0.953015 5444 65 17657 2525194
7 0.954015 5288 88 17033 2515736
7 0.955015 5373 75 17730 2523848
7 0.956015 5475 88 17353 2507307
7 0.957017 5446 69 17500 2540362
7 0.958016 5380 80 17301 2527542
7 0.959016 5338 64 17106 2519343
7 0.960016 5522 63 17606 2530352
7 0.961017 5325 68 17078 2522686
7 0.962017 5469 61 17436 2531419
7 0.963016 5484 73 17989 2513740
7 0.964016 5476 86 17984 2526363
7 0.965015 5422 69 16986 2523703
7 0.966014 5395 60 17114 2523029
7 0.967014 5387 72 17223 2517598
7 0.968015 5309 69 16911 2528305
7 0.969016 5421 61 17771 2521356
7 0.970014 5268 54 17192 2519140
7 0.971014 5319 56 16632 2515506
7 0.972015 5309 72 17597 2533368
7 0.973015 5324 68 17396 2519730
7 0.974016 5320 83 17234 2522079
7 0.975017 5334 72 16889 2514643
7 0.976015 5296 65 17104 2511818
7 0.977014 5382 70 17414 2518908
7 0.978014 5257 69 17132 2525461
7 0.979015 5335 69 17490 2522103
7 0.980014 5247 85 17290 2527021
7 0.981015 5268 63 17117 2521153
7 0.982014 5247 59 17137 2519112
7 0.983015 5234 58 17107 2510852
7 0.984015 5242 69 17209 2523107
7 0.985015 5289 58 17089 2517404
7 0.986015 5364 84 17472 2530053
7 0.987016 5319 71 17107 2520233
7 0.988015 5247 63 17272 2516054
7 0.989015 5309 70 17094 2512702
7 0.990015 5353 72 17029 2518386
7 0.991016 5323 79 17629 2522913
7 0.992015 5335 60 17299 2524300
7 0.993015 5266 64 17316 2525452
7 0.994014 5318 69 17131 2521365
7 0.995015 5282 64 17489 2516947
7 0.996014 5281 70 17489 2519486
7 0.997014 5258 61 17342 2520561
7 0.998015 5336 66 17376 2531645
7 0.999014 5264 56 17495 2510293
7 1.000014 5353 69 17437 2512844
7 1.001016 5338 67 17502 2521449
7 1.002015 5373 65 17508 2465156
7 1.003014 5138 66 16705 2470751
7 1.004016 5261 58 17500 2525466
7 1.005016 5295 89 17109 2519463
7 1.006015 5282 67 16735 2527203
7 1.007015 5315 73 16870 2517968
7 1.008014 5386 70 16977 2519108
7 1.009014 5364 66 17343 2524244
7 1.010016 5224 72 17198 2390847
7 1.011015 5511 62 16338 2454551
7 1.012014 5204 63 17035 2523855
7 1.013015 5312 64 17498 2525626
7 1.014015 5236 67 17187 2512803
7 1.015014 5276 66 17307 2526383
7 1.016014 5328 68 17226 2515472
7 1.017016 5288 70 17000 2529241
7 1.018015 5388 74 17566 2513583
7 1.019015 5412 64 16909 2522012
7 1.020015 5319 70 17765 2526201
7 1.021014 5202 65 17215 2519486
7 1.022014 5269 64 17590 2515648
7 1.023014 5360 84 17044 2516028
7 1.024014 5394 73 17489 2513905
7 1.025015 5322 73 17557 2525859
7 1.026015 5340 70 17637 2523046
7 1.027015 5544 63 18113 2508790
7 1.028015 5459 67 18016 2522988
7 1.029014 5248 67 17268 2521962
7 1.030015 5280 69 17160 2529564
7 1.031015 5244 60 17054 2522644
7 1.032014 5341 74 17582 2531525
7 1.033014 5279 56 17579 2522493
7 1.034016 5289 67 17341 2521014
7 1.035015 5322 57 17267 2517985
7 1.036015 5305 51 17045 2524230
7 1.037016 5274 66 17204 2529023
7 1.038015 5325 60 17222 2525700
7 1.039016 5390 58 17211 2510208
7 1.040014 5223 64 16766 2525154
7 1.041015 5234 47 17215 2520398
7 1.042017 5276 63 17098 2537285
7 1.043015 4677 60 14745 2195677
7 1.044015 5316 60 17707 2514440
7 1.045019 5334 72 17399 2537873
7 1.046014 5315 73 17075 2515592
7 1.047016 5555 58 16715 2512896
7 1.048015 5429 60 17459 2524929
7 1.049015 5292 70 17493 2526088
7 1.050015 5260 68 16974 2520131
7 1.051015 5341 58 17654 2519180
7 1.052014 5338 64 17202 2524523
7 1.053014 5326 68 17272 2527323
7 1.054015 5270 63 16805 2520911
7 1.055014 5293 67 17497 2512224
7 1.056016 5247 57 17071 2509161
7 1.057015 5286 79 17147 2517590
7 1.058016 5239 68 17272 2522619
7 1.059014 5334 88 17433 2518064
7 1.060013 4906 114 16434 2338006
7 1.061016 5315 68 17732 2522860
7 1.062014 5237 57 17599 2525654
7 1.063015 5337 73 17217 2511147
7 1.064014 5147 72 16996 2496209
7 1.065016 5340 65 17610 2530925
7 1.066014 5284 56 16476 2515097
7 1.067015 5226 49 16089 2491540
7 1.068014 5306 52 16494 2503337
7 1.069015 5236 56 16705 2526461
7 1.070015 5177 37 16397 2459614
7 1.071014 5169 55 15918 2337418
7 1.072015 5459 55 15508 2462180
7 1.073014 5382 46 15889 2512412
7 1.074015 5187 35 15478 2527949
7 1.075014 5147 40 15151 2508488
7 1.076014 5211 38 15182 2520511
7 1.077016 5233 47 15712 2530202
7 1.078016 5190 44 15521 2453391
7 1.079015 5158 49 15222 2345000
7 1.080015 5224 51 15757 2449817
7 1.081014 5211 44 15673 2523340
7 1.082014 5165 38 15537 2515470
7 1.083016 5164 43 15310 2527035
7 1.084015 5087 40 15407 2527840
7 1.085016 5100 40 16162 2530273
7 1.086014 5136 52 14982 2469794
7 1.087015 5104 47 15706 2488479
7 1.088014 5272 41 15987 2512374
7 1.089014 5189 49 15623 2522307
7 1.090014 5131 38 15513 2531837
7 1.091014 4812 41 14658 2251575
7 1.092016 5134 47 15379 2442183
7 1.093015 5049 34 16264 2518036
7 1.094015 5099 46 15537 2527846
7 1.095014 5101 41 15759 2513846
7 1.096017 5172 50 15382 2535217
7 1.097015 5109 39 15712 2520389
7 1.098016 4999 38 15384 2404031
7 1.099014 5183 43 15641 2455159
7 1.100015 5186 50 15568 2524633
7 1.101015 5222 27 15755 2533316
7 1.102015 5074 34 15491 2524870
7 1.103014 5121 45 15550 2521875
7 1.104014 4929 34 15630 2517984
7 1.105014 5083 40 15794 2531739
7 1.106015 5076 45 15391 2533175
7 1.107014 5214 39 16105 2514549
7 1.108016 5022 55 16301 2521099
7 1.109015 5062 54 15131 2525553
7 1.110014 5004 38 16124 2525602
7 1.111014 4973 53 15754 2526356
7 1.112015 5074 39 15492 2521234
7 1.113015 5080 48 16052 2531395
7 1.114016 5003 46 15992 2530106
7 1.115015 5126 52 15783 2520058
7 1.116014 4936 41 15271 2480472
7 1.117015 5012 51 15507 2482015
7 1.118015 5049 39 15309 2523679
7 1.119015 5030 37 15434 2515155
7 1.120015 5132 35 15980 2518629
7 1.121016 4883 30 15490 2530305
7 1.122014 5096 39 15542 2527070
7 1.123015 5064 44 15622 2517240
7 1.124015 5001 40 15679 2530080
7 1.125014 5004 35 15802 2520471
7 1.126015 5020 60 15676 2529151
7 1.127014 5142 43 16070 2513877
7 1.128015 5093 32 15439 2521003
7 1.129015 5052 40 15846 2522780
7 1.130016 5068 26 15568 2469211
7 1.131015 4962 46 15371 2457787
7 1.132013 4983 50 14822 2522320
7 1.133014 4892 27 15696 2375986
7 1.134015 5047 41 15475 2434603
7 1.135014 5120 41 15685 2520142
7 1.136014 5013 34 15209 2530615
7 1.137015 4935 48 15637 2526997
7 1.138014 5010 36 15809 2527865
7 1.139014 5070 54 15700 2438976
7 1.140015 5101 50 15382 2484471
7 1.141017 5133 40 15479 2535133
7 1.142015 4979 35 15365 2524399
7 1.143014 4419 51 13375 2213494
7 1.144013 4993 46 15529 2357163
7 1.145014 4995 47 15442 2417482
7 1.146014 5072 50 15488 2523677
7 1.147014 4992 33 15529 2522038
7 1.148014 4938 39 15610 2530000
7 1.149014 5042 44 15439 2524013
7 1.150016 5038 48 16005 2533009
7 1.151014 4999 53 15328 2364148
7 1.152015 5035 37 15480 2444862
7 1.153015 4964 50 15916 2521078
7 1.154018 4960 43 15491 2543688
7 1.155014 5128 39 15663 2506426
7 1.156015 4964 54 15691 2525064
7 1.157014 5055 54 15616 2527340
7 1.158016 5109 42 15857 2529263
7 1.159015 4813 42 14891 2376155
7 1.160016 5062 33 15730 2521991
7 1.161016 5131 46 15647 2472635
7 1.162016 5009 39 15540 2493667
7 1.163015 5055 47 15262 2519473
7 1.164015 4991 37 15185 2517262
7 1.165014 5043 42 15498 2516945
7 1.166016 5023 38 15695 2528558
7 1.167014 4984 45 15667 2506240
7 1.168016 4932 37 15265 2532086
7 1.169015 5010 45 15426 2513612
7 1.170015 5060 30 15343 2532746
7 1.171015 4989 48 15600 2501672
7 1.172016 4978 35 15558 2524585
7 1.173015 5081 39 15597 2512813
7 1.174015 5054 35 15403 2527158
7 1.175015 5093 54 16028 2524984
7 1.176014 4946 49 15442 2522609
7 1.177014 5023 47 15442 2456912
7 1.178017 5006 58 15698 2493206
7 1.179014 5162 43 15875 2529370
7 1.180015 4991 35 15530 2513726
7 1.181014 4961 39 15556 2513312
7 1.182015 5057 46 15835 2527559
7 1.183015 4948 48 15645 2364539
7 1.184015 5047 44 15712 2433531
7 1.185016 4979 39 15670 2524063
7 1.186014 5031 32 15488 2515087
7 1.187014 4950 43 15398 2513679
7 1.188013 5109 55 15024 2526612
7 1.189016 5105 53 15438 2393084
7 1.190017 5002 43 15707 2401528
7 1.191015 5069 32 15777 2504707
7 1.192014 5060 37 15477 2507491
7 1.193013 4993 36 15540 2451646
7 1.194015 5019 50 15605 2477283
7 1.195014 4974 41 15422 2517074
7 1.196015 5130 38 15641 2521967
7 1.197015 4986 46 16025 2528644
7 1.198015 5059 39 15541 2530209
7 1.199014 4949 44 15121 2513736
7 1.200016 4976 38 15369 2532338
7 1.201016 5068 35 15291 2526774
7 1.202014 4946 27 15476 2521639
7 1.203015 5032 45 15765 2520308
7 1.204014 4879 42 15602 2522515
7 1.205015 5068 43 15611 2524540
7 1.206014 4993 42 14985 2525162
7 1.207015 4991 41 15170 2502073
7 1.208015 4967 48 15449 2525947
7 1.209016 4981 30 15324 2524746
7 1.210014 4886 42 15024 2475955
7 1.211015 4966 43 15753 2471076
7 1.212016 5065 43 15349 2522777
7 1.213015 5022 62 15754 2519030
7 1.214015 5037 37 15356 2520152
7 1.215016 5024 46 15881 2528665
7 1.216015 4985 54 15372 2520560
7 1.217015 5005 49 15541 2518947
7 1.218014 5019 34 15577 2524419
7 1.219016 5061 54 15422 2441715
7 1.220015 5110 39 15532 2428309
7 1.221014 4928 42 15619 2494931
7 1.222014 5001 43 15216 2528643
7 1.223015 4997 33 15476 2522989
7 1.224017 5115 51 15543 2531881
7 1.225016 5121 37 15322 2522380
7 1.226016 5055 46 15320 2514125
7 1.227015 5023 35 15116 2519337
7 1.228014 5005 34 15236 2383282
7 1.229014 5041 33 15467 2324778
7 1.230015 5061 41 15507 2419808
7 1.231015 4983 42 15064 2514347
7 1.232015 4919 36 15699 2526098
7 1.233014 5107 53 15114 2522458
7 1.234015 5011 36 15126 2477837
7 1.235014 4907 38 15752 2479721
7 1.236016 4964 49 15242 2531107
7 1.237015 4862 42 15110 2520092
7 1.238013 5043 44 15562 2519841
7 1.239015 4985 46 15152 2523521
7 1.240015 5049 34 15186 2465372
7 1.241016 4935 44 15197 2354069
7 1.242015 5025 42 15550 2331462
7 1.243014 5001 50 15898 2466140
7 1.244014 4464 52 14055 2222443
7 1.245015 5063 41 14998 2530347
7 1.246015 5046 45 15385 2523085
7 1.247016 4940 38 15411 2520075
7 1.248015 5027 55 15526 2522338
7 1.249015 5000 38 15549 2531866
7 1.250016 5062 41 15200 2531273
7 1.251015 5004 45 15474 2506710
7 1.252016 4959 47 15373 2520546
7 1.253016 4932 40 15159 2522213
7 1.254015 4920 33 15212 2522401
7 1.255015 5052 50 15527 2520784
7 1.256014 5056 50 15376 2531180
7 1.257015 4983 44 15683 2525647
7 1.258015 5031 50 16046 2520161
7 1.259014 4888 63 14744 2436287
7 1.260014 4824 100 15111 2338246
7 1.261014 5048 41 15517 2531506
7 1.262016 4727 49 14524 2376059
7 1.263015 5026 46 15560 2508075
7 1.264015 4985 32 15440 2523826
7 1.265015 5094 52 15172 2523825
7 1.266015 5014 34 15580 2364796
7 1.267014 5233 52 15819 2420526
7 1.268014 5146 34 15659 2534279
7 1.269015 5139 52 15891 2533575
7 1.270016 5084 42 15665 2532887
7 1.271014 4878 52 15388 2366572
7 1.272016 4880 41 15184 2372176
7 1.273016 4992 49 15601 2490190
7 1.274015 5077 42 15822 2528275
7 1.275015 5195 41 16027 2513910
7 1.276013 5277 40 16601 2520478
7 1.277014 5190 58 16043 2534430
7 1.278014 5242 37 16745 2530905
7 1.279014 5390 49 16126 2515173
7 1.280016 5346 53 16133 2530398
7 1.281014 5133 45 16108 2520205
7 1.282015 5258 53 16174 2534820
7 1.283014 5045 57 15683 2526344
7 1.284015 4911 39 15561 2516140
7 1.285014 4978 42 15815 2532712
7 1.286015 4911 51 15418 2526684
7 1.287014 5025 46 15595 2375804
7 1.288017 5154 42 16252 2377618
7 1.289014 4958 49 15250 2478372
7 1.290015 4960 49 15273 2530066
7 1.291013 4910 47 15211 2511791
7 1.292015 4927 44 15010 2532986
7 1.293015 4931 45 14953 2376039
7 1.294014 4943 50 15241 2450724
7 1.295016 4956 39 14936 2450839
7 1.296015 4901 35 15383 2414386
7 1.297015 4978 48 14997 2463184
7 1.298016 4936 42 15364 2524378
7 1.299015 4904 43 15653 2515166
7 1.300014 4907 49 15613 2530109
7 1.301016 4976 58 15232 2534592
7 1.302014 4991 38 15227 2524113
7 1.303015 5137 45 15593 2362229
7 1.304013 4965 33 15201 2419101
7 1.305015 4992 47 15543 2541768
7 1.306016 5016 34 15229 2530632
7 1.307014 4968 38 14726 2510957
7 1.308016 4923 52 15346 2530908
7 1.309016 4968 32 15303 2531310
7 1.310015 4960 58 15549 2521881
7 1.311014 4831 52 15019 2359620
7 1.312015 4989 43 14724 2425773
7 1.313015 4925 57 15361 2521129
7 1.314015 4915 38 15457 2525359
7 1.315015 4932 51 15631 2530411
7 1.316014 4891 52 15425 2518764
7 1.317014 4890 49 15549 2522820
7 1.318015 5145 53 15413 2540356
7 1.319014 5053 42 15231 2504533
7 1.320016 4987 48 15380 2539909
7 1.321014 4894 37 15553 2516530
7 1.322014 5104 38 15504 2538245
7 1.323015 5059 45 15514 2517137
7 1.324015 5086 37 15596 2518089
7 1.325015 5093 53 15992 2520951
7 1.326016 5098 55 15760 2533923
7 1.327014 4952 34 15535 2495299
7 1.328015 5034 40 15464 2528299
7 1.329014 4999 38 15235 2525404
7 1.330014 5085 56 15797 2528518
7 1.331015 4950 48 15709 2518949
7 1.332015 5041 54 16007 2541178
7 1.333014 5071 37 15834 2520738
7 1.334015 5011 47 15254 2526975
7 1.335014 4987 47 15967 2517230
7 1.336016 5149 48 15811 2531768
7 1.337015 4993 49 15235 2526104
7 1.338014 4985 52 15431 2524383
7 1.339014 4944 47 16318 2521003
7 1.340015 5012 45 15441 2474863
7 1.341014 5101 40 15547 2485289
7 1.342014 5047 44 15271 2510374
7 1.343016 4993 42 15924 2517524
7 1.344015 4292 48 13182 2169313
7 1.345014 4991 49 15570 2528942
7 1.346015 5147 36 15964 2529251
7 1.347014 5012 33 15574 2514595
7 1.348015 5158 51 15973 2530129
7 1.349015 5054 49 15036 2451305
7 1.350013 5006 38 15486 2363329
7 1.351015 5059 45 16146 2325684
7 1.352014 5083 35 15621 2502217
7 1.353015 5200 42 16189 2624261
7 1.354015 5002 43 15456 2632827
7 1.355014 5036 40 15345 2447171
7 1.356014 5048 32 16039 2494871
7 1.357014 5014 48 15477 2424165
7 1.358016 5107 53 15803 2391415
7 1.359015 4999 47 15612 2416344
7 1.360013 5072 39 15391 2560394
7 1.361015 5135 47 15683 2519280
7 1.362015 5138 38 15643 2489620
7 1.363015 5043 44 15793 2580805
7 1.364015 5005 47 15772 2618467
7 1.365015 5097 38 15673 2630387
7 1.366014 5011 38 15465 2547580
7 1.367016 5185 40 15807 2526911
7 1.368014 5116 37 15636 2555610
7 1.369015 5088 55 15279 2631929
7 1.370014 5073 57 16102 2562572
7 1.371014 4944 44 15124 2589225
7 1.372014 5074 54 15857 2631705
7 1.373013 4986 33 15640 2463602
7 1.374014 5117 54 15960 2553244
7 1.375014 5036 42 15907 2624015
7 1.376014 5048 50 15565 2626556
7 1.377014 5038 47 15450 2543480
7 1.378015 5123 47 15312 2534551
7 1.379014 5064 41 15607 2447873
7 1.380014 5159 57 15310 2479727
7 1.381016 5126 48 15950 2543343
7 1.382015 5001 40 15701 2519134
7 1.383014 5107 53 16509 2589716
7 1.384014 5006 52 15434 2625868
7 1.385015 5099 44 15219 2515035
7 1.386014 5118 50 15690 2427030
7 1.387014 5070 48 15276 2562539
7 1.388015 5042 49 15442 2549613
7 1.389013 5178 58 15843 2462493
7 1.390015 5048 41 15155 2373672
7 1.391014 5105 60 15437 2402303
7 1.392015 5094 54 15393 2365155
7 1.393014 5158 45 15668 2430036
7 1.394014 5027 54 15399 2530964
7 1.395013 4986 55 15641 2585526
7 1.396015 5039 42 15666 2550285
7 1.397014 5039 40 15223 2576288
7 1.398014 5099 43 15641 2493416
7 1.399014 5102 42 15233 2486936
7 1.400014 5059 59 15425 2521675
7 1.401015 5044 49 15762 2531676
7 1.402015 5050 60 15540 2535480
7 1.403014 5080 47 15514 2525948
7 1.404015 4818 48 15358 2477515
7 1.405014 5126 33 15626 2479281
7 1.406014 5067 53 15825 2525243
7 1.407015 5054 53 15594 2590968
7 1.408014 5069 45 15592 2621784
7 1.409014 5195 60 15625 2492974
7 1.410015 5072 48 15621 2374883
7 1.411015 5077 46 15697 2473087
7 1.412014 5057 47 15614 2472001
7 1.413014 5117 47 15714 2565830
7 1.414015 5049 56 16219 2512645
7 1.415015 5100 53 15552 2345097
7 1.416013 5079 66 15542 2459084
7 1.417014 5117 44 15262 2527309
7 1.418015 5097 48 15518 2527176
7 1.419014 5052 40 15904 2514307
7 1.420015 5017 50 15775 2574157
7 1.421015 4893 31 14990 2557240
7 1.422014 5069 31 15476 2522373
7 1.423015 5032 43 15503 2599443
7 1.424013 5128 55 15687 2618896
7 1.425015 5108 47 15700 2629204
7 1.426015 5031 54 15818 2499836
7 1.427013 5026 40 15695 2450521
7 1.428014 5029 35 15753 2577767
7 1.429015 5035 54 15481 2625600
7 1.430015 5004 43 15722 2628277
7 1.431014 5027 46 15957 2623815
7 1.432014 5127 45 15569 2622426
7 1.433015 4958 42 15699 2624452
7 1.434014 5133 51 16220 2628460
7 1.435014 5165 51 15773 2620581
7 1.436016 5094 48 15421 2552385
7 1.437014 4957 45 14966 2574642
7 1.438013 4961 55 15950 2572023
7 1.439015 5079 52 15748 2523902
7 1.440015 5055 41 15452 2526994
7 1.441016 5029 43 15682 2578128
7 1.442013 5053 37 15868 2551660
7 1.443014 5078 38 15910 2592279
7 1.444014 4479 44 14191 2312686
7 1.445015 5030 63 15812 2566308
7 1.446014 5052 40 15656 2525902
7 1.447013 5105 53 15726 2437192
7 1.448014 5072 39 15430 2539998
7 1.449015 5088 41 15722 2557926
7 1.450014 5054 42 15812 2526580
7 1.451016 5107 64 15717 2442516
7 1.452014 5103 49 16162 2517372
7 1.453015 5055 45 15718 2631500
7 1.454015 4907 49 14707 2624473
7 1.455015 5047 50 15724 2621882
7 1.456014 5087 38 16184 2622160
7 1.457015 5254 42 16108 2636007
7 1.458015 5128 39 15610 2560219
7 1.459013 5141 41 16095 2586146
7 1.460016 5251 54 15553 2637596
7 1.461014 5103 38 15431 2622153
7 1.462014 5167 39 15818 2632859
7 1.463014 5200 52 16033 2623911
7 1.464014 5048 44 15828 2621374
7 1.465015 5135 50 15857 2624880
7 1.466015 5080 32 15612 2627887
7 1.467014 5043 51 15979 2615454
7 1.468016 5143 48 16235 2628368
7 1.469015 5030 54 15735 2633284
7 1.470015 5094 51 15442 2627226
7 1.471014 5026 50 15915 2616546
7 1.472014 5162 56 15449 2619631
7 1.473015 5057 44 15905 2534994
7 1.474016 5088 38 16304 2543759
7 1.475014 5158 44 15552 2615701
7 1.476015 5053 46 15735 2632090
7 1.477016 5031 51 15106 2632658
7 1.478013 5064 58 15801 2612836
7 1.479014 5107 54 15293 2623399
7 1.480014 5125 55 15828 2555473
7 1.481014 5101 36 15727 2413428
7 1.482013 4932 34 15318 2397333
7 1.483015 5169 58 15694 2494934
7 1.484014 5000 29 15484 2587224
7 1.485014 5153 50 15832 2619359
7 1.486015 5075 51 15687 2631760
7 1.487015 5025 49 15108 2603797
7 1.488014 5083 47 15361 2615351
7 1.489013 5099 57 15448 2630295
7 1.490015 5210 30 15858 2633614
7 1.491014 5100 46 15633 2606270
7 1.492015 5133 26 15926 2620718
7 1.493014 5117 50 15475 2609802
7 1.494015 5050 52 15519 2628568
7 1.495013 5167 58 16096 2614503
7 1.496014 5115 46 15420 2627780
7 1.497015 5057 32 15717 2634147
7 1.498015 5128 43 15727 2631545
7 1.499015 5112 43 15687 2614617
7 1.500015 5165 46 15911 2628588
7 1.501014 5065 41 15786 2621851
7 1.502015 5151 41 15737 2552106
7 1.503016 5022 47 15781 2589723
7 1.504016 5016 52 15479 2620906
7 1.505015 5074 55 15729 2626675
7 1.506014 5079 45 15480 2621896
7 1.507014 5031 51 15475 2622663
7 1.508014 4994 51 15865 2631361
7 1.509014 5014 53 15861 2623611
7 1.510015 5103 59 15476 2629306
7 1.511014 5152 47 15605 2607660
7 1.512016 5026 40 15646 2636280
7 1.513015 5093 37 15567 2631740
7 1.514013 4921 48 15475 2620685
7 1.515015 5078 45 16060 2627074
7 1.516013 5005 46 15377 2626227
7 1.517014 5035 51 15421 2623581
7 1.518016 5132 47 15665 2629897
7 1.519014 5078 44 15669 2608293
7 1.520014 5104 64 15846 2617666
7 1.521014 5049 43 15429 2627515
7 1.522014 5039 54 15864 2620388
7 1.523014 5023 54 15774 2614403
7 1.524013 5210 39 15607 2615174
7 1.525015 5153 47 15696 2638558
7 1.526013 5110 41 15926 2625091
7 1.527013 5049 34 15432 2620083
7 1.528014 5139 38 15700 2626565
7 1.529013 5063 44 15036 2616885
7 1.530015 5130 55 15362 2566692
7 1.531014 5070 43 15497 2592792
7 1.532013 5056 63 15652 2615638
7 1.533015 5138 48 15887 2634212
7 1.534015 5084 55 15600 2619132
7 1.535015 5102 45 16045 2615345
7 1.536015 5116 50 15552 2617558
7 1.537014 4999 43 15337 2619367
7 1.538015 5102 41 15948 2627256
7 1.539014 5112 43 15847 2619686
7 1.540013 5124 50 15867 2628748
7 1.541015 5170 54 15478 2621885
7 1.542016 5061 43 15291 2634034
7 1.543015 5104 46 15505 2620889
7 1.544014 4610 57 14569 2355915
7 1.545014 5026 45 15826 2628157
7 1.546015 5092 45 15781 2620171
7 1.547014 4946 40 16015 2608481
7 1.548014 5046 50 15845 2628670
7 1.549016 5116 41 15518 2627912
7 1.550014 5026 44 15858 2618290
7 1.551013 5094 50 15738 2616081
7 1.552014 5129 40 15430 2621266
7 1.553014 5093 41 15892 2620283
7 1.554015 4996 46 15638 2630635
7 1.555013 5130 44 15546 2619212
7 1.556014 5100 45 15431 2631721
7 1.557015 5126 53 16273 2623147
7 1.558015 5117 30 16174 2629227
7 1.559015 5203 55 15753 2622242
7 1.560015 5043 39 15375 2618097
7 1.561015 5047 55 15944 2629571
7 1.562013 5072 42 15499 2629937
7 1.563014 5237 50 15869 2622398
7 1.564015 5095 38 15931 2637183
7 1.565015 5099 57 15598 2619827
7 1.566014 5093 39 15585 2621559
7 1.567015 5099 43 15724 2630545
7 1.568015 5063 53 15651 2625659
7 1.569015 5057 43 15879 2625504
7 1.570013 5022 36 15589 2512195
7 1.571015 5084 51 15460 2574592
7 1.572016 5104 46 15537 2629107
7 1.573013 5142 49 15975 2619507
7 1.574015 5090 38 15608 2632127
7 1.575015 5119 48 15809 2616781
7 1.576015 5117 48 15732 2625706
7 1.577014 5073 50 15540 2628886
7 1.578014 5019 35 15140 2626162
7 1.579013 5187 49 15888 2619966
7 1.580013 5097 46 15944 2622168
7 1.581015 5085 32 15928 2627628
7 1.582015 5032 53 15301 2625325
7 1.583015 4998 41 15421 2616812
7 1.584014 5102 40 15876 2628166
7 1.585015 4976 43 15723 2615450
7 1.586014 5224 48 16356 2623548
7 1.587013 5068 57 15657 2614842
7 1.588015 5186 52 15986 2624280
7 1.589014 5224 51 16130 2624624
7 1.590014 5076 40 15892 2619870
7 1.591015 5137 48 16045 2545464
7 1.592015 5115 44 15382 2564092
7 1.593014 5187 55 15800 2626123
7 1.594014 5209 55 15797 2622756
7 1.595016 5139 66 15958 2616962
7 1.596017 5042 57 15825 2621782
7 1.597015 5073 45 15727 2614539
7 1.598016 5159 51 15843 2622922
7 1.599014 5113 41 15903 2537990
7 1.600016 5123 45 15302 2567602
7 1.601016 5209 44 15876 2626641
7 1.602016 5141 44 15445 2626141
7 1.603015 5136 36 15819 2613718
7 1.604015 5027 40 15463 2619569
7 1.605015 5167 29 15711 2431773
7 1.606013 5243 52 15923 2372244
7 1.607016 5166 45 15807 2567873
7 1.608016 5154 37 15726 2623969
7 1.609016 5257 50 15915 2633551
7 1.610016 5157 51 15767 2623146
7 1.611015 5195 44 15973 2542626
7 1.612015 5049 51 15796 2527304
7 1.613015 5119 38 15913 2592886
7 1.614014 5039 49 15215 2604783
7 1.615014 5208 50 15740 2621683
7 1.616015 5067 38 15592 2627637
7 1.617015 5136 37 15744 2619091
7 1.618015 5182 39 15882 2618922
7 1.619014 5196 41 15980 2616954
7 1.620015 5108 39 15730 2630007
7 1.621016 5029 31 15801 2621604
7 1.622015 5186 33 16109 2622470
7 1.623015 5123 51 15942 2624434
7 1.624014 5032 50 15745 2619943
7 1.625016 5188 39 15886 2628611
7 1.626015 5214 46 16177 2630918
7 1.627016 5197 56 16536 2623156
7 1.628016 5161 42 15711 2612747
7 1.629014 5096 55 15875 2621503
7 1.630015 5153 50 15863 2579133
7 1.631016 5071 36 15612 2589077
7 1.632015 5096 43 15821 2612373
7 1.633015 5131 46 15633 2629688
7 1.634015 5124 50 15231 2628320
7 1.635015 5193 46 15693 2621277
7 1.636015 5216 49 15381 2631493
7 1.637016 5166 40 15323 2624178
7 1.638015 5170 41 15770 2637287
7 1.639015 5188 43 16400 2618822
7 1.640017 5218 44 16125 2624859
7 1.641015 5115 37 16518 2554787
7 1.642015 5240 45 16088 2588352
7 1.643015 5114 35 15345 2609446
7 1.644014 4589 51 13829 2335932
7 1.645015 5143 48 16013 2633089
7 1.646017 5311 55 15987 2630496
7 1.647017 5132 46 15712 2615542
7 1.648016 5066 36 16044 2622426
7 1.649016 5157 42 15917 2630175
7 1.650016 5006 48 15682 2634125
7 1.651016 5197 54 15577 2597960
7 1.652016 5151 37 16277 2622171
7 1.653015 5175 39 15809 2622998
7 1.654015 5116 42 15490 2610243
7 1.655014 5113 48 15849 2624014
7 1.656016 5189 53 15500 2620931
7 1.657017 5101 43 15840 2625837
7 1.658015 5184 63 15984 2623492
7 1.659015 5149 59 15743 2622474
7 1.660015 5175 55 15944 2616061
7 1.661015 5207 46 15935 2618363
7 1.662016 5170 33 16035 2623279
7 1.663015 5187 39 15603 2620484
7 1.664016 5179 42 15752 2614745
7 1.665014 5158 48 15643 2622362
7 1.666014 5054 47 15193 2615721
7 1.667014 5137 38 15566 2537449
7 1.668016 5090 45 16162 2593807
7 1.669015 5192 45 16141 2605607
7 1.670016 5068 37 15406 2411249
7 1.671015 5067 45 15409 2527549
7 1.672015 5240 49 16689 2632913
7 1.673016 5246 53 15970 2621284
7 1.674015 5169 40 15682 2606187
7 1.675015 5191 38 15990 2613411
7 1.676015 5087 41 15658 2626899
7 1.677016 5184 49 16123 2630781
7 1.678015 5177 46 16256 2614245
7 1.679016 5454 33 15681 2621275
7 1.680016 5196 34 15852 2545364
7 1.681015 5199 18 15805 2460801
7 1.682015 5284 32 16003 2422950
7 1.683014 5261 37 15822 2565585
7 1.684015 5156 32 16096 2617648
7 1.685015 5248 34 16024 2621084
7 1.686015 5287 21 16019 2626294
7 1.687015 5213 31 15479 2609153
7 1.688015 5339 24 15850 2628656
7 1.689016 5213 29 15425 2622138
7 1.690016 5194 30 15764 2511270
7 1.691014 5302 31 15855 2555678
7 1.692015 5229 24 16093 2625532
7 1.693015 5183 24 16103 2620150
7 1.694016 5205 25 16242 2636369
7 1.695016 5133 19 15723 2614077
7 1.696016 5203 29 15656 2615638
7 1.697017 5143 19 15673 2620374
7 1.698016 5114 22 15246 2625422
7 1.699014 5193 29 15660 2349790
7 1.700015 5325 39 15820 2393570
7 1.701014 5254 35 15807 2567566
7 1.702014 5237 23 16284 2606826
7 1.703014 5280 36 15619 2622526
7 1.704014 5390 27 16455 2622885
7 1.705014 5192 20 15442 2537251
7 1.706015 5335 29 15836 2523462
7 1.707015 5151 27 15616 2509071
7 1.708016 5161 29 16203 2524110
7 1.709015 5133 29 15354 2526059
7 1.710015 5235 24 15187 2528440
7 1.711016 5160 25 15564 2524489
7 1.712014 5119 37 15368 2442633
7 1.713017 5180 24 15210 2335237
7 1.714015 5044 16 15183 2466796
7 1.715015 5115 14 15160 2519463
7 1.716017 5126 40 15530 2522635
7 1.717015 5127 16 15622 2521564
7 1.718016 5107 26 15259 2525077
7 1.719016 5087 19 15478 2519597
7 1.720018 5162 25 15675 2528815
7 1.721015 5157 20 15482 2528300
7 1.722015 5125 23 15402 2525154
7 1.723014 5130 21 15471 2519557
7 1.724015 5158 25 15430 2523536
7 1.725015 5145 22 15499 2523000
7 1.726015 5145 35 15645 2537562
7 1.727016 5117 27 15397 2497249
7 1.728016 5131 29 15601 2534918
7 1.729015 5154 28 15530 2516529
7 1.730016 5081 22 15269 2529363
7 1.731016 5200 27 15665 2519261
7 1.732016 5082 28 15200 2528973
7 1.733016 5240 43 15710 2409933
7 1.734015 5084 17 15969 2453780
7 1.735016 5132 24 15601 2519510
7 1.736015 5125 18 15660 2528462
7 1.737015 5151 31 16003 2525200
7 1.738015 5020 28 15143 2526837
7 1.739016 5089 30 15465 2515748
7 1.740016 5166 26 15649 2526786
7 1.741018 5144 22 15648 2536644
7 1.742016 5144 16 15938 2516606
7 1.743016 5089 15 15546 2516677
7 1.744015 4998 12 15479 2464411
7 1.745016 4713 22 14642 2302407
7 1.746016 5060 19 15683 2531906
7 1.747016 5148 24 15646 2505955
7 1.748016 5147 28 15910 2521503
7 1.749016 5158 23 15573 2522652
7 1.750016 5063 23 15774 2513394
7 1.751015 5113 24 15474 2509496
7 1.752014 5237 27 15735 2519165
7 1.753016 5215 26 15395 2527645
7 1.754015 4930 22 14661 2516194
7 1.755015 5010 24 15531 2509842
7 1.756014 5141 26 15047 2525000
7 1.757017 5142 15 15432 2523399
7 1.758015 5116 30 15849 2528098
7 1.759015 5096 26 15669 2508964
7 1.760015 5036 35 15359 2529809
7 1.761015 5081 24 15322 2530377
7 1.762015 5193 21 15501 2515408
7 1.763017 5137 24 15280 2524116
7 1.764015 5017 26 15500 2513918
7 1.765016 4987 29 15637 2520269
7 1.766014 5146 28 15515 2514322
7 1.767016 5062 28 15680 2525384
7 1.768017 5115 38 15771 2529651
7 1.769016 5024 27 15920 2515731
7 1.770015 5165 34 15312 2533039
7 1.771015 5043 32 15214 2518210
7 1.772015 5113 24 15089 2526774
7 1.773015 5112 23 15483 2517878
7 1.774015 5205 20 15677 2526729
7 1.775015 5067 29 15197 2525253
7 1.776016 5053 22 15458 2523073
7 1.777017 5114 34 15777 2523988
7 1.778015 5223 36 15230 2515492
7 1.779015 5188 17 15961 2514427
7 1.780015 5079 31 15658 2528593
7 1.781014 5068 27 15044 2522868
7 1.782016 5052 25 15200 2540984
7 1.783016 5117 27 15571 2517113
7 1.784015 5141 22 15245 2522403
7 1.785016 5248 27 15551 2526916
7 1.786015 5209 29 15367 2528693
7 1.787015 5128 35 15646 2519053
7 1.788017 5039 36 15477 2530899
7 1.789015 5096 21 15622 2506482
7 1.790017 5132 32 15503 2526745
7 1.791014 5045 26 15256 2509105
7 1.792015 5116 29 15541 2525041
7 1.793016 5233 18 15253 2526692
7 1.794015 5150 18 15362 2519516
7 1.795016 5125 29 15853 2526384
7 1.796016 5170 20 15069 2519876
7 1.797016 5080 30 15361 2530041
7 1.798018 5052 28 15500 2429064
7 1.799016 5197 33 15717 2461048
7 1.800015 5145 30 15635 2516367
7 1.801014 5119 25 15380 2522627
7 1.802017 5162 32 15464 2532227
7 1.803016 5191 31 15623 2522524
7 1.804016 5146 23 15435 2519578
7 1.805016 5043 17 15191 2522658
7 1.806015 5218 24 15755 2525485
7 1.807020 5158 27 15896 2522690
7 1.808017 5127 26 15497 2511825
7 1.809016 5155 29 15168 2518212
7 1.810015 5076 18 15238 2520188
7 1.811015 5177 16 15938 2522601
7 1.812016 5109 24 15507 2526727
7 1.813016 5195 25 15605 2527109
7 1.814016 5153 25 15957 2523371
7 1.815015 5119 24 15262 2509332
7 1.816015 5161 30 15741 2529400
7 1.817017 5064 19 15297 2527576
7 1.818017 5163 20 15393 2532238
7 1.819015 5062 19 15265 2508136
7 1.820015 5084 19 15593 2524185
7 1.821015 5078 20 15358 2523810
7 1.822016 5123 14 15482 2521674
7 1.823016 5193 35 15396 2509934
7 1.824016 5131 21 15629 2401476
7 1.825017 5089 17 15480 2327242
7 1.826016 5167 23 15917 2441794
7 1.827016 5256 28 15880 2521601
7 1.828016 5088 20 15580 2507644
7 1.829017 5147 23 15592 2526943
7 1.830016 5246 9 15880 2524810
7 1.831016 5130 20 15880 2507767
7 1.832015 5126 30 15808 2527047
7 1.833016 5176 29 15505 2532368
7 1.834015 5027 24 15542 2523195
7 1.835016 5147 35 15575 2520196
7 1.836016 5143 24 15437 2508728
7 1.837014 5000 19 14891 2524566
7 1.838016 5161 25 15568 2534188
7 1.839016 5165 24 15902 2513570
7 1.840016 5019 22 15634 2607276
7 1.841016 5101 29 15955 2626786
7 1.842016 5277 57 15547 2622718
7 1.843015 5268 58 15525 2599159
7 1.844015 5153 48 15487 2552188
7 1.845015 4550 55 13953 2271651
7 1.846016 5164 60 15271 2548029
7 1.847014 5199 86 15239 2497380
7 1.848015 5014 61 15407 2522606
7 1.849016 5101 51 14851 2524985
7 1.850016 5065 70 15261 2526146
7 1.851016 5205 56 15603 2516992
7 1.852015 5156 74 15605 2521010
7 1.853016 5181 69 15591 2529970
7 1.854015 5070 69 14987 2572106
7 1.855015 5112 66 15841 2541336
7 1.856015 5065 50 15346 2556892
7 1.857016 5153 77 15979 2556703
7 1.858016 5100 66 15415 2570203
7 1.859015 5125 61 15356 2611752
7 1.860015 5326 54 15928 2559310
7 1.861015 5166 58 15323 2583370
7 1.862015 5263 62 15674 2568692
7 1.863014 5050 54 15462 2431676
7 1.864014 5070 56 15297 2537870
7 1.865015 5171 51 15566 2622777
7 1.866016 5037 48 15089 2555862
7 1.867015 5217 64 16095 2521988
7 1.868014 5241 58 15300 2531600
7 1.869016 5185 60 15570 2555688
7 1.870015 5136 55 15266 2540976
7 1.871016 5148 71 15564 2587139
7 1.872015 5178 50 15602 2538141
7 1.873014 5150 54 15560 2582141
7 1.874016 5152 54 15354 2626798
7 1.875015 5260 76 15667 2543888
7 1.876016 5294 68 16001 2577207
7 1.877015 5154 58 15379 2613793
7 1.878014 5259 65 16262 2617215
7 1.879015 5249 70 15886 2624432
7 1.880015 5268 58 15720 2621813
7 1.881015 5328 61 15983 2621223
7 1.882015 5166 55 16158 2559540
7 1.883015 5480 66 16336 2520955
7 1.884014 5082 47 16240 2589059
7 1.885016 5259 68 15917 2630985
7 1.886015 5170 57 15595 2619433
7 1.887015 5169 84 15513 2545586
7 1.888015 5065 71 15863 2577524
7 1.889016 5144 62 14916 2548352
7 1.890015 5104 58 15395 2521985
7 1.891013 5506 78 16594 2518163
7 1.892015 5471 58 16191 2607836
7 1.893015 5416 58 15806 2630438
7 1.894014 5336 88 16739 2545590
7 1.895015 5331 52 16408 2530961
7 1.896016 5277 64 15917 2527597
7 1.897015 5223 63 15531 2522913
7 1.898015 4999 58 15279 2521758
7 1.899015 5168 65 15598 2508037
7 1.900015 5217 65 15821 2588930
7 1.901014 5183 51 15712 2615805
7 1.902015 5124 66 15444 2620812
7 1.903017 5214 54 15682 2620821
7 1.904014 5267 64 16197 2620288
7 1.905015 5220 55 15554 2634248
7 1.906015 5056 66 15682 2623707
7 1.907016 5018 62 15109 2613444
7 1.908016 5042 74 15289 2548546
7 1.909014 5058 76 15156 2575769
7 1.910014 5063 68 15285 2625727
7 1.911015 5043 70 15163 2456971
7 1.912015 5123 70 15278 2522369
7 1.913016 5031 69 15425 2553704
7 1.914016 5085 49 15635 2585921
7 1.915015 5066 60 15246 2607564
7 1.916015 4945 57 15423 2611783
7 1.917015 5026 67 15086 2623968
7 1.918016 5048 56 15209 2554549
7 1.919016 5182 64 15286 2577574
7 1.920015 5236 64 15368 2551749
7 1.921015 4977 61 15492 2420683
7 1.922015 5022 69 15211 2490663
7 1.923014 5019 54 14966 2540825
7 1.924014 5052 58 15526 2586764
7 1.925015 5005 61 15475 2632039
7 1.926016 5131 60 15806 2632600
7 1.927016 5158 66 15017 2600287
7 1.928015 5037 71 15255 2617770
7 1.929015 5069 48 15719 2626448
7 1.930015 5074 62 15408 2621588
7 1.931015 5107 61 15454 2609417
7 1.932016 5132 75 15688 2567210
7 1.933015 5010 63 14985 2531316
7 1.934015 5067 51 14929 2529683
7 1.935014 5048 55 15531 2429543
7 1.936014 5033 54 15415 2477189
7 1.937016 5185 75 15756 2602491
7 1.938014 5205 56 15503 2546181
7 1.939015 5184 58 15763 2590022
7 1.940014 5214 76 16204 2628245
7 1.941015 5265 76 15797 2611018
7 1.942015 5196 67 15778 2618812
7 1.943015 5181 65 15946 2619713
7 1.944015 5209 75 15713 2626927
7 1.945015 4573 65 13934 2279321
7 1.946016 5131 53 15638 2631963
7 1.947014 5175 54 15440 2605822
7 1.948017 5170 60 15895 2625839
7 1.949014 5112 68 15019 2616708
7 1.950016 5139 51 15704 2561190
7 1.951014 5260 67 15729 2574692
7 1.952017 5177 68 16034 2629764
7 1.953016 5072 48 15236 2624494
7 1.954014 5077 61 15201 2468744
7 1.955015 5093 59 15089 2335256
7 1.956016 5122 49 15748 2484644
7 1.957015 5227 63 15797 2573845
7 1.958017 5197 54 15787 2630651
7 1.959015 5218 61 15537 2603282
7 1.960016 5180 75 15693 2627885
7 1.961017 5201 60 15668 2620781
7 1.962015 5124 59 16261 2620007
7 1.963016 5086 57 15580 2619971
7 1.964016 5131 61 15596 2617342
7 1.965015 5075 48 15681 2616019
7 1.966015 5279 56 15772 2627261
7 1.967014 5091 73 15369 2616191
7 1.968016 5279 50 15573 2624833
7 1.969015 5050 63 15875 2374705
7 1.970014 5132 52 15406 2500715
7 1.971015 5073 70 15417 2609401
7 1.972016 5051 57 15543 2610771
7 1.973015 5267 69 15560 2542471
7 1.974015 5226 79 16032 2576346
7 1.975015 5329 69 15674 2617690
7 1.976015 5170 61 15634 2624857
7 1.977015 5119 50 15431 2547798
7 1.978016 5157 59 15493 2568765
7 1.979014 5262 53 15359 2540755
7 1.980014 5283 67 15606 2573376
7 1.981016 5166 63 15358 2563912
7 1.982016 5104 65 15561 2576335
7 1.983016 5126 52 15468 2618517
7 1.984016 5170 40 15771 2627159
7 1.985015 5196 50 15456 2617069
7 1.986015 5154 55 16028 2617865
7 1.987015 5114 50 15798 2617402
7 1.988016 5115 53 15450 2613241
7 1.989014 5160 70 15415 2540229
7 1.990015 5178 65 15938 2584576
7 1.991014 5077 63 15477 2609059
7 1.992015 5147 53 15642 2557765
7 1.993015 5261 62 15690 2592096
7 1.994016 5170 53 15486 2616391
7 1.995015 5280 63 15853 2533593
7 1.996014 5218 42 15729 2568012
7 1.997017 5029 54 15394 2631554
7 1.998015 5034 46 15390 2622782
7 1.999016 5254 72 16007 2624200
7 2.000016 5328 53 15639 2626109
7 2.001015 5280 70 15839 2624442
7 2.002014 5178 74 15879 2544393
7 2.003016 5115 59 15461 2600485
7 2.004015 5169 69 14925 2611610
7 2.005015 5078 75 15697 2565754
7 2.006014 5161 60 15554 2527420
7 2.007016 5263 82 15954 2596060
7 2.008016 5199 64 15780 2537651
7 2.009014 5142 59 15223 2570109
7 2.010016 5086 53 15527 2488541
7 2.011016 5184 56 15636 2504137
7 2.012016 5201 77 15659 2563270
7 2.013015 5228 79 16197 2592828
7 2.014016 5234 61 15573 2616996
7 2.015014 5156 46 15687 2614678
7 2.016014 5328 58 15691 2618147
7 2.017015 5252 67 15412 2570506
7 2.018016 5153 63 15879 2446232
7 2.019015 5086 72 15311 2556371
7 2.020015 5236 78 15605 2511529
7 2.021016 5148 61 15400 2525622
7 2.022015 5151 60 15981 2522858
7 2.023016 5164 59 15354 2526090
7 2.024014 5154 60 15625 2507886
7 2.025015 5096 60 15438 2518450
7 2.026015 5298 56 15657 2524048
7 2.027014 5198 71 15088 2510460
7 2.028016 5159 72 15783 2514466
7 2.029016 5176 62 15899 2517007
7 2.030015 5007 62 15411 2528184
7 2.031017 5149 47 15522 2517171
7 2.032014 5176 57 15710 2522823
7 2.033016 5197 64 15396 2523216
7 2.034019 5256 65 15719 2535769
7 2.035015 5051 74 15378 2503430
7 2.036016 5327 47 16066 2528075
7 2.037014 5136 52 15576 2520369
7 2.038015 5175 70 15767 2375944
7 2.039015 5107 75 15123 2466390
7 2.040015 5177 61 15322 2454264
7 2.041016 5363 77 15901 2478687
7 2.042016 5307 75 15697 2519797
7 2.043014 5297 78 15653 2514873
7 2.044015 5147 70 15680 2515991
7 2.045014 4599 61 14322 2225305
7 2.046014 5137 57 15410 2525552
7 2.047015 5181 61 15890 2524568
7 2.048015 5156 57 15780 2517643
7 2.049015 5242 60 15910 2529303
7 2.050014 5240 71 15950 2518982
7 2.051015 5350 67 16032 2525436
7 2.052014 5222 60 15822 2521427
7 2.053016 5101 49 15628 2529948
7 2.054015 5217 70 15165 2526144
7 2.055015 5200 57 15753 2525419
7 2.056015 5214 58 15747 2523457
7 2.057014 5257 40 15939 2518617
7 2.058015 5140 52 15965 2512139
7 2.059014 5226 68 16296 2516651
7 2.060016 5320 64 15617 2530127
7 2.061016 5241 63 15627 2527782
7 2.062016 5344 63 16254 2521390
7 2.063014 5257 65 15650 2511205
7 2.064015 5188 54 15564 2524937
7 2.065014 5109 62 15626 2526072
7 2.066014 5296 68 15724 2522462
7 2.067016 5255 59 15852 2524169
7 2.068013 5194 61 15512 2517454
7 2.069014 5208 60 15489 2524422
7 2.070015 5237 58 15801 2529498
7 2.071014 5198 64 15734 2520136
7 2.072015 5300 56 15905 2526159
7 2.073015 5267 60 15871 2527462
7 2.074016 5216 54 15586 2524816
7 2.075015 5257 63 16451 2515379
7 2.076015 5182 55 15843 2525967
7 2.077016 5229 65 16248 2529214
7 2.078016 5174 60 15321 2525772
7 2.079014 5268 80 15632 2512469
7 2.080014 5206 53 15486 2455126
7 2.081015 5136 60 15461 2472497
7 2.082015 5268 69 15983 2516584
7 2.083015 5261 61 16076 2518071
7 2.084016 5243 67 15822 2534756
7 2.085015 5207 56 15278 2521015
7 2.086015 5292 66 16057 2529176
7 2.087015 5190 64 15311 2363882
7 2.088015 5198 56 15706 2422613
7 2.089016 5328 65 15949 2526570
7 2.090015 5167 54 15873 2442742
7 2.091014 5293 75 15590 2488703
7 2.092014 5226 57 16247 2520738
7 2.093014 5190 54 15404 2529042
7 2.094015 5169 58 15623 2470467
7 2.095015 5339 59 16140 2475565
7 2.096016 5358 73 16015 2524809
7 2.097015 5187 69 15638 2517225
7 2.098016 5107 46 15704 2528072
7 2.099014 5149 64 15298 2516002
7 2.100015 5209 55 15629 2527018
7 2.101013 5270 60 16114 2516610
7 2.102016 5116 57 15415 2526438
7 2.103015 5210 59 15697 2521375
7 2.104015 5175 68 15236 2522372
7 2.105015 5221 63 16163 2531721
7 2.106016 5121 55 15794 2531113
7 2.107014 5272 66 15466 2512962
7 2.108014 5232 62 15601 2525239
7 2.109017 5299 76 15996 2538133
7 2.110014 5194 50 15885 2512431
7 2.111015 5234 63 15392 2521446
7 2.112015 5272 62 16211 2524429
7 2.113015 5263 58 15063 2388986
7 2.114016 5315 58 15760 2449193
7 2.115015 5263 80 15729 2436351
7 2.116015 5205 66 15340 2482279
7 2.117015 5158 74 15576 2446342
7 2.118016 5220 56 15740 2485431
7 2.119015 5263 49 16108 2520306
7 2.120015 5206 50 15600 2523631
7 2.121015 5195 70 15615 2533381
7 2.122017 5194 60 15784 2526482
7 2.123015 5304 70 15741 2526499
7 2.124014 5163 55 15358 2519900
7 2.125015 5316 69 15572 2518658
7 2.126015 5356 68 16079 2526884
7 2.127014 5289 64 15840 2512885
7 2.128015 5227 64 15956 2522206
7 2.129014 5201 64 15740 2524365
7 2.130017 5105 52 16011 2603250
7 2.131015 5270 64 15864 2620932
7 2.132015 5144 49 15874 2627876
7 2.133015 5321 64 16221 2626856
7 2.134016 5401 62 15752 2628723
7 2.135014 5178 59 15628 2468857
7 2.136015 5278 81 15954 2478523
7 2.137016 5102 62 15836 2593738
7 2.138014 5211 67 15749 2623470
7 2.139015 5195 70 15702 2536439
7 2.140015 5365 68 15855 2455300
7 2.141016 5286 69 15588 2503297
7 2.142015 5307 57 15918 2520786
7 2.143015 5252 69 15590 2583767
7 2.144014 5174 61 16052 2618279
7 2.145013 4728 61 14116 2325366
7 2.146016 5325 70 16171 2558194
7 2.147014 5087 65 15509 2593608
7 2.148015 5127 64 15345 2620289
7 2.149014 5115 66 15276 2548404
7 2.150014 5055 48 15266 2517466
7 2.151015 4819 49 14469 2402468
7 2.152015 4969 59 15012 2580740
7 2.153014 5131 60 15650 2563175
7 2.154015 5003 55 14947 2526509
7 2.155015 5130 43 15509 2510292
7 2.156015 5081 42 15012 2518991
7 2.157015 5094 55 15431 2516977
7 2.158013 5107 44 15412 2567279
7 2.159015 5049 50 15902 2623948
7 2.160014 5009 66 15072 2626544
7 2.161014 5385 62 16364 2621347
7 2.162014 5159 52 15713 2562896
7 2.163013 5036 65 15409 2371389
7 2.164014 5124 77 15024 2386715
7 2.165015 5137 65 15662 2432950
7 2.166015 5235 68 15800 2487908
7 2.167013 5253 59 15665 2519496
7 2.168015 5133 52 15574 2465822
7 2.169015 5317 69 15742 2500408
7 2.170015 5169 49 15244 2520861
7 2.171015 5034 88 15220 2522115
7 2.172016 5199 56 15749 2522098
7 2.173013 5079 51 14842 2525675
7 2.174015 5203 76 15807 2463124
7 2.175015 5343 90 16181 2567522
7 2.176014 5196 59 15233 2623192
7 2.177015 5179 53 15241 2506770
7 2.178015 5140 64 15363 2504955
7 2.179013 5276 63 15397 2515524
7 2.180014 5118 64 15347 2526377
7 2.181015 5117 71 15587 2522983
7 2.182015 5160 69 15351 2585281
7 2.183013 5168 57 15626 2605981
7 2.184015 5153 81 15746 2548834
7 2.185014 5095 56 15406 2520027
7 2.186014 5225 71 15764 2525165
7 2.187014 5183 55 15225 2521079
7 2.188016 5204 45 16599 2570625
7 2.189014 5107 33 16429 2626672
7 2.190015 5164 44 16627 2632285
7 2.191014 5219 34 16650 2586326
7 2.192015 5253 51 16970 2578034
7 2.193014 5080 38 16653 2630166
7 2.194014 5171 20 16493 2627231
7 2.195016 5169 32 16319 2624062
7 2.196014 5203 39 17359 2616157
7 2.197016 5111 26 16414 2629251
7 2.198015 5108 34 16336 2623914
7 2.199015 5313 41 16919 2616587
7 2.200015 5187 43 16688 2627472
7 2.201015 5041 41 16445 2632249
7 2.202014 5118 43 16692 2624452
7 2.203016 5146 42 16606 2635699
7 2.204015 4975 55 16242 2521762
7 2.205013 5036 84 15445 2483852
7 2.206014 4952 83 16245 2489450
7 2.207013 5029 97 15761 2464415
7 2.208014 4979 64 16133 2551157
7 2.209014 4769 87 15532 2479565
7 2.210013 4935 54 16125 2521240
7 2.211015 4946 81 15487 2469351
7 2.212014 5057 83 16807 2519402
7 2.213014 5074 72 16144 2530995
7 2.214013 4975 57 16132 2507681
7 2.215015 4966 68 16161 2518130
7 2.216015 4959 76 15989 2469479
7 2.217013 5070 61 16318 2562449
7 2.218014 4963 82 16056 2502567
7 2.219014 4894 73 15552 2504019
7 2.220014 4916 58 16066 2521141
7 2.221015 4912 54 16530 2524261
7 2.222013 5054 65 16353 2537586
7 2.223014 4997 81 15489 2502123
7 2.224014 4963 73 16095 2523118
7 2.225013 5012 58 16053 2532209
7 2.226015 4954 33 16194 2570474
7 2.227014 4958 46 15416 2541046
7 2.228013 4795 63 15862 2435741
7 2.229014 5025 60 15690 2561664
7 2.230013 5008 70 15973 2521641
7 2.231013 5036 48 16055 2497621
7 2.232013 4892 40 16359 2544410
7 2.233014 5051 40 15925 2546746
7 2.234015 4841 37 16057 2518479
7 2.235013 4883 56 15549 2463915
7 2.236013 5007 69 16193 2516825
7 2.237014 5077 58 16015 2565436
7 2.238013 5046 96 16332 2511806
7 2.239013 5112 59 16630 2508412
7 2.240013 5006 81 16295 2499057
7 2.241013 4922 67 15722 2504368
7 2.242014 5120 79 16376 2518016
7 2.243013 4968 76 16514 2482613
7 2.244014 5031 73 16221 2495080
7 2.245013 4744 73 15107 2384424
7 2.246014 4541 48 14774 2369254
7 2.247013 5212 62 17060 2558146
7 2.248014 5244 33 17147 2604142
7 2.249014 5114 77 16578 2505607
7 2.250013 5091 62 16938 2551207
7 2.251013 5191 66 16455 2561598
7 2.252013 4900 75 15781 2492082
7 2.253016 5010 79 16898 2523892
7 2.254014 4903 75 15787 2493081
7 2.255020 4977 87 16218 2493741
7 2.256015 4990 67 16168 2507894
7 2.257014 4872 77 16366 2484498
7 2.258014 5174 65 17075 2560139
7 2.259014 4988 63 16356 2513185
7 2.260015 5039 74 16623 2541471
7 2.261014 5256 58 17208 2564793
7 2.262013 5222 52 16670 2576524
7 2.263015 5001 72 15967 2495639
7 2.264014 4974 95 15878 2502676
7 2.265014 5195 48 17032 2577582
7 2.266016 5441 35 17496 2612299
7 2.267013 5519 42 17779 2604112
7 2.268013 5501 44 18088 2634890
7 2.269013 5606 33 17220 2619797
7 2.270014 5626 42 18173 2629363
7 2.271014 5102 58 16720 2555102
7 2.272014 5489 33 17763 2614576
7 2.273014 5462 51 17391 2586566
7 2.274013 5570 39 17420 2627499
7 2.275014 5633 48 17489 2610325
7 2.276013 5646 43 17690 2509979
7 2.277012 5376 55 16864 2511236
7 2.278014 5497 42 17518 2636184
7 2.279014 5647 38 17584 2615681
7 2.280013 5659 34 17925 2624809
7 2.281011 5419 44 17766 2602581
7 2.282013 5675 46 17714 2632712
7 2.283013 5337 52 17057 2581958
7 2.284013 5550 29 17928 2629537
